n
50
c
-25.84393209750475 -10.239444543375262 -186.45114520210825 199.93118893636654 13.335698670166778 174.82908450551002 -187.12862548729174 -196.66146510325046 -25.583034342074363 -19.937841174002454 -4.884911785927836 161.56334170828708 152.26778540859425 -8.952886983357871 1.1866926087780971 7.365556091325081 202.72322456981684 127.29061812192145 196.7147581179826 -200.39448526820595 -4.522646118813208 30.72421751887389 -180.97905141500894 137.06115632187883 159.43216885837975 -154.22993548054666 -9.372428396657543 166.57010010701353 -21.469879670142916 -173.59325023958365 165.44940523949563 -20.616115394374734 -190.34937736125704 -191.98695122520567 200.44132524016686 -168.823055793996 -160.25463112177871 -187.31823711922345 -137.8224607387585 -30.140530612542086 -156.29128329271865 -18.431316618706894 -183.0076493692477 -183.11952549441048 187.47685442718497 -167.68591997226625 -132.25081232503356 -12.072106184518509 141.16559427076348 -23.656401634072413
Q
5.4851767238620655,0.19956755911319446,5.022685272004566,-0.9429587519918169,-0.35234134431333824,-1.622749206799153,6.7059560636477755,5.792326085012611,0.1252370533983334,1.2049415504913514,0.3161051330769779,1.6427266072723916,-0.318795073322489,-0.05603821608094728,0.7081668713606677,0.38617001980104665,-2.6389319377728375,7.645811278821201,-4.829103666733471,7.469752229562081,-0.18423996998392256,0.346621606403165,-0.5509096529148829,-5.298252619299648,-7.605671889207459,5.734871390829019,0.024820300792837813,-3.860005444013311,-0.42170545974299967,4.006729758120436,-3.0264189849960923,0.5698752171860813,-9.159215295491299,3.3919176259135537,0.36352065273103684,1.3083080706726782,0.042087784937187345,2.004616264805815,-1.391228383748801,0.21367814865510948,0.7397619048303725,-0.03231686405760581,-8.920771903113438,1.1564393528232777,-6.769584584453517,-1.9534532388210344,0.6631277064078822,0.5076546987163961,-0.5487296203252331,0.8201961646935745
0.1995675591131938,5.787385051954295,-2.514755835242792,1.1837864216372946,0.5789424401462614,-5.0828505163823605,-5.962080782302834,-2.084170020742307,0.011642615156829295,-0.38101359760013065,0.04173132363519924,-1.8922399335782136,4.232701565388507,-0.18002124043739287,-0.3342234264461541,-0.36322929157632944,-3.9713833435167514,-4.844237772669946,5.667282510526622,-1.3927730876658972,-0.2923967618107812,-0.5214988269420598,0.7088200207893587,1.9210166257911685,-5.986136173310566,-10.376748395258433,-0.1417706300271705,-2.1786705772033006,-0.6279705786861067,3.027909786859124,-3.0886665280178582,0.3787291143406103,1.2552640576760856,-4.668384096927688,0.2718346162676579,-5.344624384612033,7.546352682566296,4.3147563197839425,8.297582629556636,0.017312526444093757,2.3470578988194664,-0.5000633531569387,7.097959969247107,6.506018575420013,2.5814203761896577,-1.2155437122199655,1.5722762099507122,0.3303140082695295,-5.1186538216457125,0.15720537378956956
5.022685272004566,-2.5147558352427923,7.098173689131081,1.765714911901483,4.319638494610485,14.344929180315948,-9.64896274562754,-3.211993110559265,-2.0613478761378596,-2.1895010635185033,-7.096359273458034,4.714101635821265,0.7364349716132235,-7.17874962505523,6.703976219987864,-2.842564143835916,0.8211493061100068,11.675725648533888,-4.8681605317879875,-0.2540127493063521,-6.980731615290553,3.414234407149354,1.2543858734212434,10.758184712405486,11.161539749627718,-10.808723643153009,3.0005981270937996,7.199608032198341,0.27197727056121135,2.160345955741563,14.606448815761242,1.1713482772739456,-2.0376295964469286,-2.605159792216906,2.4724051365951834,-5.689471654674394,6.862400025978324,-1.6649536580135222,-7.900842578597538,-0.5481163701084675,-11.565047325762238,-0.3590076695881611,-6.484944167484895,-8.591103243968305,9.090481870280257,1.2531918819311392,-13.102516810322264,-1.372730651464936,-3.37373386085323,8.58916063908158
-0.9429587519918171,1.1837864216372944,1.7657149119014823,-6.5190664290004925,1.151836453920466,-7.418077253146802,1.6505950245819405,1.0362611486939053,-4.675961838179196,-4.244490614473473,9.430802058763652,-6.68732831621101,-4.029151095865438,-3.7855948161727713,2.025342746629974,-3.9562147090440423,-4.203979550867024,-3.1529374134173116,-1.1648464249712882,-4.783531742221114,1.2538396205915217,5.101474302341498,8.810330498760885,-6.361535296005245,-1.268478979939601,3.1905508376920872,2.692114040442881,-5.6272857369337865,-3.222882940548135,6.106890753225173,-2.116426949598463,-7.23300838764113,4.635223176287307,0.07853067006661799,-0.9733896387267141,2.817282910465279,7.327487535688725,-2.5651297154883665,9.165022628953242,8.350434961543112,-1.6297742620227071,2.799571591773746,-1.2995415215969692,-0.373663807326611,-3.3686315713325223,5.2902223827333374,6.569796737513173,-4.11204984787546,-13.209496512303978,-1.6777615946534525
-0.35234134431333886,0.5789424401462611,4.319638494610485,1.151836453920466,5.373609206883833,-1.6437610540312577,-7.517913381827881,2.1224065118215467,0.22766407621184903,-0.48951676572947234,-0.12521983035845655,2.1831347611958467,-4.85300665288371,-0.0685520314348928,0.39827655893747915,0.6473071030135775,-0.24897134503860646,-8.076550593763336,-0.12214260986552405,-3.177172747401999,0.5217073239566721,-0.28199016205746785,-3.9548812434285776,3.2107798112664603,-1.717078076103789,-0.02561217096084789,0.018095975020982147,-0.9270023678801307,0.07214089755745297,-7.731869784071394,-2.2631874777293732,0.5400476150332241,2.624248413486976,0.9363247793115979,-0.09858542661170588,-3.8882170659867494,-6.100218700197685,-2.541295935577276,-1.1057162116263262,-0.41239488749732844,3.9444571199595053,0.3330029544945431,1.4137575256731392,-0.049301376591129986,0.895885452947046,2.91682352048465,-0.8021061567821475,1.0233928903299545,8.94762679926906,0.23076195294275192
-1.6227492067991538,-5.082850516382359,14.344929180315948,-7.4180772531468016,-1.6437610540312582,-1.993908074858684,2.286314418477203,-2.0894956260157405,6.414165691519725,0.07996900453956424,-3.9164248786347953,4.700569822133485,-5.899881076584939,4.868677396853083,6.58234828465082,-3.4975302607061023,-3.109875173889051,-0.34944603310655564,-1.5025313741177,15.306672356912843,-3.4871459784788814,2.623673091980458,-5.147263901291154,-3.2156081715934435,-4.324378676645752,7.233323419919911,-2.8049134122645523,4.1872440255399095,-2.566739107994408,8.16603877198739,-2.196930141822605,-0.6235548599620543,8.798883521687248,11.102320349580673,-6.291464757236444,8.336926174328454,12.525340218610731,-1.1720744251525415,4.000933457572678,-0.4597597046147053,8.028040270238314,-1.9881173403168635,9.07026029542886,-2.6633494934695134,2.395759935493386,7.094059075485064,-1.298228516645727,-1.379033665592881,-6.995330638489628,-0.16810625777809016
6.7059560636477755,-5.962080782302835,-9.64896274562754,1.6505950245819392,-7.517913381827882,2.286314418477202,0.7274504830814035,2.147675328989867,4.511379715279532,7.691482344951491,-0.569163944213449,-1.151927091663141,3.3116787830299623,3.8445357416613595,-0.5264859340592838,4.839527097259751,-3.6145416368623953,6.995625540520551,11.157566466804818,-3.214103831169588,-0.24447238442019548,-6.3202839965479685,-1.9766090869194484,9.4597922550488,4.508491061588863,-4.708384581634356,7.665345666636316,2.1349917217581136,1.5128593927482656,-8.63565787924637,0.1050716614044549,3.4426170273001513,-6.887708500124869,-12.776372548401433,10.224585446045204,2.221109707906055,-4.604051093507697,-2.0507742772012936,-6.246376342325337,0.23447121001113214,-8.681118170957717,0.6448318088545528,4.581008495575612,-13.335434851731481,3.1903550723857994,-5.952619560500143,-7.718262178577713,-1.5036492183583672,2.602925367013927,-3.2088894546250466
5.792326085012612,-2.084170020742307,-3.2119931105592667,1.0362611486939048,2.122406511821547,-2.0894956260157405,2.147675328989867,-6.579671022116477,6.499033480002509,-6.542265037392861,0.3918600649748858,5.825410636678295,-1.5566245792483404,-2.686920935948841,-3.3010769521364383,3.6109666108201743,0.5884518660389879,-8.08790346889267,5.4213427528310305,-2.1369509912643525,-2.0618446206267755,-0.24151447001742332,-1.1880104736245007,18.92856112603214,10.014283847990187,-8.816773826342438,-2.965121104027848,11.603240355812893,2.797934498672065,-8.59755440329828,6.024780139787158,-3.149215510046904,-0.4483936279397974,3.6942494141413604,1.3899311453761887,0.6796460847640502,-8.854372542179552,2.295793724239555,-3.8759351258630486,0.18661140020940714,-5.82444264717514,3.639668755212125,-2.304111625150168,-0.32369451942913413,5.549137498784504,-15.608331672051031,-8.387287688032421,-1.2441987019525564,13.677163116565806,3.5314835530570976
0.1252370533983329,0.011642615156830072,-2.0613478761378583,-4.6759618381791945,0.22766407621184948,6.414165691519726,4.511379715279532,6.499033480002509,5.86393667175258,0.061863995265299954,0.0642132261422047,1.4746266200517226,-7.2483195632898445,0.3951556391215362,0.43860501612626535,0.039185405381378935,0.8827540362282587,6.039991725201197,1.6687991671188966,0.7093118827989733,-0.025093382940949427,-0.2733747978578312,-1.796613152362946,1.8283076065924893,5.461742407258796,2.2176666257462307,0.211456288314808,-8.180536131568736,1.0055896049456383,-2.6190943055047384,2.8392526033971714,0.6074116955222162,1.8228320302161372,3.746291548335777,4.450144164404189,5.400825909006977,6.8326537128613225,4.305291387710105,3.139942585119048,0.6216485317070546,-0.9654302093967444,-0.33922544193916,4.429229401100753,-7.111852723843127,-0.058464141427538974,-8.457331836654703,-1.9652900277149432,0.21184390353904115,-7.370778437080874,-0.2716097592831374
1.2049415504913505,-0.38101359760013165,-2.189501063518504,-4.244490614473473,-0.48951676572947295,0.07996900453956496,7.691482344951491,-6.54226503739286,0.06186399526530051,5.924670407706041,-0.5653179572515874,-5.568847496862736,-2.621834306161425,-0.6092443755311435,0.16538592469638558,-0.6275262867694061,5.222496224704205,8.20178668422342,-2.1902980509305108,-7.181626097792127,-0.31181948758816735,-0.1741347969744132,0.3481802691133247,5.52052078617307,-2.8768936370469755,6.305262492311288,0.0929558395457724,5.956856499902457,0.6798128668529967,-0.18167110890665694,-3.085518225150693,0.503945507567537,4.026446851418413,1.47534919172789,-0.834655706834744,0.2892807015822001,2.9740211036264412,-5.817849133597781,3.0996328854876043,-0.12559824289550248,-2.961334049950475,0.6119582060743858,5.539207740961917,1.732338852005106,0.0832639703224392,1.6006397714792426,7.2243933913141145,-0.5094683449835768,-3.155689224250792,-0.27484405805324047
0.31610513307697913,0.041731323635199435,-7.0963592734580345,9.430802058763652,-0.1252198303584569,-3.9164248786347944,-0.5691639442134485,0.3918600649748861,0.06421322614220343,-0.5653179572515903,5.328164852980421,-4.080310568464203,1.764589736130349,0.5810491978238186,-0.794677401354695,-0.5836028768143101,-3.1184197952221195,-2.2760247778636997,-1.6795433599918224,0.6601335527318133,0.0071740100819860375,-0.03608578810254537,-3.456870888594562,-2.4934812771672004,-4.139639568452493,-2.7397768798370645,0.16193819020859923,-0.7036024773108611,-0.6599503157795497,1.658447752318835,0.48399187035903846,0.4479725691338178,1.4789155365878677,3.299616931694654,0.4306566197758185,3.456182805476458,-3.2104946208362493,6.024250514041838,-0.19709199984692005,-0.054797662881672426,-1.2332742088583437,-0.405876822115371,0.9454455309367473,-3.499779839191536,-4.743833387372894,5.614244140142896,4.075135832470471,0.6003396465055312,-2.6372395170598364,0.052248213619187855
1.6427266072723905,-1.8922399335782136,4.714101635821264,-6.687328316211009,2.183134761195847,4.700569822133486,-1.1519270916631408,5.825410636678293,1.4746266200517233,-5.568847496862736,-4.080310568464202,9.770767304601554,4.755671632558677,2.7122628901344568,2.328678663268505,2.571694775752788,1.9983256260408624,2.3438028533479542,-7.696262284292063,1.5753482105477006,-3.6294171902580015,0.8327634184499888,-0.8824430349993059,-1.977619923938861,-7.10475904974638,3.0011379545032066,4.904687951858878,-16.33720410311763,0.0889446387043783,4.820451308244189,-4.43355033330052,7.729664378400242,3.900173396961673,9.957416355015138,-12.063695070782696,10.264501686228988,6.229686274448871,0.8309570286890814,1.5962328214849866,7.837101184791951,7.078632634877688,-1.2712035096398926,4.605193523346054,0.6846513089417217,-2.9671551858718557,18.36892287688808,-7.685984466987023,1.5588245082292564,-3.40124862972338,0.30795528875162237
-0.31879507332248874,4.232701565388507,0.7364349716132232,-4.029151095865438,-4.8530066528837095,-5.899881076584938,3.3116787830299623,-1.556624579248341,-7.2483195632898445,-2.6218343061614258,1.764589736130347,4.755671632558676,-6.896291477425216,1.765044615636055,-2.4197703547942235,-0.9512032583204344,-1.690959341744381,-6.304843768795522,-0.7694419952050712,9.370715134718202,0.08055272306527361,1.5153175016839993,7.66375420939563,-4.926345511205476,-4.098267575779156,6.433130002295033,-0.7252143734822771,-9.048625033259857,1.7163339768563217,0.7145093728613259,-0.24054495053439662,-6.953351969359413,5.839705462392076,2.1119240522489786,-12.025186043522508,12.180894580059238,7.194491443090422,4.380574848735987,5.040563237924498,1.1101347026545478,9.279509257878765,2.044749403971851,-1.2162084301353087,11.706960545145373,2.6105419668157426,14.002369675750856,14.716747776022103,9.3507205672754,-2.082234169714443,-8.660753491233931
-0.05603821608094872,-0.18002124043739576,-7.178749625055229,-3.785594816172771,-0.0685520314348923,4.868677396853084,3.8445357416613586,-2.686920935948839,0.39515563912153606,-0.6092443755311443,0.5810491978238186,2.7122628901344563,1.7650446156360546,5.59206234302928,0.3343598318923071,0.31147242622435156,0.2501060298306734,5.039965840761596,-0.6431913906249555,-7.813057875217272,-0.29895255854525543,-0.4329550179417168,9.258174690836816,5.904083413757069,8.605437849082852,-4.264825252149112,-0.03393300895813711,0.8058174437868737,-0.6821930301365351,0.5376757778387417,0.48137275200882157,-0.12947375987058474,0.7024065772651911,-0.1658788204841003,3.9872204222270398,0.03994325986336933,-3.2447271703923537,7.4124911484733085,4.801525499308953,-0.1265648292155773,7.619344583591607,0.5953204249565978,-4.928799951828473,2.084464600768767,-5.034469005035984,-5.476591976377153,8.925920985925552,-0.36327054455325714,1.4139766878374125,-0.14498765203357
0.7081668713606666,-0.33422342644615444,6.703976219987865,2.025342746629974,0.39827655893747915,6.58234828465082,-0.5264859340592833,-3.3010769521364387,0.4386050161262651,0.16538592469638536,-0.7946774013546939,2.328678663268504,-2.419770354794224,0.33435983189230695,5.8414054186778,-0.8916119058707537,0.13158393453031791,-5.737222663260136,2.451657332392661,2.5896614298250498,-0.12737788819838236,0.11804340809535774,-5.100681640543234,0.378333896810531,-9.851703689975995,-8.672139032084848,-0.4954012907712438,-3.769374469508344,-0.048858211023846465,0.19981552958912846,-0.08497901294260701,-0.34004441623417425,-1.4097728834102266,-5.874939368604466,2.2035239038534487,-4.3478854530217586,2.6141710732391523,0.2532241491703142,9.548364136171841,-0.7186896106890142,0.05503088633147568,-0.9707246572978989,3.121724059063248,3.4168866831670224,-2.158322052749385,-1.7296008523261228,-2.704415353486201,0.004704140909124521,7.266382534825332,0.8765601248734642
0.38617001980104654,-0.36322929157633044,-2.842564143835913,-3.9562147090440423,0.6473071030135774,-3.4975302607061027,4.83952709725975,3.6109666108201743,0.03918540538137756,-0.6275262867694058,-0.5836028768143097,2.5716947757527877,-0.9512032583204356,0.31147242622435045,-0.891611905870753,6.067489783005884,-4.711441145240911,-4.3385552529967875,9.533757173702181,-7.880276354467049,0.265681029063903,0.2894596751498072,1.3939217711473129,1.96828052624334,-3.795315824210649,-9.842465895823635,0.3045742001310188,2.3581403041162687,-0.5799038505084764,10.280901823582298,0.5493268384500536,-0.546074167301809,0.3520853201194065,6.304830075540007,-3.9282314071204723,-1.9248252638912424,1.8347695277393588,-0.8253757413895129,-7.296339812702469,-0.22681330381132464,-7.999300067229276,0.1800481244345531,-9.090048636064404,-3.38403503400081,0.02928445388285683,6.439290966177788,3.7648247826862753,-1.1290348548050742,5.058395110785678,0.6118558430215789
-2.638931937772837,-3.97138334351675,0.8211493061100072,-4.203979550867024,-0.24897134503860677,-3.1098751738890513,-3.6145416368623957,0.5884518660389884,0.882754036228258,5.222496224704203,-3.1184197952221187,1.9983256260408622,-1.6909593417443813,0.250106029830674,0.13158393453031714,-4.711441145240911,-8.14800103142099,-10.360578037806013,-4.751531607648823,8.942436593717355,-8.009504667782522,4.67828087821044,4.700954865599015,3.040647896485023,-13.955688517341512,16.106901515671435,1.8088790704068278,-17.042797112884514,1.024480545281774,11.684569216906795,-4.907042507120933,0.7471256767962001,-4.09249925790264,8.016210300152846,-14.345913832558638,12.017106164953505,0.654373722295073,8.738431604757723,4.1288240978725215,-2.5954566757823994,-0.14291052859495756,-0.11659562532480261,1.9549162921870455,7.565905597013147,-6.79232118683198,4.656568465355575,0.8761024724555131,1.2911542544340606,-9.589468678005444,1.801069882565273
7.645811278821201,-4.8442377726699455,11.675725648533886,-3.1529374134173116,-8.076550593763336,-0.34944603310655625,6.995625540520551,-8.08790346889267,6.039991725201197,8.20178668422342,-2.2760247778637,2.3438028533479534,-6.304843768795523,5.039965840761596,-5.737222663260137,-4.3385552529967875,-10.360578037806011,-0.39606419122018455,-17.055410353673302,-4.190475036552729,4.522387848097749,2.9810967832633017,1.1095377244149216,-2.3488860262379916,-3.6908156735918283,12.630588959337748,6.359697601300713,1.9969184517329057,2.8772493535360413,0.146538088719132,-4.090170212133777,4.818212800184679,2.0725310361283995,7.84536602869115,6.914709866084321,7.307314877293545,9.735361998328296,2.9070967168322537,2.6178448297654144,-0.12401478148883932,8.708330558436948,-7.0263645793549125,8.421201788540595,9.40631652090551,-5.903530491622974,11.867945510318917,0.9806342021553036,6.6105622433633275,-7.730805261782507,3.8970906978316684
-4.829103666733472,5.667282510526623,-4.868160531787988,-1.1648464249712882,-0.12214260986552405,-1.5025313741176998,11.157566466804818,5.421342752831032,1.6687991671188958,-2.1902980509305108,-1.6795433599918224,-7.696262284292061,-0.7694419952050706,-0.6431913906249556,2.451657332392662,9.533757173702181,-4.751531607648823,-17.055410353673302,-2.932215788707455,-1.9980902729310597,1.454681383578672,-8.851074596317133,2.473851760124817,-1.9709932556919059,-1.2366760945824653,5.054868821573952,-0.19890960923522227,-4.14991381113177,-0.05049518933402686,-3.1932165733443347,-1.3302176430184203,-0.18157005716135655,15.711626568314959,5.58579884900412,-15.160853756693832,-3.4684757736125853,-1.204667582840616,11.000357134721929,-0.28940020767833796,0.9881893123000002,7.371666563141569,-4.444221427614915,7.353166708588576,0.5328492066332212,-4.391985614904864,-4.469258078523643,1.607564606169848,0.15332653116497727,-7.10732734435977,8.819892817251812
7.469752229562083,-1.3927730876658975,-0.25401274930635265,-4.783531742221113,-3.177172747402001,15.306672356912841,-3.214103831169588,-2.136950991264353,0.7093118827989732,-7.181626097792129,0.6601335527318126,1.5753482105476997,9.3707151347182,-7.813057875217273,2.5896614298250507,-7.880276354467051,8.942436593717355,-4.190475036552729,-1.9980902729310595,3.553833199513525,3.329414126434868,-2.0137321601868305,-2.534459946462663,8.178354141824018,8.116580103192836,-4.217281049613094,7.963750859721964,12.331265461809599,-2.852398752287535,-1.635757206900083,5.3175711379589305,4.2567901364338185,-9.302670159865619,-1.7481508475659804,-0.09661410490744887,-5.318171781193264,3.9446943215715917,-14.423387086175058,-2.2098711030191382,4.903478011760641,1.0006268977758848,6.320679889404748,-12.132017072406157,-12.895780470371978,5.121979062461897,1.1349772032407717,0.6155544122933726,1.8944140363839337,10.105627943892879,1.7527707680331004
-0.18423996998392345,-0.292396761810782,-6.980731615290553,1.2538396205915219,0.5217073239566702,-3.4871459784788814,-0.24447238442019625,-2.0618446206267755,-0.02509338294094865,-0.3118194875881659,0.0071740100819852465,-3.6294171902580015,0.08055272306527371,-0.29895255854525504,-0.12737788819838208,0.26568102906390223,-8.009504667782522,4.522387848097749,1.4546813835786723,3.329414126434868,6.362655848006973,-0.04856495573770453,-0.7330630776637967,-3.4764481428723126,0.7385003963440084,3.351787792502141,-0.14870600672536693,6.265497394819794,-0.1120354598369715,3.2207135266200826,7.235441640864538,-0.3383044113779471,-1.000427462534807,-4.703442962787554,0.06911800726674855,-1.2697399559422518,8.632976488157626,-4.860022146853088,-4.648887493530034,-0.6145282576169084,-4.470716878904933,0.5723010034628438,2.4581625260652116,6.459606019397874,0.6256540779843582,7.02792068027235,-0.21284031118032307,-0.1852114846280628,-3.3962992889023154,-0.18805394377178375
0.34662160640316475,-0.5214988269420597,3.4142344071493524,5.101474302341497,-0.281990162057467,2.623673091980459,-6.320283996547967,-0.24151447001742263,-0.2733747978578307,-0.1741347969744127,-0.036085788102544675,0.8327634184499904,1.5153175016839993,-0.43295501794171587,0.1180434080953574,0.2894596751498054,4.67828087821044,2.981096783263302,-8.851074596317133,-2.0137321601868305,-0.04856495573770403,6.029183185330606,-4.8429372633972685,4.061353532440959,0.3130562402402326,-2.174630055317471,0.05229784406668414,-3.1819693033270275,-0.05751976346793075,-2.534345241367327,6.791824451371482,-0.24491425852192517,-3.7465979231967723,-6.192943491448476,4.981320069509104,-2.0246761271864404,-3.8471412286001474,2.8745534882479395,-2.47088206657872,0.1267988002632378,1.7999201055340226,0.25873286409527624,0.3141032086005835,-8.098323512656336,-8.710981581723622,0.06354373126050561,-0.3021172525614102,-0.24739910110415653,-2.730177770525155,0.3517380569328732
-0.5509096529148818,0.7088200207893578,1.2543858734212434,8.810330498760885,-3.954881243428577,-5.147263901291153,-1.976609086919447,-1.1880104736245005,-1.7966131523629456,0.348180269113326,-3.4568708885945614,-0.8824430349993053,7.66375420939563,9.258174690836814,-5.100681640543234,1.3939217711473142,4.700954865599014,1.1095377244149212,2.473851760124816,-2.534459946462662,-0.7330630776637957,-4.84293726339727,-8.602103225466564,3.7178368555166705,-2.177110191870169,-3.281552779003376,0.1719533315435584,-1.3269651012056416,4.399853823902308,-7.271678305627863,-0.30328541745209403,3.0174022857862193,-8.080628116122728,1.5936525738661451,5.22911418515447,-1.4261285341224537,-5.806443253599969,-0.4109612013512911,-4.719755404110919,0.842750820012304,-14.15608248011827,3.1029994567608243,-4.794166844642463,-3.8773022259573358,2.359039530992967,-13.542460005448614,-7.848811085948438,6.15631041947966,15.030032227626712,2.168738756663685
-5.298252619299648,1.9210166257911705,10.758184712405487,-6.361535296005245,3.21077981126646,-3.215608171593443,9.4597922550488,18.92856112603214,1.8283076065924897,5.520520786173071,-2.4934812771672012,-1.9776199239388588,-4.926345511205476,5.904083413757069,0.378333896810532,1.96828052624334,3.040647896485023,-2.3488860262379916,-1.970993255691907,8.178354141824018,-3.4764481428723126,4.061353532440958,3.7178368555166696,7.179680650522421,-8.052851354982575,14.184427561864736,-3.3495599184649762,-6.884531096829813,6.8838868302807095,2.984018334432836,-4.0735076743688925,9.890878415589103,9.074494024837932,15.071209718161523,-6.515736090823835,14.783049076886126,4.767877283745936,-0.6245855810956545,-0.8148128397303062,11.214064674634132,10.334248834263272,-1.5206789276799055,4.119417867170819,-4.705239930332965,-3.520773215718843,-4.049896474202201,-0.3841930739607027,8.172070508303095,-12.081625500275601,-3.3575779719872694
-7.605671889207459,-5.986136173310564,11.161539749627718,-1.2684789799396003,-1.717078076103789,-4.324378676645752,4.508491061588863,10.014283847990185,5.461742407258797,-2.876893637046975,-4.139639568452493,-7.10475904974638,-4.098267575779156,8.605437849082854,-9.851703689975995,-3.795315824210649,-13.955688517341512,-3.6908156735918274,-1.2366760945824649,8.116580103192838,0.7385003963440064,0.3130562402402324,-2.1771101918701685,-8.052851354982577,-8.594040422449163,-4.183055294626527,-0.17162738786316756,6.867992044279832,0.24576010085824018,11.15649173883297,2.07385663817163,2.8604788624651944,6.218240255960527,2.979119179845578,-4.6257582479448365,5.7160494612048,9.771375179920568,7.917557847527731,-2.0781959658559246,5.997154240730288,-4.8309452263259365,0.7701719793107462,4.432892118415726,3.1147565961376875,-4.399322194062689,9.388536919217056,3.2796250808283642,-4.050489373676314,2.0753308531299575,4.913883418229422
5.734871390829022,-10.376748395258433,-10.808723643153007,3.1905508376920855,-0.025612170960847003,7.233323419919911,-4.708384581634357,-8.816773826342438,2.2176666257462307,6.305262492311288,-2.739776879837064,3.0011379545032066,6.433130002295032,-4.264825252149112,-8.672139032084848,-9.842465895823636,16.106901515671435,12.630588959337748,5.054868821573951,-4.217281049613094,3.351787792502142,-2.1746300553174724,-3.281552779003377,14.184427561864737,-4.183055294626527,-9.024495689551385,5.302967628183411,6.769093411322582,-1.111700368663532,-3.6046082442169363,-7.881050314867198,1.6540440981224276,-8.553440019236863,-13.860518963787358,4.5031082551829495,-13.868041382551112,-8.492336018557497,4.337006445841112,-5.647084343353693,3.886985214877262,-0.5232916615570316,1.4114311319344695,-7.933178810520852,-5.373644322329849,13.413826744614406,3.4724466946772523,-2.0320512271172064,4.840528068606935,12.763368248955127,-5.063262262615061
0.024820300792837258,-0.14177063002717172,3.0005981270937996,2.692114040442881,0.018095975020982202,-2.8049134122645523,7.665345666636318,-2.9651211040278502,0.21145628831480773,0.09295583954577352,0.16193819020859931,4.904687951858879,-0.7252143734822765,-0.033933008958138,-0.49540129077124445,0.30457420013101766,1.8088790704068278,6.359697601300713,-0.19890960923522272,7.963750859721965,-0.1487060067253687,0.05229784406668522,0.17195333154355788,-3.3495599184649762,-0.1716273878631671,5.302967628183413,6.753587974178442,-3.3533826399798032,0.827933394580024,3.6844601242645383,4.341280695866345,-0.4379490247841882,-5.239354572532595,0.3810969776332596,6.256912317901374,-6.114070107934787,-1.7972029248058032,-3.930840113231443,-5.942748837669622,0.2559212505087223,-4.600107388111885,-0.2538059276059056,8.344511608655278,-0.7828737042107323,2.0305373163449936,-1.2659933222513593,1.264151956444361,0.7701574894305063,-2.7647590533175035,0.13863507400929573
-3.8600054440133116,-2.1786705772033006,7.199608032198341,-5.627285736933786,-0.9270023678801318,4.1872440255399095,2.1349917217581136,11.603240355812893,-8.180536131568736,5.956856499902459,-0.7036024773108606,-16.33720410311763,-9.048625033259857,0.8058174437868753,-3.769374469508344,2.358140304116268,-17.042797112884518,1.9969184517329053,-4.14991381113177,12.3312654618096,6.265497394819793,-3.1819693033270275,-1.3269651012056425,-6.884531096829814,6.867992044279832,6.769093411322582,-3.3533826399798037,-4.489445174270941,0.9283513519472766,15.645062260630526,-4.200135612098422,-7.564154557151472,7.254703088156707,3.2150189371482534,-10.430177529902819,9.244914332976638,15.960595428837697,-3.63365752231598,0.7581067951258015,-7.386516671494816,-0.3009890919928896,-5.671943561337137,9.420066110407614,3.9881358212249163,4.546337874576899,5.957620240558967,1.8578000984617669,-2.4822651822011017,-7.49181546318413,-4.597669597350254
-0.4217054597430008,-0.6279705786861083,0.27197727056120957,-3.222882940548135,0.07214089755745409,-2.566739107994409,1.5128593927482652,2.7979344986720665,1.0055896049456396,0.6798128668529948,-0.6599503157795464,0.08894463870437819,1.7163339768563222,-0.6821930301365335,-0.0488582110238458,-0.5799038505084761,1.0244805452817736,2.877249353536042,-0.05049518933402669,-2.852398752287535,-0.11203545983697172,-0.05751976346793053,4.3998538239023075,6.88388683028071,0.24576010085824085,-1.1117003686635312,0.827933394580024,0.9283513519472766,5.193703502190464,-5.472912730164498,-8.055486987997291,-0.12473064478177875,-1.4231162510824136,-0.3114562909026973,-7.603436943053428,6.187187312832544,1.845400132613341,8.069770809431798,5.573455815550816,0.2055857927505262,0.7596922094546493,0.4755743229537759,-1.0735004505169183,2.0306209807221665,-4.602315386269492,-5.8723345608927735,0.7067342710801664,0.33449700695030904,-8.834985958974162,0.500566577167036
4.006729758120434,3.0279097868591243,2.1603459557415636,6.106890753225173,-7.731869784071394,8.166038771987388,-8.63565787924637,-8.59755440329828,-2.619094305504739,-0.1816711089066565,1.658447752318834,4.820451308244189,0.7145093728613267,0.5376757778387418,0.19981552958912774,10.2809018235823,11.684569216906795,0.1465380887191322,-3.1932165733443347,-1.6357572069000839,3.2207135266200844,-2.534345241367327,-7.271678305627862,2.984018334432836,11.15649173883297,-3.6046082442169354,3.6844601242645387,15.645062260630525,-5.472912730164499,-5.980865104601768,9.301494734219274,0.48974262149740144,-5.7764034660383,-3.586543818009872,13.196337616322362,5.196960212192407,-18.99622627435706,-6.313650037828031,-6.732637170906231,-0.8775926761621335,-1.962385075200923,0.49400512869936997,-10.531943002799698,-1.9560081127555382,2.253870110078307,0.47608986155628485,-10.996450244376847,-1.2155032952249751,7.1007578066687245,1.1449665176071655
-3.0264189849960914,-3.0886665280178582,14.606448815761242,-2.116426949598464,-2.263187477729373,-2.1969301418226026,0.10507166140445573,6.0247801397871585,2.839252603397171,-3.0855182251506936,0.4839918703590377,-4.43355033330052,-0.24054495053439728,0.4813727520088223,-0.08497901294260668,0.5493268384500538,-4.907042507120933,-4.090170212133776,-1.3302176430184207,5.31757113795893,7.235441640864539,6.791824451371481,-0.3032854174520937,-4.0735076743688925,2.0738566381716304,-7.881050314867197,4.341280695866345,-4.20013561209842,-8.055486987997291,9.301494734219274,5.820775147734377,-5.51782791814901,7.505347224057216,5.521285252760573,-7.234195449868093,1.6439781889621383,-1.6564841082498596,3.8437523712637915,3.109659585211506,2.7692568241030737,-2.67235335493385,-1.8584098225677024,2.740708537004848,-1.0970347164742145,3.4565343002838995,10.315845112936925,15.314375396665675,-7.902466928252825,-5.467354589498766,-0.6128470659461922
0.5698752171860815,0.3787291143406105,1.1713482772739465,-7.23300838764113,0.5400476150332227,-0.623554859962054,3.4426170273001513,-3.1492155100469037,0.6074116955222175,0.5039455075675383,0.4479725691338175,7.7296643784002415,-6.953351969359412,-0.12947375987058407,-0.3400444162341736,-0.5460741673018099,0.7471256767962018,4.8182128001846785,-0.18157005716135666,4.2567901364338185,-0.3383044113779483,-0.24491425852192567,3.0174022857862184,9.890878415589103,2.8604788624651944,1.654044098122427,-0.4379490247841873,-7.564154557151472,-0.12473064478177942,0.4897426214974009,-5.51782791814901,4.871620667241263,4.466108942783867,0.10502299686385347,-4.283489998138432,3.676060523228482,2.8491005397061433,6.066365682093328,-3.3158483987415073,0.304623100775103,6.746811549610656,-0.22514146284283432,0.40256462335025395,-8.070629236176492,-2.13662541082071,-1.364404300358136,-3.7692754157917694,-0.1704820528305856,-6.035707753591561,0.20213588893038908
-9.1592152954913,1.2552640576760858,-2.037629596446928,4.635223176287308,2.624248413486977,8.798883521687248,-6.8877085001248695,-0.44839362793979687,1.8228320302161363,4.026446851418413,1.4789155365878677,3.900173396961673,5.839705462392076,0.7024065772651917,-1.4097728834102266,0.35208532011940585,-4.092499257902639,2.0725310361283995,15.711626568314959,-9.302670159865619,-1.0004274625348077,-3.746597923196773,-8.08062811612273,9.07449402483793,6.218240255960527,-8.553440019236865,-5.239354572532594,7.254703088156707,-1.4231162510824134,-5.776403466038301,7.505347224057215,4.466108942783867,5.91367292077389,4.068000121728862,5.873438577455906,3.202860131714324,-2.5663060875824266,-7.437127239089836,1.5370859532916508,5.801326638462222,-3.879188152004833,-2.1809048891569365,-14.310993321514086,0.48354730665828827,8.296858300931591,-8.995970359052313,-10.255079617055207,2.087097612301203,1.261687915059095,6.186069103764218
3.391917625913554,-4.668384096927688,-2.605159792216908,0.07853067006661846,0.9363247793115979,11.10232034958067,-12.776372548401433,3.6942494141413587,3.746291548335777,1.4753491917278896,3.299616931694654,9.95741635501514,2.1119240522489786,-0.1658788204841002,-5.8749393686044655,6.304830075540005,8.016210300152848,7.845366028691152,5.58579884900412,-1.7481508475659813,-4.703442962787554,-6.192943491448476,1.5936525738661464,15.071209718161521,2.9791191798455783,-13.860518963787356,0.3810969776332596,3.2150189371482534,-0.3114562909026978,-3.586543818009872,5.521285252760573,0.10502299686385368,4.06800012172886,-6.027054652235961,5.885132391322378,7.019917854532114,3.947464242603373,2.073790694316012,-6.81595142184419,6.020203822367341,1.8520732911708189,-7.666424044359127,-3.7692822929971497,-2.2773971111304316,0.7617400182100694,-3.6339915008014043,-2.13096784949682,1.0229581917851904,6.5735047535438795,-1.0456831651896676
0.36352065273103756,0.2718346162676586,2.4724051365951842,-0.9733896387267147,-0.09858542661170636,-6.291464757236444,10.224585446045204,1.3899311453761887,4.45014416440419,-0.8346557068347433,0.43065661977581726,-12.063695070782694,-12.025186043522508,3.9872204222270407,2.2035239038534495,-3.928231407120472,-14.345913832558638,6.914709866084321,-15.16085375669383,-0.09661410490744926,0.06911800726674633,4.981320069509104,5.22911418515447,-6.515736090823835,-4.625758247944836,4.503108255182949,6.256912317901373,-10.430177529902819,-7.6034369430534285,13.196337616322362,-7.234195449868092,-4.28348999813843,5.873438577455906,5.885132391322378,11.348952839048167,2.315011946743234,0.904747678664776,6.569169736711249,3.1690880129228174,-2.3646101637562373,4.323481174904313,0.6736046750336311,6.105168958777613,13.032514507456067,-12.394073694380559,7.270615962492611,2.3614295465028032,8.458153064293443,-7.477806854541431,-5.947139820265662
1.308308070672679,-5.344624384612033,-5.689471654674393,2.8172829104652797,-3.8882170659867494,8.336926174328454,2.2211097079060553,0.6796460847640504,5.400825909006977,0.2892807015821999,3.456182805476459,10.264501686228988,12.180894580059242,0.03994325986336911,-4.347885453021758,-1.9248252638912422,12.017106164953505,7.307314877293544,-3.4684757736125853,-5.318171781193264,-1.2697399559422515,-2.0246761271864404,-1.4261285341224532,14.783049076886126,5.716049461204799,-13.868041382551112,-6.114070107934787,9.244914332976638,6.187187312832544,5.196960212192406,1.6439781889621385,3.676060523228482,3.202860131714324,7.019917854532113,2.3150119467432346,7.367456250061381,3.760211771323813,-8.658710048717369,-6.479265485798483,1.1971386571548182,-0.44779878363061454,5.137623889177961,-9.758144436873536,1.702343195198079,-9.030519573710636,-9.136271320152973,-15.91199347388915,-1.6529833143325414,2.200815556708873,0.23102421282593588
0.04208778493718812,7.546352682566295,6.862400025978326,7.327487535688725,-6.100218700197684,12.525340218610731,-4.604051093507697,-8.854372542179552,6.832653712861323,2.9740211036264417,-3.2104946208362506,6.229686274448871,7.194491443090422,-3.244727170392354,2.6141710732391537,1.834769527739359,0.6543737222950728,9.735361998328296,-1.204667582840615,3.944694321571591,8.632976488157626,-3.8471412286001483,-5.806443253599968,4.767877283745937,9.771375179920568,-8.492336018557497,-1.7972029248058021,15.960595428837697,1.8454001326133407,-18.99622627435706,-1.65648410824986,2.8491005397061433,-2.5663060875824266,3.947464242603372,0.9047476786647763,3.760211771323813,-9.347907139712392,-0.22069346298350145,-6.872062642240323,1.3568337598656088,-11.812299345078529,6.525319930468827,-17.21836463632864,1.1879552669181173,3.5431246268599437,2.5889182817631466,-13.200449625007751,4.721514246745034,1.1557574676900448,-3.777807461776776
2.004616264805816,4.314756319783943,-1.6649536580135211,-2.565129715488367,-2.5412959355772764,-1.1720744251525406,-2.0507742772012936,2.2957937242395556,4.305291387710105,-5.81784913359778,6.024250514041839,0.8309570286890806,4.380574848735984,7.412491148473309,0.25322414917031244,-0.8253757413895122,8.738431604757722,2.9070967168322537,11.000357134721929,-14.42338708617506,-4.860022146853087,2.8745534882479387,-0.41096120135129177,-0.6245855810956551,7.917557847527732,4.337006445841111,-3.930840113231443,-3.633657522315981,8.069770809431798,-6.313650037828032,3.843752371263791,6.066365682093329,-7.437127239089836,2.073790694316012,6.569169736711248,-8.65871004871737,-0.22069346298350134,-1.9342534482433518,-3.4423549988202464,1.0277653260292596,-8.596910172988505,-7.2716502521095,-5.702407676124057,-2.184363873614031,-1.1070237321296843,-3.4854600002240392,8.466091050404303,-3.6123739830430077,1.5948531653954294,3.4808306693220534
-1.3912283837488013,8.297582629556636,-7.900842578597537,9.165022628953242,-1.1057162116263255,4.00093345757268,-6.246376342325338,-3.875935125863049,3.139942585119048,3.0996328854876056,-0.19709199984692122,1.596232821484986,5.040563237924495,4.801525499308953,9.548364136171841,-7.296339812702469,4.128824097872522,2.6178448297654144,-0.28940020767833663,-2.2098711030191396,-4.648887493530034,-2.4708820665787194,-4.719755404110918,-0.8148128397303043,-2.078195965855925,-5.647084343353692,-5.942748837669621,0.7581067951258025,5.573455815550816,-6.732637170906232,3.1096595852115057,-3.3158483987415077,1.5370859532916508,-6.81595142184419,3.1690880129228174,-6.479265485798483,-6.872062642240323,-3.442354998820247,-4.646200628673101,6.49208634396438,-10.654940575500525,-1.1570198345064215,-4.57589791898011,7.648688370432624,3.5205852116098004,-4.652431713681182,-10.412853733395243,-0.383292120344743,3.2450216155657627,-5.432629130459698
0.21367814865511137,0.01731252644409521,-0.5481163701084671,8.350434961543112,-0.4123948874973268,-0.459759704614705,0.2344712100111317,0.18661140020940714,0.6216485317070554,-0.12559824289550287,-0.0547976628816723,7.83710118479195,1.1101347026545487,-0.12656482921557677,-0.7186896106890146,-0.22681330381132314,-2.5954566757823994,-0.12401478148883946,0.9881893123000005,4.903478011760641,-0.6145282576169062,0.12679880026323737,0.8427508200123048,11.214064674634132,5.99715424073029,3.886985214877262,0.25592125050872216,-7.386516671494816,0.20558579275052524,-0.8775926761621333,2.7692568241030746,0.30462310077510313,5.801326638462223,6.020203822367341,-2.364610163756236,1.1971386571548184,1.3568337598656095,1.02776532602926,6.492086343964379,5.633655611691655,-3.182515673207232,-0.7123336476319919,8.053248022124588,-4.58828429722426,-1.0029515077203799,-2.631592507283539,-1.0363892563112649,0.4045503872352087,-0.10921072610918858,0.18506554176095114
0.7397619048303707,2.3470578988194664,-11.565047325762238,-1.629774262022708,3.9444571199595053,8.028040270238314,-8.681118170957717,-5.824442647175141,-0.9654302093967447,-2.961334049950474,-1.2332742088583435,7.078632634877689,9.279509257878765,7.619344583591608,0.0550308863314759,-7.999300067229276,-0.1429105285949589,8.708330558436948,7.371666563141569,1.0006268977758845,-4.470716878904936,1.799920105534022,-14.15608248011827,10.334248834263272,-4.830945226325937,-0.5232916615570307,-4.600107388111886,-0.30098909199288826,0.7596922094546503,-1.962385075200923,-2.672353354933851,6.746811549610656,-3.8791881520048337,1.8520732911708186,4.323481174904314,-0.44779878363061454,-11.81229934507853,-8.596910172988505,-10.654940575500524,-3.182515673207232,5.903491632344048,8.45434945082106,0.4220627928290468,-7.531362323638595,1.9849076923261115,-2.7052499615534,4.1503901099534355,-5.746733416535908,5.502762847942423,1.8622450886199715
-0.032316864057607364,-0.5000633531569384,-0.359007669588161,2.7995715917737467,0.3330029544945433,-1.9881173403168637,0.6448318088545526,3.639668755212125,-0.33922544193916015,0.6119582060743851,-0.4058768221153721,-1.2712035096398924,2.04474940397185,0.5953204249565966,-0.9707246572978991,0.1800481244345531,-0.11659562532480283,-7.0263645793549125,-4.444221427614916,6.32067988940475,0.572301003462844,0.25873286409527585,3.1029994567608234,-1.5206789276799046,0.7701719793107458,1.4114311319344681,-0.2538059276059067,-5.671943561337137,0.47557432295377533,0.49400512869936963,-1.858409822567701,-0.22514146284283376,-2.1809048891569374,-7.666424044359128,0.6736046750336315,5.137623889177961,6.525319930468827,-7.2716502521095,-1.157019834506422,-0.7123336476319929,8.45434945082106,6.075347100737137,-0.8106358755940569,8.974183622014662,6.100288489699352,-5.784581946535641,-1.2688841690872126,0.009066715880074294,-3.312002733195826,0.282090352343054
-8.92077190311344,7.097959969247106,-6.484944167484892,-1.2995415215969688,1.4137575256731387,9.070260295428861,4.581008495575611,-2.3041116251501674,4.429229401100754,5.539207740961916,0.9454455309367478,4.6051935233460535,-1.2162084301353062,-4.928799951828474,3.1217240590632476,-9.090048636064404,1.9549162921870444,8.421201788540595,7.353166708588576,-12.132017072406157,2.4581625260652107,0.3141032086005845,-4.794166844642464,4.119417867170819,4.432892118415726,-7.933178810520853,8.344511608655278,9.420066110407612,-1.0735004505169174,-10.531943002799697,2.7407085370048474,0.40256462335025345,-14.310993321514086,-3.7692822929971497,6.105168958777614,-9.758144436873538,-17.21836463632864,-5.702407676124057,-4.575897918980109,8.053248022124588,0.42206279282904613,-0.8106358755940573,-3.5640950183270315,-5.4530767117590635,6.6716324879511255,-5.565376062865803,4.42005307937315,1.0363159172942293,5.64056352685199,5.055997688877015
1.1564393528232777,6.506018575420013,-8.591103243968304,-0.3736638073266102,-0.04930137659113061,-2.6633494934695134,-13.335434851731481,-0.3236945194291341,-7.1118527238431275,1.732338852005105,-3.499779839191536,0.6846513089417211,11.706960545145373,2.0844646007687686,3.416886683167023,-3.384035034000809,7.565905597013147,9.406316520905508,0.5328492066332211,-12.895780470371976,6.459606019397874,-8.098323512656334,-3.877302225957336,-4.705239930332965,3.1147565961376875,-5.37364432232985,-0.7828737042107332,3.9881358212249167,2.0306209807221656,-1.956008112755537,-1.097034716474214,-8.070629236176492,0.4835473066582886,-2.2773971111304316,13.032514507456067,1.70234319519808,1.1879552669181175,-2.184363873614031,7.648688370432623,-4.588284297224258,-7.531362323638595,8.974183622014658,-5.4530767117590635,4.948657060305697,8.725617180322098,-14.890379117835453,-9.100197956055684,-3.016503751909502,-5.313550695135433,-5.820130993364048
-6.769584584453518,2.581420376189658,9.090481870280255,-3.368631571332522,0.8958854529470444,2.3957599354933867,3.1903550723858003,5.5491374987845035,-0.05846414142753953,0.08326397032243987,-4.743833387372893,-2.9671551858718552,2.6105419668157435,-5.034469005035984,-2.1583220527493863,0.02928445388285672,-6.79232118683198,-5.903530491622974,-4.391985614904864,5.1219790624618975,0.6256540779843593,-8.710981581723622,2.359039530992966,-3.520773215718844,-4.399322194062689,13.413826744614408,2.0305373163449936,4.546337874576899,-4.602315386269491,2.253870110078307,3.4565343002838986,-2.1366254108207094,8.296858300931593,0.7617400182100682,-12.394073694380559,-9.030519573710635,3.543124626859943,-1.1070237321296847,3.5205852116097995,-1.0029515077203808,1.9849076923261113,6.100288489699352,6.671632487951125,8.725617180322098,-0.6147025938972988,3.498864449048599,-2.4781189248494053,-5.416717260145754,-1.2320624097929915,4.331792934630069
-1.9534532388210357,-1.2155437122199655,1.253191881931139,5.2902223827333374,2.91682352048465,7.094059075485063,-5.952619560500143,-15.608331672051031,-8.457331836654703,1.6006397714792426,5.614244140142896,18.36892287688808,14.002369675750856,-5.4765919763771524,-1.7296008523261228,6.439290966177788,4.656568465355574,11.867945510318917,-4.469258078523643,1.1349772032407721,7.02792068027235,0.06354373126050455,-13.542460005448614,-4.0498964742022,9.388536919217053,3.4724466946772523,-1.2659933222513595,5.957620240558968,-5.8723345608927735,0.47608986155628397,10.315845112936925,-1.364404300358136,-8.995970359052315,-3.633991500801404,7.270615962492611,-9.136271320152973,2.5889182817631466,-3.4854600002240392,-4.652431713681183,-2.6315925072835387,-2.7052499615533994,-5.784581946535642,-5.565376062865802,-14.890379117835453,3.4988644490485994,-6.6817929555147,-10.95991999764082,-0.35746470623153015,15.458783304522667,2.6823136362793676
0.6631277064078822,1.5722762099507128,-13.102516810322264,6.569796737513173,-0.8021061567821475,-1.2982285166457268,-7.718262178577714,-8.38728768803242,-1.9652900277149432,7.224393391314115,4.075135832470471,-7.685984466987021,14.716747776022103,8.925920985925552,-2.704415353486202,3.7648247826862757,0.8761024724555133,0.9806342021553036,1.6075646061698472,0.615554412293372,-0.21284031118032365,-0.30211725256141103,-7.848811085948439,-0.38419307396070357,3.279625080828364,-2.0320512271172064,1.264151956444361,1.8578000984617677,0.706734271080167,-10.996450244376845,15.314375396665675,-3.769275415791769,-10.255079617055205,-2.13096784949682,2.3614295465028032,-15.91199347388915,-13.200449625007751,8.466091050404303,-10.412853733395245,-1.0363892563112653,4.150390109953435,-1.268884169087212,4.42005307937315,-9.100197956055684,-2.4781189248494044,-10.95991999764082,-6.318241321790009,8.864484325373322,8.521485421672496,7.846360869445459
0.5076546987163959,0.3303140082695297,-1.3727306514649373,-4.1120498478754595,1.0233928903299552,-1.3790336655928805,-1.5036492183583672,-1.2441987019525562,0.21184390353904137,-0.5094683449835775,0.6003396465055315,1.5588245082292558,9.3507205672754,-0.3632705445532568,0.004704140909125298,-1.1290348548050733,1.2911542544340606,6.610562243363329,0.1533265311649773,1.894414036383933,-0.18521148462806336,-0.24739910110415603,6.156310419479661,8.172070508303094,-4.050489373676313,4.840528068606934,0.7701574894305071,-2.4822651822011013,0.3344970069503094,-1.2155032952249747,-7.902466928252826,-0.17048205283058626,2.0870976123012035,1.0229581917851915,8.458153064293443,-1.6529833143325412,4.721514246745034,-3.612373983043007,-0.3832921203447419,0.404550387235209,-5.746733416535907,0.009066715880074211,1.0363159172942278,-3.016503751909502,-5.416717260145754,-0.35746470623152926,8.864484325373322,5.910758914005654,-0.2519038966437172,0.3606034631312067
-0.5487296203252328,-5.118653821645713,-3.3737338608532297,-13.20949651230398,8.94762679926906,-6.995330638489627,2.602925367013927,13.677163116565806,-7.370778437080873,-3.1556892242507915,-2.6372395170598364,-3.40124862972338,-2.082234169714443,1.4139766878374127,7.266382534825331,5.058395110785678,-9.589468678005444,-7.730805261782507,-7.107327344359769,10.10562794389288,-3.3962992889023154,-2.7301777705251533,15.030032227626714,-12.0816255002756,2.075330853129957,12.763368248955127,-2.764759053317504,-7.49181546318413,-8.834985958974162,7.100757806668723,-5.4673545894987665,-6.035707753591561,1.2616879150590945,6.573504753543879,-7.47780685454143,2.200815556708873,1.1557574676900448,1.594853165395429,3.245021615565763,-0.10921072610918908,5.5027628479424235,-3.3120027331958255,5.64056352685199,-5.313550695135431,-1.2320624097929915,15.458783304522667,8.521485421672494,-0.2519038966437163,-2.795553394806694,4.053943584160915
0.8201961646935758,0.15720537378956895,8.58916063908158,-1.6777615946534514,0.23076195294275115,-0.16810625777808927,-3.2088894546250453,3.5314835530570976,-0.27160975928313663,-0.27484405805324086,0.052248213619187994,0.3079552887516226,-8.660753491233931,-0.14498765203357022,0.8765601248734641,0.6118558430215801,1.801069882565273,3.897090697831669,8.81989281725181,1.752770768033101,-0.1880539437717812,0.3517380569328743,2.1687387566636858,-3.3575779719872703,4.913883418229423,-5.063262262615061,0.13863507400929498,-4.5976695973502535,0.5005665771670368,1.1449665176071666,-0.6128470659461916,0.20213588893038947,6.1860691037642175,-1.045683165189667,-5.947139820265662,0.231024212825935,-3.777807461776776,3.4808306693220534,-5.432629130459696,0.1850655417609528,1.8622450886199706,0.2820903523430549,5.055997688877014,-5.820130993364048,4.331792934630069,2.6823136362793676,7.8463608694454585,0.36060346313120634,4.053943584160915,6.358644343937929
