n
50
c
0.5806636738282993 -159.36808416597023 -179.0670879396551 169.76561324826906 13.884067203240685 -174.56106072341467 -14.02857684526196 169.53276431392203 173.3463317586826 -162.0913944129988 -231.12673251133296 192.73173741172084 137.81959740972596 12.2586408808273 -12.258346871986912 -20.099091612792343 -147.19067305961536 171.6624468690238 -182.9658783968646 -19.014050254698763 152.85455616959942 -196.19848883177613 161.12109698072314 165.38771804373505 128.05485458544658 -129.9143314810965 -160.42082030614804 -17.619693208596992 113.36709688378289 167.87227876047527 -168.21522538127118 -20.54699669897842 -186.81778085775812 -132.65928565112097 -147.8930269439792 144.91861900949746 -188.98034215063308 -30.150699534618035 -164.27472667435384 -118.89432111481807 -215.68917191291422 -15.028367918403333 6.06541018931215 184.24862339825916 13.484042591913196 -4.875479252761158 114.8291320261717 -148.93734958304037 118.66214105492313 -113.59508800294638
Q
5.077680510598222,-0.41053669688889716,-8.033926648119502,-6.910438786641807,-0.8272046540889619,-3.0635733704056096,-0.35957286153173557,1.8360147261261783,2.6720437639493797,-0.68732358491049,5.374619062913967,-1.3904026120005268,6.307841236390783,-0.25266764107671613,0.4329352797543049,0.13614426744773334,-3.0906119946008728,-1.9427514215032113,3.2652467679892663,-0.2618067998880118,-1.0121295605288272,-2.855071983397637,-6.372598134905081,-1.7850768732069817,5.7949517120742025,-3.9036988094105447,2.3888611230647037,0.13834325297398964,-1.7712031805643944,-4.336683284387961,1.345464093525966,-0.14736610791366322,1.2498571711314246,3.5090817728238317,-8.897553285268657,4.64675184416459,-5.70886210071453,0.2561288148359415,7.739960016014289,0.8948073529707983,6.096715007958281,0.33866399955512166,0.17737119062837453,-4.562154205223816,-0.02426154034623712,-0.03538133350336348,-3.176929517294232,-2.2532568491112617,6.938505477571868,2.891413049746607
-0.41053669688889727,-8.402641318384976,5.255130445543326,-1.408187073162961,-3.372726721761584,-5.961743000706083,-3.855821060733959,14.584067954767626,8.96287535739821,1.5229893246240171,-11.440975825581003,7.631168839426543,7.412553911370355,8.01835874891449,-0.2977310269115254,-6.651114472659786,-14.938710439128057,10.387049620454992,-9.599731621020402,-0.826950346067043,0.47481919906689224,-0.2590301481797852,7.6226312854503755,-2.209183217069796,-1.2056829822714712,4.220601873194091,2.2284285536452346,1.22812325749164,5.403115706609883,-4.733580895811701,4.744440588302933,-2.2280698371072836,-5.945820338384776,-4.042676854816303,-6.583180038067374,6.056133216534379,-6.830165659367873,3.4957999201533037,-6.247252324926924,-9.058157981092743,-12.32898151859737,3.2149889644765444,-0.3218793571798595,14.31353963731713,3.230076913496226,-6.4905574221260105,11.482343026810158,-14.867988328963241,-5.637852101613901,4.42741800669656
-8.0339266481195,5.255130445543328,7.827273876038065,2.2768478763345534,0.9963821118990717,-5.629379525854851,-7.7435985287523135,10.104199650332989,7.200496050050401,-16.101428636685654,-9.43144358522177,-10.217656652398388,2.747264156416805,2.60225678842666,-7.4070917234665945,1.7243153632615233,-11.192712495216634,8.201853436378961,2.8372023862743836,1.4981699030844822,6.4542819427014875,-9.728538301761999,7.915295348431066,-4.32011989340076,11.947120031762225,-6.147866237510111,-5.161876305614676,7.915139517843659,-1.8530292066753171,2.3569026754122206,-5.2041376453588555,-1.0022704278165775,-10.500333776692502,-4.131464297148617,-8.100463064913201,8.861439472847806,-3.484060503348641,0.0920684845518911,0.5548828241152979,-3.799348002182371,8.261328393127727,0.6518179828725693,1.1054714138580115,5.34214487724289,-4.639221047771191,6.476956026666139,3.891247354218065,-7.526821453462494,-1.8041001933798257,-10.866810973279035
-6.910438786641806,-1.4081870731629598,2.276847876334551,-7.1987220707333535,-2.084021128492061,6.845441784130973,8.719634190193009,-2.073270653139061,-14.153888913029757,6.349144969792609,8.151326868514586,-2.567359448375404,-9.874253903401543,-8.069799240456247,9.157605779102404,8.620427475660227,-1.1819463639141419,-9.471223393243854,4.272950737167805,2.1037856146629186,-2.9055064268824604,12.018253739204056,0.46692837335574144,-9.461053419421246,-13.306911902777133,-3.699454516929875,12.371449559101883,-0.8626378030990527,-6.525703978786163,-8.010744585399767,1.2888029625065016,1.7585328124055901,4.4133398374100175,-6.422053872941679,2.481934584332058,-8.366647981190093,8.013054213915025,-1.5484317549368871,11.565689597328756,8.90538064653869,5.537323683212247,4.988340166899888,0.7194455185043773,0.646797223466751,-3.1020311111672916,-7.0789026294626485,-15.723936935204783,1.7842486684976815,-13.75488864147342,3.4615607799463124
-0.8272046540889613,-3.372726721761584,0.9963821118990717,-2.08402112849206,5.436936699871677,3.2822975794383757,-0.5052524477989289,7.327937698710319,0.4475554750329486,0.27747935765447085,-3.1655104148891406,-0.8882762702242034,0.5827242032045508,0.7054093842706857,-0.0634203893670564,-0.7957380769038858,0.7235506766397195,4.114925850959351,-9.790522772667625,0.5327554908492844,-1.4779759783261457,5.13177505494845,1.1608952028677577,3.636571324158647,-1.319343194023488,-2.1967293454835044,-10.424121766959715,-0.06272651207105785,3.163692968028373,0.9563259818887507,-4.375400222045589,0.09982101841234803,7.956989560003616,-2.138370469497881,4.840590630128346,0.33416037624194894,5.12876646479689,0.08593228914212259,-1.7573192165401104,-3.725532539781498,-2.0703367213237733,0.4251147701013753,-0.47009153450894026,-0.9252152893451671,-0.20291417265637685,-0.3792633587329753,0.12182388397756994,2.724648667870076,1.5017661886323648,-1.660330672346335
-3.0635733704056083,-5.9617430007060825,-5.629379525854851,6.845441784130972,3.282297579438376,-1.255577490391401,2.0306092960515585,1.0491301661016188,8.062620535821354,6.484874353944194,-14.41652826196082,-5.344395687619416,-5.544140905087888,-9.67860195558618,-0.20721922953192773,0.2623941313286543,-4.937049572348359,7.416131677094876,-9.193330878450634,7.2112277132921045,19.409918602937736,-2.7078431763822435,-5.243574022375044,10.635062700850755,3.833407621601094,-3.0745482296721374,-12.647366514518636,7.231493465037325,5.905228006387561,0.737398932042655,-4.235575842371228,3.1500217099731804,-1.221734280927985,3.4055368212020554,-9.756739780606555,10.617548088334075,0.3467447643616105,-1.8090238579499647,-6.445066619730792,-3.88343930780707,-12.101291575715617,-4.279442466441072,-2.9442922762236847,7.47478907472312,-4.554665245171086,9.158135949429607,7.465532121569257,-11.631867430380698,17.656999991677864,-8.203757361898301
-0.35957286153173446,-3.85582106073396,-7.743598528752312,8.719634190193009,-0.5052524477989284,2.0306092960515576,5.551054772967655,1.2078704629173778,0.6705307433936493,1.094036352085705,8.28548825638033,-0.7949253936020123,-1.6083604214421083,-0.9833220624203263,0.4280762334873726,-0.10730922430746026,3.2367957758988695,3.8699981608330027,-2.8793614830760363,0.13892306559046907,2.913036717982425,0.07692979443665346,-3.124756534785337,-0.8848036487441373,0.4433201750408859,-0.843989421824016,1.934984050942358,0.30475977917307984,-1.0086561253903716,-8.31275040864942,-2.333546638691736,0.35864291622652256,3.9707878093935163,-1.4007265943443064,-2.9768808277231127,-6.678919468415149,-0.7143725695054828,0.29016353094174807,-4.255421039042039,2.4774702984800308,6.943108863071596,0.5129945649019587,0.10326294600875718,-0.4415902500713944,-0.40783310816916896,-0.4926453821046539,-2.624081925364571,3.0000852752443405,-8.668749959164312,3.388226243405879
1.8360147261261786,14.584067954767626,10.104199650332987,-2.0732706531390614,7.327937698710318,1.04913016610162,1.2078704629173787,-5.994085482329032,-7.951426844162736,3.00253893941335,6.992075697884204,2.0345322659959666,-4.92759463243437,2.3233732614063385,-10.256375488981648,3.077105350322,6.281491439139243,-13.224368736331447,9.293540158241763,-4.7771458554562365,-6.593981522982409,-0.036376761098096955,-1.5339900678325398,-5.165745561171631,-3.0565585696944977,0.450255721898122,8.523119112993397,-3.734107111858717,4.114253901810716,-1.318582025265414,-2.0197348031942584,-9.445884834368723,14.934841508574676,6.682458951467791,2.733807677291918,-8.091810964518723,15.207778587364398,8.53719514107823,8.537599747797325,5.688224996144744,-5.981495559085912,5.148977306821804,0.9392400534411285,-9.81879331549893,-7.89400919201406,-2.4393734702310947,-6.103405685336836,11.44314077364558,7.4784510733860445,10.777021976136794
2.6720437639493806,8.96287535739821,7.2004960500504005,-14.153888913029757,0.4475554750329498,8.062620535821354,0.6705307433936494,-7.951426844162735,10.76815774599656,1.6884734603779283,-5.828419271181705,-8.470126973466291,-11.217200826825914,-1.642840176850112,-5.173189868684265,-4.2307585355758865,-6.920400591378038,-11.58111198049501,11.285881412443977,3.888422038423815,-9.666640562051953,6.291896172995349,-7.796169494678096,-6.258356755951866,-3.446894290266855,4.552013838328644,5.592328464772098,7.515545578075114,-7.831374640161529,0.6718873552771508,7.01833553468029,-0.5676090475046424,-0.6717787396184213,2.8541859345453666,10.095497101214947,-1.9109428046740393,4.123107594540123,-0.7014411182011407,6.56348414312871,-3.4417398997636894,11.646296787369774,2.0444585459972697,-5.605324582584612,-19.326103340149093,3.433594212950203,1.51273014875985,-11.045798845645919,5.8798861588564515,-7.072062313761365,9.211033100949127
-0.6873235849104898,1.5229893246240154,-16.101428636685654,6.349144969792609,0.2774793576544694,6.4848743539441935,1.0940363520857037,3.0025389394133506,1.6884734603779288,-5.599934482814482,-11.802940921324803,5.291381260094441,1.3695548562842839,0.49169327601931334,4.050657668125313,4.44978602738601,-0.8789913819751192,3.826542801531383,-7.603406684643426,0.41601918868574217,0.021706952433945697,-10.294787864958174,1.1482783735020416,4.82697207591672,-7.8202596240630635,-2.4039079240886183,2.6308598945715986,0.30225839335630034,4.11719992121237,14.17518201036156,-4.001601450085856,6.146415722007675,-6.192348361660513,-10.369658253728092,-13.3091824380685,15.325397802998557,-5.170922019508263,-4.822029842938877,0.40465893123587016,-9.183727429861971,-11.578121093864903,-4.772423033585599,-0.39159570817498274,-2.3811085641324,-1.2688648354608174,1.5461268498015333,7.469276580993479,-2.1081730129316796,6.507695249637464,-3.451632378964543
5.374619062913967,-11.440975825581,-9.431443585221768,8.151326868514587,-3.165510414889141,-14.41652826196082,8.28548825638033,6.992075697884204,-5.828419271181705,-11.802940921324803,-0.5679519784230127,9.129086109978532,4.788446549846812,-4.199935041399954,8.023713532348543,1.7450928365621374,-3.2881381266416896,-3.0275681800782843,5.5587595874739195,-0.42615570538845743,6.878101168986291,-3.4548447914937888,5.6288500966207895,2.225549050091579,12.700171832553037,-2.9263715379305286,-4.54556686109501,4.821645273188791,2.462160080527111,7.460962273557292,1.6240787799466976,0.9968514043110484,5.220665353604929,2.5184948729346983,-9.486838701939286,0.6889347574704898,-12.35913698772958,3.083696738321274,-7.489974613967151,1.6842608575267275,-4.679078032712314,6.063870265851688,-6.350431151454659,-1.2190416784401334,4.176034752327859,4.995207891255401,5.963413227787759,-3.8816860928152996,7.043869470075779,-8.82186149399864
-1.3904026120005273,7.631168839426542,-10.21765665239839,-2.5673594483754045,-0.8882762702242046,-5.344395687619417,-0.7949253936020122,2.034532265995967,-8.470126973466291,5.291381260094441,9.129086109978534,-7.0416806609066676,-8.945739837920627,-7.357184944801995,3.52081812663243,1.7438714101159838,4.257025167091163,4.030202417487934,0.9295733237498758,-5.175107203975095,3.094180652397325,-7.993880145449471,4.35692830775253,3.8497355696063265,3.35655103548177,4.230685425154536,4.905695169575539,-4.121808963923326,-2.000063543966559,-15.123075859609642,4.677760320250334,-0.5209736226113619,0.6411493582203468,-0.6388355138218533,6.267883982708362,-7.303600580186675,2.4276948423732425,1.188638704956398,11.599259158503392,-2.842019693930453,18.269170700601443,-1.9683493061450472,-7.126936384254474,-2.512563457024056,-4.489873174294871,5.828691090019698,-9.662652932236465,1.8439714508167373,-5.052032765372225,4.36179073722637
6.307841236390783,7.412553911370353,2.7472641564168065,-9.874253903401542,0.5827242032045509,-5.544140905087888,-1.6083604214421088,-4.92759463243437,-11.217200826825914,1.3695548562842825,4.788446549846811,-8.945739837920629,5.639642689662867,1.2402821815708287,-2.3504982674793236,-0.5925207165883777,-2.3790763445715477,-2.4938636939567997,4.13670029891143,3.1358700609573575,-1.6505262930645048,6.967755142477656,4.295699235789217,-5.922997204033718,-12.322081589385169,8.418124437818559,8.221204577895918,-1.7367544986903634,-4.0718830693187,-6.486888989321724,6.917415463995249,3.441123702764394,2.683922118005323,14.143491744605033,13.718353996159605,3.360062426299256,5.352982061877954,3.041640898384,5.042582874839536,4.804477977502316,6.668827050583701,0.6824796421167383,5.903444793298286,-3.045964819885446,2.514314253655754,-4.5553603635849615,-3.7727765922740053,5.903382789194564,1.324105950729817,10.27752645521975
-0.2526676410767165,8.01835874891449,2.602256788426658,-8.069799240456247,0.7054093842706859,-9.67860195558618,-0.9833220624203262,2.323373261406337,-1.6428401768501115,0.49169327601931356,-4.199935041399953,-7.357184944801995,1.2402821815708291,5.882888062545099,-0.34793956900790757,-0.2346727965002453,-1.5246906802712505,3.5247647255242134,6.554976560709591,-0.08329338823543786,-1.6128674426648657,-0.8131094586629264,-0.9069147895079581,-4.814683117973346,0.899529327137152,-8.0804420966452,6.9774676206023925,0.33661726126105335,-9.666887428332988,-3.271241851124905,-4.11498615837524,1.1455721456990986,4.079746349862459,-2.975898964805836,3.8643734502481797,0.9162607834377164,-8.695474756806636,-0.5303713016029288,-0.6713617328087083,-6.8249963326620255,-0.9621781699386152,-0.21583805713036108,0.830531681889812,2.810389627696459,0.1269174364984511,0.39753617916741724,0.29371967837215013,0.8714855938046181,0.12088110264273211,-0.7403523778095062
0.43293527975430374,-0.2977310269115242,-7.407091723466594,9.157605779102404,-0.06342038936705818,-0.20721922953192962,0.4280762334873729,-10.256375488981648,-5.173189868684266,4.050657668125309,8.023713532348543,3.5208181266324297,-2.3504982674793227,-0.34793956900790696,5.726548314265093,-0.05761354466637991,-0.26814605187609963,-8.610009004574167,-3.4321739283823773,0.7518561536301077,1.6551669572784844,-0.6558648200527264,-8.818392536183094,-4.122610363599963,-6.676460783960433,9.186941917198144,5.425271703402797,-0.06076231307137367,-5.111481422978179,-0.028184001848231638,-0.9843444243318606,-0.3225705418774687,-4.406086346257267,1.4038810881719268,9.464366740618143,0.8622473447856729,-7.231261954013419,-0.2271047466267726,-5.654356870560596,2.998931172371703,-0.9233903428781023,0.02853251186732897,0.15167676315016954,2.389135551133259,0.012601752258078691,0.03167114974314733,8.036559928521589,4.276978508126537,3.080819410970901,-5.104088743405036
0.13614426744773236,-6.651114472659785,1.7243153632615238,8.620427475660229,-0.7957380769038842,0.2623941313286522,-0.10730922430746159,3.0771053503219994,-4.230758535575888,4.44978602738601,1.7450928365621372,1.7438714101159836,-0.5925207165883779,-0.23467279650024475,-0.05761354466637769,5.646515491143908,2.1502179619061885,-3.1429279923659976,0.3438906469040224,0.5511772188190551,3.4716274569018957,1.4937746222063175,-9.090177493071996,0.9806664434644113,6.156597135072601,7.1764390753219525,5.403308434401801,0.19858838623025943,1.7034305188323322,1.5605601897817394,6.2645379793215525,0.4083705167112601,-7.995010746505992,0.8676718800596589,1.6651290943489991,-5.822366305593342,0.7613659333481032,-0.514810048535801,-2.326438007682292,-4.573143618612694,3.031199079342336,-0.0656466343319968,0.25149804096981776,1.9266881710037267,0.5746487375359071,-0.3165797177619514,8.383395012566698,3.264231147081855,3.8979002169483232,-3.9034686991260084
-3.090611994600872,-14.938710439128055,-11.192712495216636,-1.1819463639141403,0.7235506766397182,-4.937049572348358,3.23679577589887,6.281491439139242,-6.920400591378039,-0.8789913819751178,-3.288138126641688,4.257025167091163,-2.3790763445715486,-1.52469068027125,-0.26814605187609797,2.1502179619061876,10.425041907698311,2.9447806968376913,1.9293590255627342,8.348843354621549,3.797560306376595,-6.341383628587472,7.794403597235558,3.3681767143858963,3.8173247025429293,-8.312877050486385,2.8367466715357437,-6.700133344090858,4.666326753645031,0.12030702379760638,-7.268019356132227,1.8925398215131863,0.4673768115843162,-1.95806590526614,-10.17673634915904,-1.0682022544593748,-2.3309721263864263,-6.746902387268544,-16.36483363539416,-0.5038954459027098,-6.5517172342687635,3.7885648310452424,-6.05861023739364,2.698765847434801,-2.367938933592722,-8.724274101850137,7.764490584563603,-5.721578024225997,7.113461553322913,-14.60018960167897
-1.9427514215032127,10.387049620454992,8.20185343637896,-9.471223393243854,4.114925850959351,7.416131677094876,3.8699981608330027,-13.224368736331446,-11.581111980495011,3.8265428015313825,-3.027568180078284,4.030202417487934,-2.4938636939568015,3.5247647255242125,-8.610009004574168,-3.1429279923659976,2.944780696837692,-3.9514135508184722,1.0268754854124442,2.903354863876776,-2.518563121146216,7.936088608553563,-7.393931569229554,1.5459092231869147,-2.410105328378388,10.04753532744869,10.680310286445073,-0.9012624709389843,-5.293763578548056,-2.8013680100568132,2.502707721940533,1.7765265243043142,2.9178380974634157,-1.74343585879048,7.5229412999856216,-8.209165143814223,15.309459053481786,5.716137414167483,6.06193584300705,4.906026632878651,-0.2367112870386705,-2.2181988044948833,-3.697207142958576,-11.723400133334408,0.322986691123952,-0.057400600039551275,-3.414324411481935,-2.1239387758290817,-7.03136665202579,-0.20658466236287903
3.2652467679892676,-9.599731621020402,2.8372023862743836,4.2729507371677995,-9.790522772667625,-9.193330878450634,-2.8793614830760372,9.293540158241761,11.285881412443977,-7.603406684643426,5.558759587473918,0.9295733237498759,4.136700298911428,6.554976560709592,-3.4321739283823756,0.3438906469040224,1.9293590255627349,1.026875485412445,-0.3177934265148403,8.733764832366736,-6.565860338863824,-12.873996063013262,0.7371408567474633,5.081953317978284,8.877796395270781,-3.908163734018099,-13.87365573482668,-2.5249872668428037,4.547892316800692,2.5440989296387935,6.084663680100252,9.894944575926981,-10.633674638215673,-7.635122893682013,1.8922484903755494,18.99159272561329,-2.455597386730833,-5.636098924987985,-7.506696421594532,-3.092565495139584,2.673508524905576,-5.157319712700898,6.589314042118171,7.919362585316457,2.5555297047227516,1.4888697975811631,1.976861052053118,-11.131374143078409,2.6017254384975916,-8.453398878196879
-0.26180679988801164,-0.8269503460670434,1.498169903084483,2.1037856146629177,0.532755490849284,7.2112277132921045,0.1389230655904684,-4.777145855456236,3.8884220384238146,0.4160191886857423,-0.42615570538845693,-5.175107203975093,3.135870060957357,-0.08329338823543819,0.7518561536301085,0.5511772188190547,8.348843354621549,2.9033548638767757,8.733764832366738,5.197423633228623,-3.2427295177599476,5.206483291922022,1.5130592982840128,-8.583004476622538,4.009816683594735,-7.414487757577763,4.154677039394324,0.33900555497598195,3.137762416163614,-1.337955477336597,2.057928844337977,-0.2367005570896783,1.9349136504805768,-1.3084536523080617,-9.04907342652409,4.420049623678161,-0.5905344209357244,-0.46933813815698705,7.7173103444246856,6.597519726465393,-9.258443851221585,-0.803783085869239,-0.01171120180845664,-3.022955197850248,0.06883211581570192,0.382083606421301,-4.032748025353595,-9.083275935783295,0.01793359207381573,-1.0060874512309943
-1.0121295605288259,0.4748191990668915,6.454281942701487,-2.905506426882461,-1.4779759783261457,19.409918602937736,2.913036717982424,-6.593981522982409,-9.666640562051953,0.02170695243394616,6.878101168986291,3.0941806523973256,-1.6505262930645044,-1.612867442664866,1.655166957278485,3.4716274569018952,3.797560306376594,-2.518563121146215,-6.565860338863823,-3.2427295177599476,-4.830348926106462,13.15102338196161,-0.5781731923280617,-2.8810210710166624,1.0979653051068348,-3.7865188633022857,18.331030252786576,2.3632122688318997,-14.548869082125197,-2.003577166256852,-2.284641498756992,-0.05488477406822989,0.38919778063854094,8.967535340523778,9.595326272875056,-5.696158722959048,-4.972643354965719,-0.1705079060472796,10.562393987303041,7.782290142155845,2.628745952906202,-0.7810387698686538,-9.643523748617989,-0.12631589356837364,5.113444138682678,1.497167321050267,0.9658495051048174,-3.6823078213548963,1.5079868199765687,8.045176409662085
-2.855071983397637,-0.2590301481797863,-9.728538301761999,12.018253739204056,5.1317750549484495,-2.7078431763822435,0.07692979443665382,-0.036376761098096344,6.291896172995349,-10.294787864958172,-3.4548447914937888,-7.993880145449472,6.967755142477657,-0.8131094586629264,-0.655864820052728,1.4937746222063168,-6.341383628587472,7.936088608553564,-12.873996063013264,5.206483291922021,13.151023381961608,7.13415304448719,3.570960450608395,10.771359273454534,10.177051309773383,-1.085778164810789,-18.79526755505805,5.922504545814951,7.642488155758748,5.985348053469394,2.265370719219165,-0.7513457225948739,-11.75250983221506,2.6939839349114214,-5.259047397729926,3.720492116464375,-10.24055317958507,-1.2195938262889676,-9.94577438634263,-7.178910805038097,-4.882983316699408,0.47706701880664293,-0.8150630857425001,9.424900534940356,0.5264454022143642,-0.07234625467170752,3.1507191951294944,0.973072093924021,-0.13305468467036924,3.323891055065072
-6.372598134905082,7.622631285450376,7.915295348431065,0.46692837335574133,1.1608952028677586,-5.243574022375043,-3.124756534785335,-1.5339900678325393,-7.796169494678096,1.1482783735020416,5.6288500966207895,4.356928307752529,4.295699235789219,-0.9069147895079571,-8.818392536183094,-9.090177493071996,7.794403597235558,-7.393931569229555,0.7371408567474627,1.5130592982840143,-0.5781731923280624,3.570960450608396,-7.598479505264423,-12.393908641189705,-8.246669891017106,1.5379399455592213,-6.588153139456437,2.1397741742284277,-12.640691291157692,-4.404476373101958,-0.4208082888734539,-2.2532282903045813,3.289686078905861,16.061771402092234,14.11096930464935,-10.20520953748231,9.697414626934389,-8.261807969584241,14.056887524575423,7.1664763419194815,6.162092798892376,4.740214369586862,9.746085360909726,-18.978475134182588,-2.6962331535585964,3.513302669421422,-8.066373293882746,5.065405226464264,-8.956175853356449,5.863600012343409
-1.7850768732069824,-2.209183217069797,-4.320119893400759,-9.461053419421246,3.6365713241586466,10.635062700850757,-0.8848036487441373,-5.165745561171632,-6.258356755951866,4.826972075916722,2.2255490500915776,3.8497355696063256,-5.922997204033719,-4.814683117973346,-4.1226103635999625,0.98066644346441,3.3681767143858963,1.545909223186915,5.081953317978286,-8.583004476622538,-2.8810210710166637,10.771359273454534,-12.393908641189705,0.878297901269633,-1.9804027795899088,6.201777988193495,-2.3354073001162323,-5.018843074979003,4.481070076139683,-0.6718740457421921,-2.3368646544093647,-1.3568392945714653,4.033865304862807,2.5168125938001946,-3.7153599572565827,-10.401108412061966,12.429769382249564,-1.544589559556086,6.499639076753296,10.176583728891725,12.394970842237198,-2.2944822941451783,-2.4218311907476764,2.4684085356684373,1.1153759532860725,-8.50413842877038,-8.012593019142948,14.813272926817195,-9.729928697009436,2.9718095461883003
5.794951712074202,-1.2056829822714716,11.947120031762225,-13.306911902777133,-1.3193431940234888,3.833407621601093,0.44332017504088617,-3.056558569694498,-3.4468942902668545,-7.820259624063063,12.700171832553037,3.356551035481771,-12.32208158938517,0.899529327137153,-6.676460783960434,6.1565971350726,3.8173247025429298,-2.4101053283783895,8.877796395270781,4.009816683594735,1.0979653051068348,10.177051309773383,-8.246669891017106,-1.980402779589908,7.273134130828507,3.9391462629275624,4.588532038286234,4.599450853584352,-6.617360626844857,-3.5305721552117832,8.178499452189266,-4.326706062659247,4.67011250024927,16.684438700745723,9.644026427395152,-7.5587140627367235,5.7410138363916,3.9295488229402267,-3.090621681157833,11.597935695199853,7.681115195263449,-0.9416187343491524,5.333604491304016,-3.1179408328017004,-4.867016947789756,-9.73278253607686,-6.76008400426928,5.924735758217876,-5.98377011329277,1.1293040105732444
-3.9036988094105447,4.220601873194092,-6.147866237510112,-3.6994545169298756,-2.1967293454835053,-3.074548229672138,-0.8439894218240155,0.45025572189812035,4.552013838328644,-2.4039079240886183,-2.926371537930528,4.230685425154535,8.418124437818559,-8.080442096645202,9.186941917198144,7.176439075321952,-8.312877050486383,10.04753532744869,-3.908163734018099,-7.414487757577762,-3.7865188633022853,-1.085778164810789,1.5379399455592204,6.201777988193495,3.939146262927563,5.989902940532326,-12.840411994389795,-2.0349954883419947,12.721076969953126,8.063618305249586,-4.0928163989469954,-2.214798564517923,-7.002434078895205,-14.980357690731527,-3.1552483062653005,-9.754681301348334,1.4186959603360947,-3.62918264028698,-12.280467438909204,-3.5699458843907332,-7.0005987791936555,-0.5429225556346229,2.260480787332088,-3.4558012303167334,-6.843474447004221,-0.016213492243746075,8.008899783884027,3.0582341120071783,6.748984650383445,-7.6615413107824715
2.3888611230647037,2.228428553645235,-5.161876305614676,12.371449559101883,-10.424121766959715,-12.647366514518636,1.9349840509423577,8.523119112993399,5.592328464772098,2.630859894571598,-4.54556686109501,4.905695169575538,8.221204577895918,6.977467620602393,5.425271703402797,5.403308434401802,2.836746671535745,10.680310286445073,-13.87365573482668,4.154677039394324,18.331030252786572,-18.79526755505805,-6.588153139456438,-2.3354073001162323,4.5885320382862345,-12.840411994389795,-4.717318854444826,-0.8891545285351455,8.89819133225185,-0.6603128986936708,-5.321714778758618,-3.1910647602671594,4.07876810076749,-7.255986385068985,-5.363547144885953,12.839667061459028,3.4614218251058695,4.7988755762050435,-12.545512740095978,1.3640644878509387,-2.547895994950207,5.09063846751772,-4.199639511476594,15.195016150950021,-0.8765931387200534,2.8509249197290756,5.988983483198147,-8.091127695357857,4.4275027167713015,-5.0466516392382585
0.1383432529739898,1.2281232574916419,7.915139517843661,-0.8626378030990536,-0.06272651207105862,7.231493465037325,0.3047597791730794,-3.734107111858716,7.515545578075114,0.3022583933563001,4.821645273188792,-4.121808963923326,-1.7367544986903631,0.3366172612610535,-0.06076231307137436,0.19858838623025948,-6.700133344090858,-0.9012624709389851,-2.524987266842804,0.3390055549759804,2.363212268831899,5.922504545814951,2.139774174228429,-5.018843074979002,4.599450853584351,-2.034995488341994,-0.8891545285351458,4.7393620722188,2.3122669318544444,-2.432061945853854,3.287315428527786,-0.14274202367793742,-9.898236272653957,-7.6646441711265,-5.118417790880404,6.1568644189538855,7.008226384306297,0.1773014417284851,-4.430720394023748,-6.944761506894605,8.151878683508821,0.7712148474981027,0.20863465001651454,-2.208662860188537,-0.03598633440026311,-0.3902290939818831,-0.7423449306387179,7.137113797642569,0.6877809730928915,5.2910535696849275
-1.7712031805643946,5.403115706609881,-1.8530292066753158,-6.525703978786162,3.1636929680283736,5.905228006387562,-1.008656125390372,4.114253901810716,-7.831374640161529,4.117199921212372,2.4621600805271115,-2.0000635439665584,-4.071883069318701,-9.666887428332988,-5.111481422978179,1.7034305188323324,4.666326753645031,-5.293763578548056,4.547892316800693,3.137762416163614,-14.548869082125197,7.642488155758749,-12.640691291157694,4.481070076139682,-6.617360626844857,12.721076969953126,8.898191332251848,2.312266931854444,9.905750042953047,5.303115637217614,5.082516477546148,-4.664625053229168,5.721736817450656,8.125099995079992,-2.1449710566884543,-4.725873745525916,-1.6553257384315754,-8.457870928252168,11.272464745786772,10.206893220774479,15.330546898172033,-0.020171476442219477,1.4774837439471828,-10.83322140828924,5.80813939719388,6.348209857766063,-1.373746001110759,-5.682797894668349,-6.054752695258308,15.193431944373605
-4.336683284387961,-4.733580895811701,2.356902675412221,-8.010744585399769,0.9563259818887502,0.737398932042655,-8.31275040864942,-1.3185820252654143,0.6718873552771508,14.17518201036156,7.460962273557292,-15.12307585960964,-6.486888989321725,-3.271241851124905,-0.02818400184822978,1.560560189781739,0.12030702379760552,-2.801368010056815,2.5440989296387926,-1.3379554773365956,-2.003577166256852,5.985348053469395,-4.404476373101956,-0.6718740457421926,-3.5305721552117832,8.063618305249586,-0.66031289869367,-2.4320619458538544,5.303115637217613,-5.780167263311117,13.490136481665887,2.3852177051450267,0.0955700041971142,5.941956951431107,-6.989336728921085,-1.064956902056829,5.967938086672163,1.2194904157646196,12.926269023893367,5.987604847097419,5.332762220012095,-2.728352137348778,7.979420525338455,1.8715345363806297,-6.375469012922505,3.7039128333982037,1.3417545594045297,4.380676826397335,-0.204902665670341,12.655661691250248
1.3454640935259659,4.744440588302933,-5.204137645358855,1.2888029625065016,-4.375400222045589,-4.235575842371229,-2.333546638691735,-2.019734803194257,7.018335534680289,-4.001601450085856,1.6240787799466987,4.677760320250333,6.91741546399525,-4.11498615837524,-0.9843444243318606,6.264537979321553,-7.268019356132227,2.5027077219405323,6.08466368010025,2.0579288443379764,-2.284641498756992,2.2653707192191654,-0.42080828887345434,-2.3368646544093647,8.178499452189264,-4.092816398946995,-5.321714778758618,3.2873154285277875,5.082516477546148,13.490136481665887,-0.6283815729939155,9.087922920903502,-7.901184765670728,-6.666813446282745,-11.36768720908195,7.377425391792962,-3.22081349543979,3.4137675292776324,-8.79085141330632,-0.6539746247951859,-13.668602403157108,4.7386585010427975,6.532062815304645,8.479849972497892,9.274310001497012,-1.5733370130859001,3.926155379353134,-3.2792550683944817,11.516787082522749,-4.546088678562421
-0.14736610791366334,-2.2280698371072827,-1.0022704278165784,1.758532812405591,0.0998210184123477,3.1500217099731795,0.35864291622652245,-9.445884834368723,-0.5676090475046426,6.146415722007675,0.9968514043110486,-0.5209736226113617,3.441123702764395,1.1455721456990984,-0.3225705418774677,0.4083705167112599,1.8925398215131861,1.776526524304313,9.894944575926981,-0.23670055708967863,-0.05488477406823098,-0.7513457225948739,-2.2532282903045813,-1.3568392945714642,-4.326706062659247,-2.2147985645179236,-3.191064760267159,-0.14274202367793798,-4.664625053229168,2.3852177051450263,9.087922920903502,4.981749761487178,3.5267994087791052,-2.514420750289698,6.35055160613438,4.890936741582348,1.9587287834482145,0.6959689466424205,-5.360735311828709,-0.28168284820389866,4.960287122641834,0.49257101452495816,0.27173467445852517,-4.275901753535251,0.08376107874990352,-0.3455538542512149,7.461666397078809,-8.241177690065296,2.8101499337951243,-3.429308232290479
1.2498571711314255,-5.945820338384776,-10.500333776692504,4.4133398374100175,7.956989560003616,-1.2217342809279845,3.970787809393517,14.934841508574676,-0.671778739618421,-6.192348361660513,5.220665353604928,0.6411493582203474,2.683922118005323,4.079746349862459,-4.406086346257267,-7.995010746505993,0.4673768115843161,2.9178380974634166,-10.633674638215671,1.9349136504805768,0.38919778063854094,-11.752509832215058,3.2896860789058606,4.0338653048628075,4.670112500249269,-7.002434078895205,4.0787681007674905,-9.898236272653957,5.7217368174506555,0.09557000419711487,-7.901184765670728,3.5267994087791052,-4.895473428044467,7.149590520279602,-4.910308318573386,-0.9871451759378946,-4.618348443249282,3.1187197743759905,-6.559389933148409,-6.239323560589391,8.604740741909385,-1.9734382202567753,-5.394672612448902,13.374683494926472,-2.131952214087932,-3.1755412382155277,11.230937655648003,0.6449650734390461,5.35902172122476,-6.902722957022484
3.509081772823832,-4.042676854816303,-4.131464297148617,-6.422053872941678,-2.1383704694978802,3.405536821202056,-1.400726594344305,6.6824589514677895,2.8541859345453666,-10.369658253728094,2.5184948729346983,-0.6388355138218539,14.143491744605031,-2.9758989648058365,1.4038810881719266,0.867671880059659,-1.9580659052661402,-1.7434358587904788,-7.635122893682013,-1.3084536523080614,8.967535340523778,2.693983934911421,16.061771402092234,2.516812593800194,16.684438700745723,-14.980357690731527,-7.255986385068986,-7.6646441711265005,8.125099995079994,5.941956951431107,-6.666813446282745,-2.514420750289697,7.149590520279602,7.26903030847051,-5.07398430003476,4.2968486229630685,2.313720348726021,-2.8204221684828896,-5.358304289010751,3.7636760804938247,2.758983117938519,5.0676565219754925,4.878019299041377,-8.549023726836346,-0.9390763802843489,-1.9961369874512427,3.7519456839915133,-11.436644022580364,10.031890938438766,-7.569675115050503
-8.897553285268659,-6.583180038067375,-8.100463064913201,2.4819345843320577,4.840590630128346,-9.756739780606555,-2.9768808277231127,2.733807677291918,10.09549710121495,-13.309182438068499,-9.486838701939286,6.267883982708363,13.718353996159605,3.8643734502481806,9.464366740618141,1.6651290943489996,-10.176736349159041,7.522941299985621,1.8922484903755503,-9.049073426524089,9.595326272875056,-5.259047397729928,14.11096930464935,-3.7153599572565827,9.644026427395152,-3.1552483062653,-5.363547144885952,-5.118417790880404,-2.144971056688455,-6.989336728921085,-11.36768720908195,6.350551606134381,-4.910308318573386,-5.073984300034759,-11.01658075597617,-2.484411918961738,-9.093709344869623,2.969717847152019,-4.4624386350277225,-11.819396458743123,-0.10486057116934061,-0.7116483293989438,-4.18601206543052,4.301079773533521,-1.560683800020519,-0.7298513220405417,2.3514864199207697,-10.414863644674663,13.43044484868822,-1.883627582396916
4.64675184416459,6.056133216534379,8.861439472847806,-8.366647981190095,0.33416037624194916,10.617548088334075,-6.678919468415148,-8.091810964518723,-1.9109428046740395,15.325397802998557,0.6889347574704898,-7.303600580186674,3.3600624262992564,0.9162607834377154,0.8622473447856729,-5.822366305593342,-1.0682022544593737,-8.209165143814223,18.99159272561329,4.420049623678162,-5.696158722959048,3.7204921164643756,-10.20520953748231,-10.401108412061966,-7.558714062736723,-9.754681301348333,12.839667061459027,6.156864418953886,-4.725873745525916,-1.0649569020568295,7.377425391792963,4.890936741582349,-0.9871451759378955,4.296848622963068,-2.4844119189617384,12.17797123443749,3.5424303991285093,1.54965011054156,-0.9616446831164349,-0.10025130665625626,15.632011419976271,0.39512872824931644,-1.301003927485844,1.3619271296118258,3.1424158459708305,-4.022668577971408,-3.333230193374235,-5.10856824306149,-0.7089214623540789,5.016359331453558
-5.708862100714531,-6.830165659367873,-3.48406050334864,8.013054213915023,5.1287664647968905,0.34674476436160884,-0.714372569505483,15.207778587364396,4.123107594540122,-5.170922019508262,-12.35913698772958,2.4276948423732425,5.352982061877953,-8.695474756806636,-7.231261954013419,0.7613659333481035,-2.3309721263864267,15.309459053481788,-2.4555973867308336,-0.5905344209357233,-4.972643354965719,-10.240553179585072,9.697414626934389,12.429769382249564,5.7410138363916,1.4186959603360938,3.4614218251058695,7.008226384306297,-1.6553257384315736,5.967938086672163,-3.2208134954397893,1.9587287834482145,-4.618348443249282,2.31372034872602,-9.093709344869623,3.542430399128508,10.834194097708227,8.82279923872457,-7.007336616841676,-0.697337662410481,-11.668028814750642,-1.6765170692636742,7.90921343865218,5.441899826853579,-1.2898177996714595,1.5730572239179001,2.8450486795292362,-4.884187484122412,-5.689114473440905,-9.45777634891181
0.25612881483594196,3.4957999201533037,0.09206848455189043,-1.5484317549368865,0.08593228914212403,-1.8090238579499636,0.2901635309417471,8.53719514107823,-0.7014411182011409,-4.822029842938875,3.0836967383212746,1.1886387049563971,3.041640898384,-0.5303713016029293,-0.22710474662677183,-0.5148100485358007,-6.746902387268544,5.716137414167483,-5.6360989249879845,-0.46933813815698633,-0.17050790604728006,-1.2195938262889663,-8.261807969584241,-1.5445895595560852,3.929548822940227,-3.629182640286981,4.7988755762050435,0.17730144172848383,-8.457870928252166,1.2194904157646194,3.413767529277633,0.6959689466424208,3.1187197743759896,-2.82042216848289,2.969717847152018,1.5496501105415603,8.82279923872457,6.003562277685121,5.017287762034354,0.12921398988027594,2.3688004945292134,0.8718573359958594,-0.17426591504457067,-6.286658961199858,-0.2318761144684941,-0.5090508529396714,4.86733564621354,7.777715386598572,1.3106831916130064,9.18330601505898
7.7399600160142885,-6.247252324926924,0.554882824115297,11.565689597328754,-1.7573192165401101,-6.445066619730792,-4.25542103904204,8.537599747797325,6.563484143128709,0.40465893123587016,-7.48997461396715,11.599259158503392,5.042582874839536,-0.6713617328087078,-5.654356870560595,-2.3264380076822917,-16.36483363539416,6.061935843007051,-7.506696421594533,7.7173103444246856,10.562393987303041,-9.94577438634263,14.056887524575423,6.499639076753295,-3.0906216811578333,-12.280467438909204,-12.545512740095978,-4.430720394023746,11.272464745786772,12.926269023893367,-8.79085141330632,-5.360735311828709,-6.559389933148409,-5.358304289010751,-4.4624386350277225,-0.9616446831164351,-7.007336616841676,5.017287762034354,-9.229092880677618,-5.769238163844055,-13.214934499094221,1.7294876640533183,4.154999008401253,3.8813091936807846,4.637626291643875,-3.098223190619783,6.051002679131064,-6.113575594335586,16.811469881808403,-13.606489580863458
0.8948073529707979,-9.058157981092743,-3.799348002182371,8.90538064653869,-3.7255325397815,-3.8834393078070697,2.4774702984800303,5.688224996144745,-3.441739899763689,-9.183727429861971,1.6842608575267266,-2.8420196939304536,4.804477977502316,-6.8249963326620255,2.998931172371705,-4.5731436186126935,-0.503895445902709,4.906026632878651,-3.0925654951395845,6.597519726465393,7.782290142155846,-7.178910805038098,7.166476341919481,10.176583728891725,11.597935695199853,-3.569945884390734,1.3640644878509387,-6.944761506894604,10.206893220774479,5.987604847097419,-0.6539746247951864,-0.2816828482038991,-6.239323560589391,3.7636760804938247,-11.819396458743123,-0.10025130665625692,-0.6973376624104806,0.1292139898802768,-5.769238163844054,-6.562529300547398,-5.525566015321289,3.5598064030368173,-5.385944032738218,7.949504166118783,-2.7319351659539137,-0.09708838458909919,3.3175879147958853,-2.1458250571993647,3.019723180086408,-14.495805312076447
6.096715007958281,-12.32898151859737,8.261328393127725,5.5373236832122466,-2.070336721323774,-12.101291575715619,6.943108863071595,-5.981495559085912,11.646296787369774,-11.578121093864903,-4.679078032712314,18.269170700601443,6.668827050583701,-0.9621781699386147,-0.9233903428781016,3.0311990793423353,-6.551717234268763,-0.23671128703867034,2.6735085249055754,-9.258443851221585,2.6287459529062014,-4.882983316699408,6.162092798892377,12.394970842237198,7.68111519526345,-7.000598779193655,-2.5478959949502067,8.15187868350882,15.330546898172033,5.332762220012095,-13.668602403157108,4.960287122641834,8.604740741909385,2.7589831179385187,-0.10486057116934111,15.632011419976271,-11.668028814750642,2.3688004945292143,-13.214934499094221,-5.525566015321289,7.366608207646067,-5.568560389511135,-2.2196227815961063,13.059224925794219,-5.4909733088489245,4.5318545560581365,5.608420362451743,2.6861986479687623,10.372201960350383,-9.007871641173754
0.33866399955512144,3.214988964476544,0.6518179828725683,4.988340166899889,0.42511477010137644,-4.279442466441072,0.5129945649019585,5.148977306821803,2.0444585459972693,-4.772423033585598,6.063870265851689,-1.9683493061450472,0.682479642116739,-0.21583805713036075,0.028532511867328303,-0.06564663433199747,3.7885648310452407,-2.2181988044948833,-5.1573197127008985,-0.8037830858692385,-0.7810387698686552,0.47706701880664304,4.740214369586863,-2.2944822941451783,-0.9416187343491521,-0.5429225556346224,5.090638467517719,0.7712148474981031,-0.02017147644221906,-2.7283521373487787,4.7386585010427975,0.49257101452495733,-1.9734382202567755,5.0676565219754925,-0.7116483293989431,0.39512872824931655,-1.6765170692636746,0.8718573359958592,1.7294876640533186,3.5598064030368173,-5.568560389511137,5.328776633730516,-0.25364252419616345,2.507569514185236,0.5521779662446291,0.2128866572912994,-6.11260164529531,-7.909021249571034,4.118060415835092,8.120062541409924
0.17737119062837392,-0.32187935717985927,1.1054714138580115,0.7194455185043771,-0.4700915345089409,-2.9442922762236847,0.10326294600875857,0.9392400534411289,-5.605324582584611,-0.39159570817498335,-6.350431151454659,-7.126936384254474,5.903444793298285,0.8305316818898112,0.15167676315016937,0.2514980409698184,-6.058610237393641,-3.697207142958576,6.589314042118171,-0.011711201808457194,-9.643523748617989,-0.8150630857424995,9.746085360909726,-2.4218311907476773,5.333604491304017,2.2604807873320887,-4.199639511476594,0.20863465001651482,1.4774837439471828,7.979420525338455,6.532062815304645,0.27173467445852517,-5.394672612448901,4.878019299041375,-4.18601206543052,-1.3010039274858451,7.90921343865218,-0.17426591504457137,4.154999008401253,-5.385944032738218,-2.2196227815961067,-0.25364252419616407,5.964920061934077,-0.8562496300177957,-0.376699953492916,-0.008463552534337948,-7.077955180853614,-1.1518113143041009,3.518790898754546,-4.9541144701940825
-4.562154205223815,14.313539637317131,5.34214487724289,0.6467972234667511,-0.9252152893451668,7.4747890747231205,-0.44159025007139363,-9.81879331549893,-19.326103340149093,-2.3811085641324015,-1.2190416784401328,-2.512563457024058,-3.0459648198854445,2.810389627696458,2.3891355511332595,1.9266881710037276,2.6987658474348004,-11.72340013333441,7.919362585316457,-3.0229551978502474,-0.1263158935683732,9.424900534940356,-18.97847513418259,2.4684085356684378,-3.1179408328017004,-3.455801230316733,15.195016150950021,-2.208662860188537,-10.83322140828924,1.8715345363806306,8.47984997249789,-4.27590175353525,13.374683494926472,-8.549023726836346,4.3010797735335204,1.361927129611827,5.441899826853579,-6.286658961199858,3.8813091936807846,7.949504166118782,13.059224925794219,2.5075695141852363,-0.8562496300177962,9.557702807105311,-0.5710585044436284,8.9430339892402,-12.628327346610487,3.0171035314743366,-9.632075131118661,6.415131579389392
-0.02426154034623698,3.230076913496226,-4.639221047771191,-3.1020311111672907,-0.20291417265637746,-4.554665245171087,-0.4078331081691693,-7.89400919201406,3.4335942129502035,-1.2688648354608185,4.176034752327859,-4.489873174294871,2.514314253655754,0.12691743649845122,0.012601752258078469,0.5746487375359072,-2.36793893359272,0.3229866911239521,2.555529704722751,0.0688321158157012,5.113444138682678,0.5264454022143642,-2.6962331535585964,1.1153759532860732,-4.867016947789756,-6.843474447004221,-0.8765931387200535,-0.03598633440026333,5.80813939719388,-6.375469012922505,9.274310001497012,0.08376107874990335,-2.1319522140879323,-0.9390763802843491,-1.5606838000205194,3.142415845970831,-1.2898177996714595,-0.23187611446849477,4.637626291643875,-2.7319351659539133,-5.490973308848924,0.5521779662446291,-0.37669995349291574,-0.5710585044436286,5.023914237261568,0.6505061728205768,-1.02671298045742,1.8626348152040237,1.4396601377504559,-6.377063339753448
-0.03538133350336281,-6.490557422126011,6.476956026666139,-7.0789026294626485,-0.379263358732975,9.158135949429607,-0.49264538210465547,-2.4393734702310956,1.5127301487598501,1.5461268498015326,4.995207891255401,5.828691090019698,-4.5553603635849615,0.3975361791674179,0.03167114974314669,-0.31657971776195004,-8.724274101850137,-0.05740060003955083,1.488869797581164,0.38208360642130124,1.4971673210502654,-0.07234625467170841,3.513302669421422,-8.504138428770382,-9.73278253607686,-0.01621349224374602,2.8509249197290756,-0.3902290939818833,6.348209857766063,3.703912833398205,-1.5733370130859008,-0.34555385425121576,-3.1755412382155264,-1.996136987451242,-0.7298513220405409,-4.022668577971408,1.5730572239179,-0.5090508529396719,-3.0982231906197826,-0.0970883845891003,4.5318545560581365,0.21288665729129796,-0.008463552534337882,8.9430339892402,0.650506172820577,5.654007819120768,-1.9122457899630676,3.540042244726357,-7.532883262642761,-6.907496462138554
-3.1769295172942322,11.482343026810158,3.891247354218065,-15.723936935204785,0.12182388397757027,7.465532121569257,-2.624081925364571,-6.103405685336836,-11.045798845645917,7.469276580993478,5.963413227787759,-9.662652932236465,-3.772776592274006,0.2937196783721506,8.036559928521587,8.383395012566698,7.764490584563603,-3.4143244114819336,1.9768610520531174,-4.0327480253535954,0.9658495051048173,3.1507191951294935,-8.066373293882746,-8.012593019142948,-6.76008400426928,8.008899783884027,5.988983483198146,-0.7423449306387184,-1.37374600111076,1.3417545594045293,3.9261553793531343,7.46166639707881,11.230937655648004,3.7519456839915133,2.351486419920769,-3.3332301933742343,2.8450486795292367,4.86733564621354,6.051002679131063,3.3175879147958844,5.608420362451743,-6.11260164529531,-7.077955180853614,-12.628327346610485,-1.0267129804574198,-1.912245789963067,0.21188075538673523,12.334782170695375,-6.491073141146251,7.107071579816642
-2.253256849111262,-14.867988328963241,-7.526821453462493,1.7842486684976817,2.7246486678700754,-11.631867430380698,3.00008527524434,11.44314077364558,5.879886158856452,-2.1081730129316796,-3.8816860928152996,1.843971450816737,5.903382789194564,0.871485593804619,4.276978508126538,3.264231147081854,-5.721578024225997,-2.123938775829082,-11.131374143078407,-9.083275935783295,-3.6823078213548968,0.9730720939240214,5.065405226464264,14.813272926817193,5.924735758217875,3.0582341120071788,-8.091127695357859,7.13711379764257,-5.68279789466835,4.380676826397335,-3.279255068394482,-8.241177690065296,0.6449650734390473,-11.436644022580364,-10.414863644674663,-5.10856824306149,-4.884187484122411,7.777715386598572,-6.113575594335586,-2.145825057199364,2.6861986479687614,-7.909021249571034,-1.1518113143041013,3.0171035314743375,1.8626348152040246,3.540042244726356,12.334782170695375,8.48379290140811,2.839705613004445,-4.77117149360969
6.938505477571867,-5.637852101613902,-1.804100193379826,-13.75488864147342,1.5017661886323648,17.656999991677864,-8.66874995916431,7.4784510733860445,-7.072062313761366,6.507695249637463,7.043869470075779,-5.052032765372225,1.3241059507298165,0.12088110264273144,3.0808194109709017,3.8979002169483223,7.113461553322913,-7.03136665202579,2.601725438497591,0.01793359207381573,1.5079868199765687,-0.13305468467036902,-8.956175853356449,-9.729928697009438,-5.983770113292768,6.748984650383444,4.4275027167713015,0.6877809730928927,-6.0547526952583075,-0.20490266567034143,11.51678708252275,2.8101499337951243,5.35902172122476,10.031890938438766,13.43044484868822,-0.7089214623540802,-5.689114473440904,1.3106831916130055,16.811469881808403,3.019723180086408,10.372201960350383,4.118060415835092,3.5187908987545464,-9.63207513111866,1.4396601377504559,-7.532883262642761,-6.49107314114625,2.839705613004445,3.7995887339875445,7.486771164754444
2.891413049746606,4.42741800669656,-10.866810973279033,3.461560779946313,-1.660330672346335,-8.203757361898301,3.388226243405879,10.777021976136794,9.211033100949129,-3.4516323789645433,-8.82186149399864,4.36179073722637,10.277526455219748,-0.7403523778095061,-5.104088743405035,-3.903468699126008,-14.600189601678972,-0.20658466236288053,-8.45339887819688,-1.0060874512309943,8.045176409662087,3.323891055065073,5.86360001234341,2.9718095461883003,1.1293040105732446,-7.6615413107824715,-5.0466516392382585,5.291053569684928,15.193431944373604,12.655661691250248,-4.5460886785624215,-3.4293082322904787,-6.902722957022485,-7.569675115050502,-1.8836275823969149,5.0163593314535575,-9.45777634891181,9.18330601505898,-13.606489580863458,-14.495805312076449,-9.007871641173754,8.120062541409924,-4.954114470194083,6.415131579389392,-6.377063339753448,-6.907496462138554,7.107071579816641,-4.77117149360969,7.486771164754444,-1.1692907249921785
