n
50
c
-55.4673847962344 18.611436531881978 153.0940599217386 155.1242304298172 138.25223698617413 189.85237712395875 -0.9299207834971397 -171.87061951006996 166.10877392429123 190.23015098842723 -178.11009834491247 -180.95445424151242 -190.9778181565573 167.7749120159647 -195.17599950249337 -211.7605513980611 198.66061452058733 -4.321579672119832 194.7819987064573 -242.8746328360545 -174.15844783807094 174.61785117678795 2.349223003067381 -5.633632970301566 18.028509356975384 -17.427948078070358 -234.41587115683666 12.673723783814465 -209.30090202012047 219.80212367868953 -38.12839613810927 -24.497010903786467 -10.771601315343858 -207.87539459924932 -20.895864814018598 158.1651594124182 169.38677344826917 -16.895951415547486 -185.04605676738072 -23.538453428026543 151.40318988320826 -23.04635214221387 211.5701842672462 -160.26146428245883 -185.34719609500522 -11.791359848150686 21.86352315077507 167.6802263813593 -138.80536409618458 203.14131202383078
Q
4.680151327493516,-0.17760072244828615,2.8210966749327704,1.4630202124662053,4.196097696533098,1.2698849320301728,-0.46888941521949185,6.148065042508265,-6.677825523468903,-2.1944723706564195,4.597624189431338,6.993531557999863,5.534658245119763,-6.3329405786039485,10.37141048388696,2.8041154612505346,-6.354120316336837,0.08215121967771438,-0.09736149899670021,-7.7092818645879575,8.088771893209774,-1.1838910738636648,0.14402110377373684,-0.16338560809465386,-0.05696540987656129,-0.47770200395466444,0.18711807238540912,0.09907194407661402,8.692035606399276,8.459144977448567,0.35314850950914545,0.2991634071130602,0.308520128872825,7.614409459107534,0.42590160931907906,-3.2076188398730725,0.07692729047315217,-0.8424978103900193,1.17469622979777,1.3442066708439282,-2.103930055580174,0.16882162409672796,-4.604562134389201,1.8577745617926555,-3.450088114763656,0.06618018142957338,0.3037328839170901,5.312079973672857,-1.8768617536109233,-1.3987976173453625
-0.177600722448287,4.559920325655399,-1.7454571460973827,5.000281754657718,4.6635075908917925,-6.638459469328129,0.010054599394765426,-5.782964449857444,0.4779472829225328,1.2779802020285036,-1.7948770573676691,-4.677981662385817,-3.7567579288282733,-0.4275806538339487,-9.34760781297847,1.0290095825006853,9.239993278600933,-0.33939362973383425,-3.905566628637791,-0.4781484742328215,-4.259766370588794,6.122040393621843,-0.3640542236989843,-0.6369716762366174,0.4324138422712339,-0.90347748192809,8.359652515466106,0.244944589254098,-3.3586413131959203,-1.5446935974976372,-0.3318609282421724,-0.08900983701104304,-0.2345478554039962,0.1104728676945779,-0.570453069582207,-2.65122136811846,-7.400650634935664,-0.3492868971055873,-4.544691807005583,-0.4660504211926133,1.4037460375193487,-0.04498233658769535,4.043553686587609,9.397402322638133,6.0240695278943415,0.4981095419252117,-0.42358579621474823,-5.397578179162009,-7.288539773363839,5.004120063199412
2.821096674932771,-1.7454571460973836,-1.3827743662717182,-10.197683304694861,1.0244831767270244,-7.469043654272466,-8.489000417320456,1.1805580590585647,1.737498156480454,7.390219669029717,-0.4731291249401863,1.8446797874371463,11.93014127430265,-11.905192068865954,11.291717909207769,9.205398594364343,-4.606515076731201,1.5751974329992007,-1.1844816123367683,4.883922881884605,9.719655075129179,-1.4412118934040081,1.369008155956609,-2.62505807672171,-0.5538472734142756,-7.8372465869775585,7.266491805546043,-2.7246286504140125,14.059780810531633,7.634501856786052,-2.024287177834828,6.118241871617407,-0.5838981605085469,5.975061222184814,-2.6215834979242474,1.759616549836801,-1.310235192342716,2.2580213498232284,5.792860377199636,2.3106154848086478,-1.381743634180685,-7.193080797645188,-1.2649639723641184,0.999257869841776,17.161919077268635,0.3836739582434485,4.586076401483558,-8.270718451845603,3.3567127935548955,-5.236392512531177
1.4630202124662048,5.000281754657719,-10.197683304694861,-10.065720225098149,4.158688983373543,-10.166586606651476,-4.5328226648019285,7.953357810355332,-8.044692022431672,0.8439860765080738,6.219547340384883,0.3586511585803138,-2.2835274569990647,-3.177537828305291,8.25272736974189,0.3881220090965558,-5.97489002022092,0.900569502745544,2.127793909697194,12.790361970575074,-6.000830771190932,-9.94911583434672,0.1737870994498258,-3.2405352599003656,-9.58048660480881,6.337850674442872,12.785493304791437,8.020300104956059,9.759938687834799,-4.906968101217213,-0.7533038306493045,4.1243938498395645,1.9138057759294649,5.364308005429925,-0.6593785247171704,-18.352899850389214,-4.316446172892283,3.8142277629203662,3.4154921890024177,0.6078554971593302,-10.305473360928534,-4.277933635708114,-7.732872677481834,-2.902884250934452,1.09684275503027,1.3484384777454301,-5.681528985414912,-3.308788584428038,14.312974781088155,-7.685758979132522
4.196097696533098,4.6635075908917925,1.0244831767270244,4.158688983373544,-6.16645385370885,-10.069238211860094,-3.5892401020415616,9.978369327131643,3.498122576579865,-17.197162899301844,-2.716252128174135,4.705603503994773,9.013346284031538,-0.14096392174791872,8.253946227193909,1.7815416593609341,7.302637417508877,5.243370485451244,-6.290995773741861,3.956198570173023,6.24399307414701,-3.5978229785806217,2.6351584995651294,2.7485457468137238,10.429000952122248,-6.386861780913453,-1.5904383358075627,0.8787309801993083,6.867814888485867,0.1200331754006162,5.9468214158952355,3.4040764049512893,4.568837985626604,9.49698526695613,-3.0928629125882035,-5.868351316140166,0.9330690574311691,-4.269615551118382,14.898249437238068,6.855911282770861,1.8584546187641582,-0.5077000200898579,-8.059518745414245,19.37865254573807,8.93623334816257,3.118867091683384,-0.7933583638350336,-11.759864966284493,12.704933939799147,-6.581803313374079
1.2698849320301726,-6.6384594693281285,-7.469043654272466,-10.166586606651475,-10.069238211860094,-11.564392864036282,0.6717124736297957,12.74223205614919,-8.438610591538572,-7.308334755315566,2.1158181042773343,4.7873210926821015,4.751095889298892,1.4799388865184295,6.111403198512244,3.7313743749790276,-7.338185052186146,4.03450096116788,-3.6535821346629196,0.9802770628434656,0.9714466154813456,3.8906377884172336,-1.9755400695302245,-1.7770145286655357,-3.8503975905298167,4.763260212312272,9.879234752843763,2.6591548292241467,6.6026240544981984,-4.755914478648725,7.049819966662351,-2.767675142676053,4.398928039038859,10.35550443206554,-6.396216927975855,-7.608934268748895,4.226176014187097,-0.8948983427928887,8.3143443954308,-7.118496048823742,-3.5393199709834726,3.509952379361988,-7.23182721024678,-0.020184758185483487,0.07876282529828649,-3.655446162884461,6.219041259225318,-1.6769524061501857,-2.0868092709538955,-8.084773770317085
-0.46888941521949273,0.010054599394766384,-8.489000417320456,-4.532822664801928,-3.589240102041561,0.6717124736297946,5.528113843736447,-3.820435436519282,-1.0875117802802554,3.412976966733157,6.764581097894226,-0.9712829843905187,2.9907339160710595,3.0265292622696536,-0.23259231910542288,-2.0125454186322416,-0.7801076781524627,0.5617329157170514,-4.175066974294145,1.5482011942453813,-4.8865933751777,-0.7694857959761375,0.4483645814454742,-0.40429609200350436,0.7069821975284308,-0.07146758545207149,-4.2644725376032735,-0.3533699234656773,4.2784498061246765,-5.269476075313203,0.4526165644470451,0.37284050487269477,-0.04125103599316221,1.9862701240866187,-0.17232403666258067,-6.287486175940675,-2.2910035575484233,-0.07522811168120347,4.038272628251871,-0.5601497816548635,1.4101772030965498,0.2202570499828993,4.6372072246097575,-7.903743093672887,4.822571104872444,0.6965734863236853,0.07307120475395112,3.61023342817914,-5.422723369924313,-7.8792552432889735
6.148065042508264,-5.782964449857444,1.1805580590585645,7.953357810355333,9.978369327131643,12.74223205614919,-3.8204354365192814,3.797693767094975,0.8589703467485872,2.9043461863113187,-14.284482292599163,-18.600024610326393,-13.21330698285619,2.7792814814253686,-15.28962254416639,-9.273804343365002,5.84923864840903,0.743149680374469,7.554051331098398,-2.7263668479303433,5.295707256037014,7.973591729455157,2.575962427209611,-0.8093781144783445,1.5437993877549936,1.2586262977200053,-0.35680825839765695,-2.3742504561008557,4.017596335324265,4.097808832309175,3.7833807357340317,2.005984653553994,-4.657330844909873,-1.576086893965386,5.439732155494232,5.231375784941711,7.459339904115378,2.373532239146977,-12.50296545125499,4.065827145213548,4.377013912451922,2.606493868927056,0.18684279809919757,-4.535389181702189,-10.830443259089416,-1.3688838980591842,-4.925850759328459,9.515524692759746,-4.297397227428281,1.460062879949005
-6.677825523468903,0.477947282922534,1.737498156480455,-8.044692022431672,3.4981225765798643,-8.438610591538573,-1.0875117802802565,0.8589703467485879,-10.700309701903791,-7.553069765604692,3.7417227323860907,10.106364245131076,1.922795234752424,-10.172130169298457,7.030953706877405,-1.3945402267770386,-4.805338996409617,1.7213770548175067,-9.364283104354845,12.109186336842173,6.854331528233149,-4.381698043846018,3.10018305244845,-1.3498319347749952,-3.3185073950482895,-5.67679166615954,7.911690374580912,6.496605487936549,5.087609431760393,-8.908663973479857,1.245057754103597,-6.8253338236344625,2.8497229451147206,-1.4724692730063729,0.7484915190270076,-15.75927034835347,-4.445341596253115,-4.949131180450707,0.7322807199714514,-4.497289414225006,-9.123808662933936,6.061404591237119,-5.69411803702445,-5.440473140957191,4.741312333415587,8.884346740985075,1.1588463920024648,-2.523580301999317,9.753652089241276,-8.612559113925904
-2.194472370656421,1.2779802020285027,7.390219669029719,0.8439860765080741,-17.19716289930184,-7.308334755315565,3.412976966733157,2.904346186311319,-7.5530697656046915,-3.414059876983619,6.832952797622606,4.707987708037484,-1.787305265942942,-2.3502027403768855,-2.5255340514726883,6.259464753615121,-7.016020314779815,-1.5965648422398409,1.7438723348446432,0.6729533849324807,13.27862150068184,2.145781023785394,2.236014369937922,-4.915281086216108,-7.001227829821318,0.7831204637231546,9.689500064626701,1.2587042862541558,8.273806454777842,-14.470494787342709,4.503355852896044,-2.4678493294073616,-2.0117114561653877,-9.48884436290376,-3.711549287163467,-2.046787847525879,-6.740291533125988,3.756612899670873,6.5548686994459,-3.458739533496566,-3.1537670720149005,3.150875502626404,-0.06412513068965711,0.9674854354834213,13.861047976087649,4.900484453458286,2.915329223928471,-0.010607427958443605,-4.267627578540307,-12.007670556554995
4.597624189431338,-1.7948770573676693,-0.47312912494018566,6.219547340384884,-2.7162521281741348,2.1158181042773347,6.764581097894226,-14.284482292599163,3.7417227323860907,6.832952797622607,-6.614745523911202,-5.793274998776555,-1.654027138975046,9.912691074642478,-3.6201546439882275,-3.885694254149494,3.0401634825634636,6.670478155437682,-2.779095220903894,2.9084244342399996,-7.023376357147658,6.1454012597088745,-1.9540851354897388,-1.9016173679869484,2.339310193069485,0.6954183849157884,0.7925094600799696,-9.289627362876335,-2.2083224062532847,2.063434529997092,0.5518690304103817,-3.4411765196053037,-9.83696592968299,-12.116468477706245,5.071849731279759,11.162681334367528,0.4487235549722551,-0.5493683126661818,-3.5193157480280557,0.22919215084863126,10.002626431914228,-1.8612560993399776,-2.2864956616239445,-5.790298031609832,-2.972310564488831,8.376370686458195,-4.41374868630319,9.32964321191636,-1.63499447053711,0.23192288971285202
6.993531557999862,-4.677981662385817,1.8446797874371446,0.3586511585803129,4.705603503994774,4.787321092682101,-0.9712829843905195,-18.600024610326393,10.106364245131076,4.707987708037483,-5.793274998776555,6.49796180830963,-9.563254126089314,2.6639633571579755,-12.059813700855207,-8.00170378180694,7.358554655356302,-2.1371546624349773,5.160315992651771,-4.460131749286536,-11.494262013296543,7.852270354286158,-0.786810371964631,3.3382949056976425,-9.791858510902191,-0.3040300766036961,-7.022739091185805,2.7060338766888328,-3.1596823780080814,17.103312282206527,-1.176795567175659,2.6309503189068906,-7.636218684091227,-9.6554543696169,6.918155197640394,-2.2491463908728906,15.569708042032945,-1.0138281815150965,-1.7687698367877442,0.9888935479150343,3.213225738043001,2.9037237459787297,17.78471929203522,-14.191759026589436,6.94304070922261,1.605573130195077,-0.34132544110670493,11.28303412700087,-13.999254386329415,0.47176083684695835
5.534658245119765,-3.7567579288282733,11.93014127430265,-2.283527456999066,9.013346284031538,4.751095889298893,2.99073391607106,-13.21330698285619,1.9227952347524235,-1.7873052659429427,-1.6540271389750463,-9.563254126089312,-3.19267253870159,5.366816574632861,-9.040658161243101,-0.9251941651770133,1.4832159769606745,2.0260291861331607,-7.423903828773752,-8.361614405689902,-12.346729998226568,8.594875496848374,-7.447737365072814,-4.917468272492421,-4.183265731763146,0.3450162554284806,-2.5119163488595873,3.607467157031448,-5.669048547281659,-5.468124492354136,0.34524835807859106,6.302083540416504,-3.3926912509249965,4.526573827805605,-1.5893021883473244,6.418455976959915,6.482960677757526,0.5762808114640421,-10.040189798681872,6.468232923173443,3.8148132747041448,1.9449898206609666,6.3385718241467846,4.651874079367517,-8.126941452767957,2.9498909996638845,-2.6364338323204897,8.09332965725539,-4.0676203461036575,6.483331505030333
-6.3329405786039485,-0.42758065383394805,-11.905192068865954,-3.177537828305292,-0.14096392174791883,1.4799388865184298,3.026529262269654,2.779281481425369,-10.172130169298457,-2.350202740376885,9.912691074642478,2.663963357157975,5.366816574632861,6.360518570735906,5.059867260991005,3.7942778455265684,-2.544569055171977,3.931017429780561,-3.070579864618476,4.089902317849015,4.649656098644628,-1.1310263604619626,-1.7979641566502917,-2.899093674893176,-2.7222490533166352,-4.969373147015511,6.862333015280269,-3.306454232251146,-0.04099225599275541,-3.7888463888695645,5.085481890821486,-4.555594467613174,-1.1815764901418158,14.058721008809648,-2.2965405908006726,-13.731461177653033,-4.960562550868102,4.096932410270138,8.277390482623538,2.073386852931892,-0.06408795347487617,-6.028922632131081,-7.0341055693644865,-1.8066208850542669,8.158129130992371,-3.277019980533559,-5.643013859390642,3.600700295023753,12.43721657831425,-5.871359449347025
10.37141048388696,-9.34760781297847,11.291717909207769,8.25272736974189,8.253946227193909,6.111403198512244,-0.23259231910542275,-15.28962254416639,7.030953706877405,-2.525534051472688,-3.620154643988229,-12.059813700855207,-9.0406581612431,5.059867260991004,-5.080641718469632,-9.844550974234686,12.019091753622181,1.1727427814726321,-2.770826324078626,-9.881913435170826,-0.9423660039245036,5.960613979708779,3.954464619464853,-2.143604202196192,3.6271654661656125,7.893355865355839,5.719207294447272,0.884975617006666,-1.675871365013335,2.9800563565078577,9.214981408212147,-0.9963589977821885,4.540418810264858,-7.560468688438393,5.355686058498525,10.923517561643358,8.69318652157813,1.9901469520648114,-9.411095352266587,0.3132278082773421,9.768551849003213,4.868218164168044,0.07248217682050395,-7.887303591494431,-1.823584096003894,4.162665064288836,-4.205329002551303,6.336436631977729,-1.070860893322381,12.001503780274605
2.804115461250535,1.0290095825006849,9.205398594364343,0.3881220090965567,1.7815416593609337,3.7313743749790276,-2.012545418632243,-9.273804343365,-1.394540226777038,6.25946475361512,-3.8856942541494934,-8.00170378180694,-0.9251941651770138,3.7942778455265684,-9.844550974234686,8.494674086602885,12.04176362945381,3.987149451739869,1.5602649367109636,0.24704738515423286,-10.138189293863048,-1.0256359776411357,-1.9026024582763652,2.355793739563792,0.45671486957600915,-1.615610059618633,-5.75647708150785,-2.6580894904529386,2.595663133022984,3.817354081477945,3.639916582639257,2.188712357039055,0.4705365426845609,-2.91601955137132,-5.899955835542183,0.6831531883117409,-0.15199661379468543,1.1830949838102245,-7.533309630809214,2.0686864622242673,12.541706734960885,-1.8194719624365256,6.591386815041727,-0.0008927362736448341,-5.458535712098428,6.391675991915113,-5.643600209495038,10.571650480354295,-11.254469606282864,6.1022353359282215
-6.354120316336838,9.239993278600931,-4.606515076731201,-5.97489002022092,7.302637417508877,-7.338185052186144,-0.7801076781524621,5.84923864840903,-4.805338996409617,-7.016020314779815,3.0401634825634627,7.3585546553563015,1.483215976960674,-2.544569055171977,12.019091753622181,12.04176362945381,7.527065858207515,-0.9745744683718421,9.088346184957917,2.0956593823991625,8.412602658073245,-8.460753746578225,-8.024501256690433,0.7859404077958311,-4.965020206548758,-0.08458253280756639,6.000070912793061,0.12217104892065012,-5.6421344226689545,-1.4421158148164661,2.1113117077207106,2.030601887051529,-2.3841957837639343,6.282224355224621,-2.801403153194671,-6.478581470906484,-0.8349851137067252,8.28146708084855,9.094720955480101,-5.953948759339014,-3.930323107643476,-6.422755962336439,-0.4763901248683471,9.280599144939552,4.6761435154744655,-1.3822926615432631,-3.443163896415301,-2.960879998074458,-0.018193700801467094,4.7924383279301095
0.08215121967771344,-0.3393936297338348,1.5751974329992002,0.9005695027455443,5.243370485451244,4.034500961167881,0.5617329157170516,0.7431496803744679,1.7213770548175058,-1.5965648422398402,6.670478155437682,-2.1371546624349786,2.026029186133161,3.9310174297805607,1.1727427814726323,3.9871494517398682,-0.9745744683718413,5.780935203602305,-2.5001694819151083,3.466962213044202,-4.144752347344481,2.395172490526259,0.11822455713225193,-0.3987795582884648,0.054813901684680144,0.10057770822731382,-2.336567046937147,0.21247354139250166,5.13481854649616,2.4225083585218936,0.3233142517829114,-0.7134903617459072,0.8674560262250645,-5.883038467346355,0.5129014582507179,6.273923660083209,0.6196049184809894,0.9540204919703711,-7.6400417907196285,-0.14362712689599855,6.35920399071239,0.6273015977074125,3.37988251777507,-0.08381262277464419,0.1847262731477673,-0.20150850176582624,-0.013975552909993527,3.578118523678523,-3.315354796925426,-0.644546813620071
-0.0973614989967001,-3.905566628637791,-1.184481612336768,2.127793909697196,-6.29099577374186,-3.653582134662919,-4.175066974294146,7.554051331098397,-9.364283104354845,1.743872334844643,-2.779095220903894,5.160315992651771,-7.423903828773752,-3.0705798646184768,-2.7708263240786266,1.5602649367109631,9.088346184957917,-2.5001694819151075,-1.640314388235244,4.38981758819608,-0.5118453619465572,-13.896297408094085,-3.53578586452688,2.837313042473491,5.630408858911938,2.0641968312912056,-2.2399887647658496,0.16718337852438708,15.954237489343642,-2.408371925761394,0.14140959099221656,-0.15807841846422077,2.1667847636029696,9.440671950315583,-1.105792530535864,-0.9336216514919964,-6.368263830223562,-7.907590446373935,7.553141744333705,1.2984342425467912,-2.7708744863161945,1.188524087917664,-1.4686016614942843,-0.7047538566184911,15.739860962602924,1.6098638046158393,7.604262100346054,-6.2776715597870325,5.080995778877736,-8.754448251868858
-7.709281864587958,-0.47814847423282103,4.883922881884606,12.790361970575074,3.9561985701730222,0.9802770628434656,1.5482011942453817,-2.7263668479303433,12.109186336842173,0.6729533849324818,2.9084244342399996,-4.460131749286536,-8.361614405689902,4.089902317849016,-9.881913435170826,0.24704738515423252,2.0956593823991625,3.466962213044202,4.389817588196079,-1.4356878325832323,0.6281367263580653,3.986924881322417,-4.198738217078313,6.712440311045023,-1.8273895469529107,5.396992046538633,-5.138963331291168,-4.698818318691464,-7.0753273430898584,8.49528208798121,-5.043342543250042,-0.953557594127755,6.252740974401585,1.0966066598595892,5.793005785203617,5.140830579322127,11.801218340698187,4.377445333269383,1.261983040304224,1.259151147705031,-2.8431008997957905,4.634147362961049,3.8389985918619973,-1.1781028698319185,-10.342841561671946,7.103613110148106,5.818234266779864,-3.8443427427064965,1.5854370598781309,15.165195425546477
8.088771893209774,-4.259766370588794,9.71965507512918,-6.000830771190932,6.24399307414701,0.971446615481345,-4.886593375177698,5.295707256037016,6.854331528233149,13.27862150068184,-7.023376357147658,-11.494262013296542,-12.346729998226568,4.649656098644628,-0.9423660039245039,-10.138189293863048,8.412602658073244,-4.144752347344481,-0.5118453619465578,0.6281367263580653,-9.73845812995268,16.28646806441178,-3.3746613174541196,-4.658596739593601,-2.554076278437545,7.780084164223664,-11.840253645582152,-9.12552003697647,-10.557460161768137,8.5263742351864,2.999199269661036,-0.4233840464084373,6.248465949136669,-2.1809885885867937,-8.486101845332646,5.954534493021669,4.9342511823484685,-8.050060621902766,-4.506855655705604,3.0182918437204145,4.913307081850524,-1.9521986875139308,-0.9926183035616154,2.5393782062471004,-1.7519191967891536,-7.853081302537225,-1.9830071307863173,12.65458227075904,-4.692144215335467,7.286257569632084
-1.183891073863665,6.122040393621843,-1.4412118934040081,-9.949115834346722,-3.597822978580621,3.8906377884172336,-0.7694857959761374,7.9735917294551575,-4.381698043846017,2.145781023785394,6.1454012597088745,7.852270354286158,8.594875496848374,-1.131026360461962,5.960613979708781,-1.0256359776411368,-8.460753746578225,2.3951724905262584,-13.896297408094085,3.986924881322416,16.28646806441178,1.8641613241287978,-0.3890480480442725,-4.086725648385001,7.593856050173602,1.7332149703981068,1.2281188230059397,-2.103391086059335,-0.018061372346488413,-5.117347069788494,-6.7377567289475895,0.5701486942016181,0.5416033782893582,9.498802549817915,2.9006784886926145,1.0259975498609186,-1.7929539012276479,-9.083675735713113,5.415933518394107,1.6852496825315688,1.5829213279742884,-9.393734583318054,-6.47533658640883,-0.824433171990145,-0.8135392850932502,-0.1211176386735795,-2.757563069617787,1.9050241481175623,15.548558034376532,-13.707865155235877
0.14402110377373623,-0.364054223698985,1.3690081559566072,0.17378709944982668,2.6351584995651294,-1.9755400695302239,0.44836458144547403,2.575962427209611,3.1001830524484495,2.2360143699379225,-1.954085135489739,-0.7868103719646297,-7.447737365072814,-1.7979641566502917,3.9544646194648525,-1.9026024582763652,-8.024501256690431,0.11822455713225277,-3.535785864526881,-4.198738217078313,-3.3746613174541182,-0.3890480480442729,5.130227477392456,-0.19667811241698496,-0.4718416049956258,-0.13377929201313277,0.005542554052350712,-0.24008506923452028,0.9386456982243726,-1.7168971413838479,-0.4816928061050814,-0.12338421077381234,-0.17792120608790807,2.1472770837901365,1.123485783250674,0.5526886549054947,8.713985078162501,0.19298588043038312,-0.19907289720769072,-0.096490395014035,6.374523976459201,0.32372906994198075,4.5848355038915525,7.36343297757574,1.1735356079201325,0.0320417443887534,0.7716315957061035,2.2307611796566738,-2.893721404984007,6.389123458192072
-0.1633856080946534,-0.6369716762366171,-2.6250580767217095,-3.2405352599003674,2.7485457468137233,-1.7770145286655354,-0.40429609200350347,-0.8093781144783438,-1.349831934774995,-4.915281086216108,-1.9016173679869477,3.3382949056976416,-4.917468272492421,-2.8990936748931757,-2.143604202196192,2.3557937395637922,0.7859404077958323,-0.3987795582884651,2.837313042473491,6.712440311045023,-4.658596739593602,-4.086725648385001,-0.19667811241698546,5.867449009847642,-0.1248065173683156,-0.09488145957864103,7.6101382497266306,0.3189719770197279,-1.6310511431970143,2.0404112008554747,0.3791610335788077,-0.2916405607144523,0.08509800297220499,-7.539383604800899,0.15183805207444023,-0.9540778685982436,6.998812362618034,-0.4417333093089988,3.224584102107582,0.28991683939365265,3.949880716670905,-0.37447623905367067,-4.722641912365555,4.0663648725454005,-8.08370022432862,0.4532018948402681,0.16337059351931568,-0.034477374338179156,6.326560141705846,3.7985664602640794
-0.056965409876561623,0.4324138422712346,-0.5538472734142765,-9.580486604808812,10.429000952122248,-3.8503975905298167,0.7069821975284307,1.5437993877549938,-3.3185073950482895,-7.001227829821318,2.339310193069486,-9.791858510902191,-4.183265731763146,-2.722249053316636,3.6271654661656116,0.4567148695760084,-4.965020206548757,0.05481390168468031,5.630408858911939,-1.8273895469529111,-2.5540762784375457,7.593856050173602,-0.4718416049956263,-0.1248065173683146,5.458410783776166,0.10477781178830181,-6.396446933620668,0.5518271533228155,-8.198621547741627,3.5744191450473006,-0.42769805252823,-0.2484924823891672,0.5552957112526351,0.8904722103288389,-0.5420169976536413,5.418728965682668,-2.611544720788246,-0.901393658458534,4.5364137197284204,-0.19843862280167823,-4.826761289510889,0.21449633963162107,-5.904803614546281,2.2742669478327118,1.3351765649926581,-0.3196826134067101,-0.34836918174902465,-1.2048581769004287,-4.303091660629713,-1.2028827787743817
-0.4777020039546656,-0.9034774819280902,-7.837246586977558,6.337850674442872,-6.386861780913454,4.7632602123122725,-0.07146758545207123,1.2586262977200053,-5.67679166615954,0.7831204637231537,0.6954183849157892,-0.3040300766036965,0.34501625542848013,-4.969373147015512,7.89335586535584,-1.6156100596186325,-0.08458253280756511,0.10057770822731382,2.0641968312912056,5.3969920465386325,7.780084164223662,1.7332149703981075,-0.13377929201313254,-0.09488145957864047,0.10477781178830158,6.039760247884342,-0.07050226839115337,-0.8228877495493607,0.3273875938136629,-4.6134343788234204,0.6914030031477609,0.1319148474932278,-0.40290980801987775,0.7573005562728964,-0.26342192470543924,-0.5310854494154091,-1.9447121781070866,0.19566526201083656,5.868994740540524,-0.546723464178952,-0.9985499604018391,0.6318731584413722,1.6904144054038526,-2.893230263533159,-3.9118648791975605,-0.144167245599184,0.6120062852936894,-7.3140230375602275,-8.446728890472762,-5.155597947013706
0.18711807238540834,8.359652515466106,7.2664918055460435,12.785493304791437,-1.5904383358075629,9.879234752843763,-4.264472537603274,-0.35680825839765645,7.911690374580911,9.689500064626701,0.7925094600799698,-7.022739091185805,-2.5119163488595855,6.862333015280268,5.719207294447271,-5.75647708150785,6.00007091279306,-2.336567046937148,-2.23998876476585,-5.138963331291168,-11.840253645582152,1.2281188230059392,0.005542554052350768,7.610138249726632,-6.396446933620669,-0.07050226839115337,-11.707461726083729,4.869400350656646,2.550885740339166,15.679410223852793,2.7996102323468524,-1.3323529993385699,5.0437132876914905,3.147755219963296,10.184949212227371,16.118789638157768,7.192351993936259,0.9925190335249037,-1.6489216197196765,-1.5158882272375112,11.420247655884271,-6.829043333723659,7.963343494016161,-0.9976584013425862,-3.42600728774125,4.838996218941784,-5.988443053527009,0.5291350350652525,0.790342968094117,4.167777222129668
0.09907194407661346,0.2449445892540987,-2.724628650414012,8.020300104956059,0.8787309801993085,2.6591548292241463,-0.35336992346567775,-2.374250456100856,6.496605487936548,1.2587042862541569,-9.289627362876333,2.706033876688832,3.607467157031447,-3.306454232251146,0.8849756170066672,-2.658089490452938,0.12217104892065027,0.21247354139250024,0.16718337852438736,-4.698818318691464,-9.12552003697647,-2.1033910860593337,-0.24008506923452005,0.31897197701972757,0.5518271533228151,-0.8228877495493596,4.869400350656646,5.325156643132415,-1.9579958316699106,-3.881325954996956,-0.5712568244742168,-0.6395870608577852,-0.16063105665817573,7.76991050271063,-0.20346714656409404,7.371296155269071,-4.7789782308950635,-0.798826535799803,-2.671925271797198,0.06646925643109027,0.7551278563315305,-0.3948530991415317,-3.434676824818826,-0.9677315588636195,-2.6521386872049892,-0.3149700426523726,0.3997454293388717,-5.97118316705132,4.801298101430862,-9.064673483336696
8.692035606399278,-3.358641313195921,14.059780810531633,9.759938687834799,6.867814888485866,6.602624054498198,4.278449806124677,4.017596335324266,5.087609431760393,8.273806454777842,-2.208322406253284,-3.159682378008082,-5.669048547281658,-0.04099225599275569,-1.675871365013335,2.595663133022982,-5.6421344226689545,5.134818546496161,15.954237489343642,-7.075327343089859,-10.557460161768137,-0.018061372346488302,0.9386456982243722,-1.6310511431970125,-8.198621547741627,0.3273875938136632,2.550885740339167,-1.957995831669912,-2.1543972207292095,1.0121146585627587,1.5864259325069192,8.735767993001168,0.1365160218754088,1.0609961171356639,0.2938320589028784,9.607331378121186,1.1152340885666345,3.1002267622951267,-11.504819256982326,9.862266091710824,1.7479558522564984,5.355334024127658,17.47507152053082,-9.549377991622892,0.7332482650654222,-2.3738101322122214,-4.552462158180288,0.7923742987669198,-4.4509424177236,14.840171657944456
8.459144977448565,-1.5446935974976364,7.634501856786052,-4.9069681012172115,0.12003317540061498,-4.755914478648726,-5.269476075313204,4.097808832309176,-8.908663973479857,-14.470494787342709,2.0634345299970915,17.103312282206527,-5.468124492354136,-3.788846388869564,2.980056356507859,3.8173540814779456,-1.4421158148164657,2.4225083585218923,-2.408371925761395,8.49528208798121,8.5263742351864,-5.117347069788494,-1.7168971413838487,2.0404112008554747,3.574419145047301,-4.6134343788234204,15.679410223852793,-3.881325954996956,1.0121146585627594,5.827501385350905,-3.956163935502891,4.310526798191399,4.290308274788234,-0.48683396029302606,-8.938235420618653,4.531134724986809,-17.985501658065044,6.076934774425592,-7.13640811986832,-2.2045344053494715,-4.916281279267903,-2.976811935440521,-12.023326727439558,-1.7543729235516432,3.6245304192357297,-7.816933716460069,-0.710337010522028,-7.748393987627032,5.9851646454988625,-10.61556068890825
0.3531485095091457,-0.33186092824217295,-2.0242871778348275,-0.753303830649304,5.946821415895235,7.049819966662352,0.4526165644470449,3.7833807357340317,1.2450577541035972,4.5033558528960445,0.5518690304103806,-1.1767955671756598,0.3452483580785921,5.085481890821486,9.214981408212148,3.6399165826392563,2.11131170772071,0.32331425178291046,0.14140959099221684,-5.043342543250043,2.9991992696610357,-6.7377567289475895,-0.4816928061050805,0.3791610335788075,-0.42769805252823123,0.6914030031477614,2.7996102323468524,-0.571256824474217,1.586425932506919,-3.956163935502891,4.817396505970834,0.06499311006702524,0.6265788018053841,1.5789194838615006,-0.028559256495634622,2.025687662707256,-1.4519800568461507,-0.2962492642116978,1.4455079482631152,0.2768907928993871,-3.331406610683569,-0.3956812824625412,0.7966326202274876,8.272497580697076,2.4813529642631327,0.09991057246727175,-0.003907564658061413,-7.159112679250825,0.007770588369309106,-1.443518191161141
0.2991634071130592,-0.08900983701104392,6.118241871617406,4.1243938498395645,3.4040764049512884,-2.7676751426760537,0.37284050487269416,2.0059846535539934,-6.8253338236344625,-2.467849329407362,-3.4411765196053046,2.6309503189068915,6.302083540416503,-4.555594467613173,-0.996358997782189,2.188712357039056,2.030601887051529,-0.7134903617459071,-0.1580784184642195,-0.9535575941277546,-0.42338404640843663,0.5701486942016183,-0.1233842107738121,-0.2916405607144533,-0.248492482389167,0.13191484749322702,-1.3323529993385699,-0.6395870608577864,8.735767993001168,4.310526798191398,0.06499311006702513,4.824532279056246,-0.24942065316513945,1.4394699904615198,0.07935623485544574,1.7924956762889646,3.1818669143974065,-0.17231576619894395,3.198322805841559,0.33797968894266606,6.085058764801491,0.13310368727417576,1.2542928880443207,6.565287959687269,-1.100888682979236,-0.25606776292165867,0.733308678679307,8.835233240778358,-3.2630853871853236,-4.368061401229472
0.3085201288728249,-0.23454785540399528,-0.5838981605085469,1.9138057759294653,4.568837985626604,4.39892803903886,-0.04125103599316238,-4.657330844909874,2.8497229451147206,-2.0117114561653873,-9.836965929682988,-7.636218684091227,-3.3926912509249965,-1.1815764901418162,4.540418810264856,0.470536542684561,-2.3841957837639343,0.8674560262250626,2.1667847636029705,6.252740974401585,6.248465949136668,0.5416033782893579,-0.17792120608790862,0.08509800297220366,0.5552957112526355,-0.4029098080198783,5.0437132876914905,-0.16063105665817493,0.13651602187540923,4.290308274788235,0.6265788018053841,-0.24942065316514006,4.967179947472517,6.620396725851197,-0.7353878700658205,2.299158006971864,6.604222573019646,-0.5294854339285376,-1.0252075706606867,0.3541625161946865,6.521551079620966,0.29185171906072477,4.934398511717655,-2.3347214867959245,7.9227503175819765,0.5594958299339763,0.6236992701736795,-4.936475133516088,-3.3142269328328693,-3.8604393853128145
7.614409459107535,0.1104728676945772,5.975061222184812,5.364308005429925,9.49698526695613,10.355504432065539,1.986270124086619,-1.5760868939653871,-1.4724692730063733,-9.48884436290376,-12.116468477706245,-9.6554543696169,4.526573827805605,14.058721008809647,-7.560468688438393,-2.916019551371322,6.28222435522462,-5.883038467346355,9.440671950315584,1.0966066598595894,-2.180988588586792,9.498802549817915,2.147277083790137,-7.539383604800898,0.8904722103288387,0.7573005562728963,3.147755219963297,7.76991050271063,1.060996117135665,-0.4868339602930267,1.5789194838615015,1.4394699904615187,6.620396725851197,8.522142966833734,-5.0196259004159245,9.799813175442779,11.496616964777692,-5.730242427825129,-5.229669621542271,-2.7525542921868613,-4.914913705214526,0.11213287566443975,1.3568695760124965,-7.6936808669131835,-4.545272324490228,-4.435624969720343,-5.389218876922323,-2.3693431932013342,-8.66818281254946,1.4058561554396412
0.42590160931907906,-0.5704530695822067,-2.621583497924248,-0.6593785247171714,-3.092862912588203,-6.396216927975855,-0.1723240366625815,5.439732155494232,0.7484915190270081,-3.711549287163466,5.071849731279758,6.918155197640394,-1.5893021883473244,-2.2965405908006726,5.355686058498524,-5.899955835542185,-2.801403153194671,0.5129014582507173,-1.1057925305358636,5.793005785203617,-8.486101845332646,2.9006784886926136,1.1234857832506744,0.15183805207444045,-0.5420169976536411,-0.26342192470543924,10.18494921222737,-0.20346714656409304,0.29383205890287767,-8.938235420618655,-0.028559256495635357,0.07935623485544585,-0.7353878700658203,-5.019625900415926,4.532452654029125,-0.5627816537981163,-2.146512340490303,0.2551531614332968,-5.923030121326794,0.6728753254251605,-1.0314623289026688,0.09032202282724633,-7.245705494662462,4.862120164472027,7.610151178745231,-0.1644227829273589,0.47102148186209325,-2.2971562394946248,-5.786029342812239,0.19720492610693874
-3.207618839873072,-2.65122136811846,1.7596165498368004,-18.352899850389214,-5.868351316140167,-7.608934268748896,-6.287486175940674,5.23137578494171,-15.759270348353468,-2.0467878475258794,11.162681334367528,-2.249146390872891,6.4184559769599145,-13.731461177653033,10.923517561643356,0.683153188311741,-6.478581470906485,6.273923660083209,-0.9336216514919968,5.140830579322128,5.954534493021669,1.0259975498609184,0.5526886549054946,-0.9540778685982431,5.418728965682668,-0.5310854494154095,16.118789638157768,7.37129615526907,9.607331378121188,4.531134724986809,2.0256876627072566,1.7924956762889634,2.2991580069718642,9.799813175442777,-0.5627816537981161,5.283056454465175,-10.59442891022971,-3.6585349572698296,8.556333498757926,0.9638218064121948,-12.566335959401718,-0.5600697686685983,4.115602431279464,12.398893091645444,-2.266337233814227,5.544070125303974,0.14586351390765406,-6.791452280623613,6.1677601501984,-3.4100848146586666
0.07692729047315194,-7.4006506349356656,-1.310235192342716,-4.316446172892283,0.9330690574311693,4.226176014187097,-2.2910035575484233,7.459339904115379,-4.445341596253116,-6.740291533125988,0.4487235549722546,15.569708042032945,6.482960677757527,-4.960562550868102,8.693186521578129,-0.15199661379468554,-0.8349851137067243,0.6196049184809886,-6.368263830223562,11.801218340698188,4.9342511823484685,-1.7929539012276487,8.713985078162501,6.998812362618035,-2.611544720788247,-1.9447121781070869,7.19235199393626,-4.778978230895064,1.1152340885666348,-17.985501658065044,-1.4519800568461512,3.181866914397408,6.604222573019645,11.496616964777692,-2.146512340490303,-10.59442891022971,-10.226177154150808,3.1578384027163597,0.5291592092095393,0.7687397275430669,-6.71287302026175,2.048963825603959,-13.720086662939938,2.875593039605154,8.02480343707603,-7.852378576799066,0.5623860701590464,-6.144998422567777,7.1611153999757695,-5.33022298126841
-0.8424978103900187,-0.3492868971055876,2.2580213498232284,3.8142277629203654,-4.269615551118382,-0.8948983427928894,-0.07522811168120286,2.373532239146977,-4.949131180450706,3.7566128996708725,-0.5493683126661828,-1.0138281815150978,0.5762808114640419,4.096932410270138,1.9901469520648125,1.1830949838102243,8.28146708084855,0.9540204919703719,-7.907590446373935,4.377445333269383,-8.050060621902766,-9.083675735713113,0.19298588043038303,-0.44173330930899846,-0.9013936584585341,0.1956652620108359,0.9925190335249041,-0.7988265357998039,3.1002267622951267,6.076934774425592,-0.296249264211697,-0.17231576619894318,-0.5294854339285376,-5.730242427825129,0.2551531614332967,-3.65853495726983,3.157838402716359,5.013291052373345,-1.4947034911560793,-0.244356700809378,3.084352573104304,0.123428906395816,-1.4662224372798915,4.842196471889833,7.799285136655405,-0.2053744678683629,-0.10511022486923105,0.2559186237129567,6.592355490868119,-9.284431916033101
1.1746962297977697,-4.544691807005584,5.792860377199634,3.415492189002417,14.898249437238068,8.314344395430798,4.038272628251872,-12.50296545125499,0.7322807199714517,6.554868699445901,-3.519315748028056,-1.7687698367877438,-10.040189798681874,8.277390482623538,-9.411095352266587,-7.533309630809214,9.0947209554801,-7.6400417907196285,7.553141744333705,1.2619830403042247,-4.506855655705604,5.415933518394105,-0.19907289720769097,3.224584102107583,4.53641371972842,5.868994740540526,-1.648921619719677,-2.671925271797198,-11.504819256982326,-7.13640811986832,1.4455079482631148,3.1983228058415594,-1.0252075706606867,-5.229669621542272,-5.923030121326794,8.556333498757926,0.5291592092095394,-1.4947034911560793,6.961152960643496,-0.3751850982342551,6.23109468777394,4.382463053508376,0.6606387890227916,-6.820068803878612,-13.068275701097246,0.6435167527180365,8.570316222711654,-1.2966549112571157,-1.3039289827569793,5.907643930308342
1.3442066708439275,-0.466050421192613,2.310615484808647,0.60785549715933,6.855911282770862,-7.11849604882374,-0.5601497816548642,4.065827145213549,-4.497289414225006,-3.458739533496565,0.22919215084863098,0.9888935479150336,6.468232923173443,2.073386852931893,0.31322780827734276,2.0686864622242673,-5.953948759339014,-0.1436271268959975,1.2984342425467914,1.2591511477050321,3.018291843720414,1.6852496825315688,-0.09649039501403532,0.28991683939365326,-0.1984386228016779,-0.5467234641789513,-1.5158882272375125,0.06646925643108996,9.862266091710824,-2.2045344053494706,0.2768907928993862,0.33797968894266583,0.3541625161946864,-2.7525542921868613,0.6728753254251603,0.9638218064121961,0.7687397275430671,-0.2443567008093781,-0.3751850982342556,5.639808155190963,0.2689843326744885,0.31290314431172206,6.213525037429231,-0.3612367930786322,-7.796888746721786,0.22487983615046547,-0.5109617857504198,1.7644010154128937,1.8434130314804078,-5.128422464784909
-2.1039300555801748,1.4037460375193487,-1.3817436341806846,-10.305473360928534,1.858454618764159,-3.539319970983472,1.4101772030965496,4.377013912451922,-9.123808662933937,-3.1537670720149005,10.002626431914226,3.213225738043001,3.814813274704144,-0.06408795347487628,9.768551849003213,12.541706734960885,-3.930323107643476,6.35920399071239,-2.770874486316195,-2.84310089979579,4.913307081850523,1.5829213279742889,6.374523976459201,3.949880716670906,-4.826761289510889,-0.9985499604018386,11.42024765588427,0.7551278563315303,1.7479558522564984,-4.916281279267903,-3.3314066106835694,6.0850587648014915,6.521551079620967,-4.914913705214526,-1.0314623289026685,-12.566335959401718,-6.71287302026175,3.084352573104305,6.231094687773939,0.2689843326744886,8.04799992742541,2.4582952985662314,-2.2159559038899097,-1.1863967824040982,2.7750168084552023,-1.7789539361854971,-8.39269824775837,-11.314835188493612,2.6596431636240485,4.886482196130464
0.16882162409672785,-0.04498233658769496,-7.193080797645188,-4.277933635708115,-0.507700020089858,3.509952379361988,0.2202570499828986,2.606493868927056,6.061404591237119,3.1508755026264046,-1.861256099339978,2.903723745978729,1.944989820660966,-6.028922632131083,4.868218164168044,-1.8194719624365252,-6.422755962336441,0.6273015977074121,1.1885240879176642,4.634147362961049,-1.9521986875139308,-9.393734583318054,0.3237290699419807,-0.3744762390536712,0.21449633963162107,0.6318731584413713,-6.829043333723658,-0.394853099141531,5.355334024127658,-2.9768119354405203,-0.3956812824625402,0.13310368727417632,0.29185171906072543,0.11213287566443952,0.09032202282724633,-0.5600697686685968,2.048963825603959,0.12342890639581638,4.382463053508375,0.3129031443117217,2.458295298566232,5.097217556458498,-5.149147175255657,-0.5085056415215788,2.812417061045248,-0.3631620574163139,-0.5566677637041123,3.674497917856833,1.4125550140988625,6.93038305332918
-4.604562134389202,4.043553686587609,-1.2649639723641184,-7.732872677481834,-8.059518745414248,-7.231827210246781,4.637207224609757,0.18684279809919746,-5.69411803702445,-0.06412513068965642,-2.286495661623945,17.78471929203522,6.3385718241467846,-7.034105569364485,0.0724821768205034,6.5913868150417265,-0.476390124868348,3.37988251777507,-1.4686016614942827,3.838998591861997,-0.9926183035616152,-6.4753365864088295,4.584835503891552,-4.722641912365554,-5.904803614546281,1.6904144054038532,7.963343494016161,-3.434676824818826,17.47507152053082,-12.02332672743956,0.7966326202274872,1.2542928880443196,4.934398511717655,1.3568695760124974,-7.245705494662463,4.115602431279464,-13.720086662939938,-1.466222437279892,0.6606387890227914,6.213525037429232,-2.21595590388991,-5.149147175255657,-9.212896752101532,1.1032220785109732,4.202579145066574,-4.6965546460791945,-3.7112449056635564,-11.899378822485087,-0.12321620505959607,-11.172057615106056
1.857774561792655,9.397402322638133,0.9992578698417754,-2.9028842509344517,19.37865254573807,-0.02018475818548149,-7.903743093672887,-4.53538918170219,-5.440473140957191,0.9674854354834213,-5.790298031609833,-14.191759026589436,4.651874079367517,-1.8066208850542673,-7.887303591494431,-0.0008927362736455002,9.280599144939552,-0.08381262277464413,-0.7047538566184899,-1.1781028698319194,2.5393782062471,-0.8244331719901457,7.363432977575741,4.066364872545401,2.2742669478327118,-2.8932302635331593,-0.9976584013425857,-0.9677315588636197,-9.549377991622892,-1.7543729235516423,8.272497580697076,6.565287959687268,-2.3347214867959254,-7.693680866913184,4.862120164472028,12.398893091645443,2.8755930396051532,4.842196471889833,-6.820068803878612,-0.36123679307863155,-1.1863967824040993,-0.5085056415215787,1.1032220785109716,-4.675728410976914,-12.132717641602722,-10.113987964090882,-0.6073179263703512,6.8501255609881895,-10.917230036582684,6.400992310459281
-3.450088114763655,6.024069527894341,17.16191907726864,1.0968427550302706,8.93623334816257,0.07876282529828749,4.822571104872444,-10.830443259089416,4.741312333415588,13.861047976087649,-2.972310564488832,6.94304070922261,-8.126941452767957,8.15812913099237,-1.8235840960038932,-5.458535712098428,4.676143515474466,0.18472627314776702,15.739860962602924,-10.342841561671946,-1.7519191967891534,-0.8135392850932504,1.173535607920132,-8.08370022432862,1.3351765649926577,-3.9118648791975605,-3.4260072877412506,-2.6521386872049884,0.7332482650654218,3.6245304192357293,2.4813529642631327,-1.1008886829792353,7.922750317581976,-4.545272324490228,7.610151178745231,-2.2663372338142276,8.02480343707603,7.7992851366554055,-13.068275701097246,-7.796888746721786,2.7750168084552023,2.8124170610452466,4.202579145066573,-12.132717641602722,-5.460797935978593,-2.793476567919342,0.32215634591607806,6.8184920414643075,-16.061616522317205,-7.164119936226357
0.06618018142957277,0.49810954192521195,0.3836739582434481,1.3484384777454297,3.1188670916833834,-3.655446162884462,0.6965734863236852,-1.3688838980591849,8.884346740985077,4.900484453458285,8.376370686458195,1.6055731301950775,2.949890999663884,-3.2770199805335585,4.162665064288836,6.391675991915112,-1.3822926615432618,-0.20150850176582524,1.60986380461584,7.103613110148106,-7.853081302537225,-0.12111763867357986,0.032041744388752666,0.45320189484026796,-0.3196826134067096,-0.1441672455991838,4.838996218941784,-0.31497004265237233,-2.3738101322122214,-7.816933716460069,0.09991057246727174,-0.25606776292165834,0.5594958299339758,-4.435624969720342,-0.16442278292735857,5.544070125303973,-7.852378576799065,-0.2053744678683626,0.6435167527180361,0.22487983615046442,-1.7789539361854971,-0.3631620574163142,-4.6965546460791945,-10.113987964090882,-2.793476567919342,5.190245720111426,-0.18653347174617574,-0.04379125824564928,-1.0530055126850064,-3.870007943574649
0.30373288391709075,-0.42358579621474846,4.586076401483558,-5.681528985414912,-0.7933583638350341,6.219041259225318,0.07307120475395035,-4.92585075932846,1.1588463920024648,2.9153292239284725,-4.413748686303191,-0.34132544110670493,-2.63643383232049,-5.643013859390642,-4.205329002551304,-5.6436002094950375,-3.443163896415301,-0.013975552909993028,7.604262100346055,5.818234266779864,-1.983007130786317,-2.7575630696177873,0.7716315957061033,0.1633705935193166,-0.348369181749024,0.6120062852936884,-5.988443053527009,0.39974542933887175,-4.552462158180287,-0.7103370105220274,-0.003907564658061441,0.7333086786793073,0.6236992701736805,-5.389218876922323,0.471021481862093,0.14586351390765429,0.5623860701590457,-0.10511022486923094,8.570316222711654,-0.5109617857504187,-8.392698247758371,-0.5566677637041131,-3.7112449056635555,-0.6073179263703505,0.3221563459160787,-0.18653347174617596,5.525889071504462,2.489879835906937,1.034247356542508,-3.6863457624676053
5.312079973672857,-5.397578179162009,-8.270718451845603,-3.308788584428037,-11.759864966284493,-1.676952406150186,3.6102334281791384,9.515524692759747,-2.5235803019993166,-0.010607427958444271,9.32964321191636,11.28303412700087,8.09332965725539,3.600700295023753,6.33643663197773,10.571650480354295,-2.960879998074458,3.578118523678522,-6.2776715597870325,-3.844342742706496,12.65458227075904,1.9050241481175623,2.2307611796566733,-0.034477374338179434,-1.2048581769004283,-7.3140230375602275,0.5291350350652528,-5.971183167051321,0.7923742987669206,-7.74839398762703,-7.159112679250825,8.835233240778358,-4.936475133516088,-2.369343193201335,-2.2971562394946243,-6.791452280623613,-6.144998422567778,0.2559186237129569,-1.2966549112571173,1.764401015412894,-11.314835188493612,3.674497917856833,-11.899378822485087,6.8501255609881895,6.8184920414643075,-0.043791258245648446,2.489879835906937,-1.424424168554589,-5.1456339214393285,-7.294774111317128
-1.8768617536109242,-7.288539773363839,3.3567127935548955,14.312974781088155,12.704933939799147,-2.086809270953895,-5.422723369924312,-4.297397227428283,9.753652089241276,-4.267627578540306,-1.6349944705371096,-13.999254386329415,-4.0676203461036575,12.43721657831425,-1.070860893322381,-11.254469606282862,-0.018193700801466983,-3.3153547969254267,5.080995778877735,1.585437059878132,-4.692144215335466,15.548558034376533,-2.893721404984006,6.326560141705846,-4.303091660629714,-8.44672889047276,0.7903429680941174,4.801298101430862,-4.450942417723599,5.9851646454988625,0.00777058836930898,-3.263085387185324,-3.3142269328328697,-8.66818281254946,-5.78602934281224,6.167760150198399,7.1611153999757695,6.592355490868118,-1.3039289827569798,1.8434130314804076,2.659643163624048,1.4125550140988627,-0.12321620505959588,-10.917230036582685,-16.06161652231721,-1.0530055126850064,1.034247356542508,-5.1456339214393285,-6.4116530784619865,-3.014355405970536
-1.3987976173453625,5.004120063199412,-5.236392512531178,-7.685758979132522,-6.5818033133740785,-8.084773770317083,-7.8792552432889735,1.460062879949005,-8.612559113925904,-12.007670556554995,0.2319228897128527,0.47176083684695813,6.483331505030332,-5.871359449347025,12.001503780274607,6.102235335928222,4.7924383279301095,-0.6445468136200712,-8.754448251868858,15.165195425546477,7.286257569632084,-13.707865155235877,6.389123458192072,3.7985664602640803,-1.2028827787743817,-5.155597947013705,4.167777222129668,-9.064673483336698,14.840171657944456,-10.61556068890825,-1.4435181911611412,-4.368061401229472,-3.860439385312814,1.4058561554396416,0.19720492610693896,-3.4100848146586666,-5.33022298126841,-9.284431916033101,5.907643930308342,-5.128422464784908,4.886482196130464,6.93038305332918,-11.172057615106056,6.400992310459281,-7.164119936226357,-3.870007943574649,-3.6863457624676053,-7.294774111317128,-3.0143554059705364,-2.892299447593193
