n
50
c
155.54707317203304 44.10280276679798 40.277606316366565 -169.01468411629074 -125.13182562717788 2.1365175387334943 -111.50973895654 -22.003668036840693 -21.051434475777352 26.821148164779675 124.57466570934234 15.031622071627744 181.54226171601994 -130.01349611972017 16.857986139279788 172.13236000690873 109.45416814251381 -163.04956312507812 -136.84787260273018 156.29334818589322 -17.400135837231105 -28.13517927305905 -163.51187753040875 -190.3192733930235 -114.91395356292267 -146.90152799389256 -29.161392681660335 -9.929821638362267 -148.07083203151032 146.73029123948945 -184.36107121545496 -117.12342784145173 -17.448078973270366 173.4809059033643 -129.26622257952562 -141.22695242920472 -125.84064609541133 -10.385462106799494 19.260934254677 -146.55921082251336 -157.30854921326846 -45.62469979742807 -175.99819737089254 -183.00211647234408 -187.69809743725858 -128.95186650588514 185.6652817963557 161.94657525514367 139.29772834555652 13.040776309714234
Q
-0.9166917372736352,-4.813537616125746,-3.748996986933424,7.2636557287758485,5.151839394984296,1.1369278703710932,6.11746760529697,0.3554774550816937,3.434034632278556,-1.050948508431079,-4.966926536833323,-3.0200913680360775,-9.86180786464788,9.98993920136734,-2.9557423099988585,-8.29056311272639,-16.48703480968749,3.330624287254448,4.112414030629406,-15.677533513051493,10.288469976725631,8.393513774604635,2.688116807285698,1.9391146355465572,5.172977549767841,15.610004826697793,2.0124323198717793,-6.5567276389581055,7.130103386924161,-3.006902238452664,17.62640255799908,-0.759070867315534,-3.3963607274549372,-5.855904519723243,-3.7233062545112734,1.9540330905876775,7.985007705004725,-2.1578043449855606,0.33973780353899746,-2.4360122262881845,10.031884821986997,-8.023606823823263,14.165364685710106,-1.3498630651009655,-3.2580664358092206,-2.3027740066422333,0.7533495518770945,0.6735035861166834,3.0729957306952143,0.9351428868673898
-4.813537616125745,5.923294802791588,0.44166375295151933,-4.739906191167904,6.608186321494025,-0.13289876271033974,-4.3922475545179385,0.3148287760716718,-0.3003783275226852,0.20293741244563707,-5.864153785753724,0.20744036023180845,-0.1368103770614113,-2.882365561043501,-0.6266067614684607,-3.6863570094832587,-7.578830548278867,0.7933744835697865,-5.195568520423945,-2.633318446975739,0.17113639192362967,0.04440331282987767,6.101331652895978,1.7321546980637827,2.5800783295454695,-6.182440277030895,0.24266683583579818,-0.3241707708911723,-6.34730497354891,-7.037392423010595,-4.413943569134329,-9.050737471346821,-0.04093639716218456,5.098255602239568,-8.251586358122895,-5.51526307320792,4.534886560304726,0.22492182805465832,-0.48795918019344753,1.3385969629548335,1.325122988752002,0.2384026208219197,-5.340300691642447,0.1526461018651879,-6.343122210708064,-4.098913962086135,3.025983152960897,4.177111052998803,3.7076554208937873,0.1322132240200412
-3.7489969869334243,0.44166375295152,5.907642731773926,-8.0098671229075,-7.4084780837555755,-0.06278889114945058,-2.0366466568607886,-0.0781967364044289,0.045393639246056106,-0.20057942485721228,-1.2697061372595804,-0.8658623282980217,-8.380451106963907,-2.2004125249517195,-0.47368643945843997,-4.3608398144104505,-1.0225924083473128,-2.0273655800108075,-4.932149364780107,3.07780720376101,0.06701636752359719,-0.1935039869924018,-3.280409818695946,-3.257082329635102,-6.204788581190967,1.5123735123855515,-0.4990112121858735,0.2932740349162049,3.2964028005167076,1.365404773478345,-0.5159695297623421,-7.3468785529397485,-0.5686203297656494,3.956085249250667,-0.02873527607305615,-1.5291581928656497,-3.089130418207243,0.0010607186906501642,-0.10223711623314652,-0.4694446945857138,-2.1209558812069202,-0.14411556663595687,5.987806546186461,-2.29749552768006,0.5660182705540948,5.806254144786416,-9.430567280687601,0.39169122538623424,-4.802740500323809,-0.24170907130142993
7.26365572877585,-4.739906191167904,-8.009867122907501,-3.0536830636972017,-2.702058329825151,-4.260039677569727,-2.7276855911132714,6.381083465355553,4.596828543224778,-1.7040680382814952,4.3059457094340186,-1.4052779905914325,-3.008638953147404,-8.5624792487773,-4.430930174349504,1.7761677987953068,4.083928235583627,1.9301484196960839,3.5285195901071797,10.649278962252763,9.79176701190558,-0.5972774833833655,-1.4226296359794897,-0.26038528262937677,-7.916103911451481,0.27186918329581444,-0.25689535311673795,5.7206751512743415,-3.785589364110733,7.886754158747739,-10.679889475990134,-6.537987340378777,-0.8549674321882086,9.863298195765827,-5.940474605398829,-6.41681198055281,-10.397311321138446,0.8710373247545005,3.9067397191512336,-2.0821068655932944,-9.723164630494315,2.5886416982003295,-6.435923084492233,-1.0432866132904977,-14.959334985620425,-1.823495202927192,5.536872131260551,14.257286089187376,-2.6506321480038997,-0.5403831036840636
5.151839394984297,6.608186321494027,-7.408478083755576,-2.702058329825152,-2.872031249120318,0.6245093108463315,-10.10241585600616,3.046929604669766,-1.8531366589200893,-4.042167737908434,-0.8085712944925315,-5.842391540695529,8.831499325959648,-8.779081202276549,-7.367663323648871,5.120387365937239,-3.0542461720215277,-0.9011586095516417,-4.547130896741951,20.11006696704825,5.353002073882959,-0.7828252112892604,-11.623615547399146,-8.936887097830361,-8.384282586445266,-7.401306165468456,-0.5735334280378384,8.162013580499595,1.9371589676424958,-6.580512025258688,-3.2175799984285716,-10.524654868432355,-1.8835406337452565,-7.1643943147175095,-2.393135150708194,-4.68138758405689,1.5264385073562559,-2.257194871539376,-0.10370585082384043,-6.719500301549315,-9.58827556080225,-4.157526264546828,2.187622112534107,-1.470503283465626,1.834313893733619,-0.7117664208779388,16.971578517749137,-0.5111770779703513,9.03466431563906,-3.0353370843641034
1.136927870371094,-0.1328987627103385,-0.06278889114944963,-4.260039677569726,0.6245093108463311,6.14600731157495,-1.5676005170708043,-0.15614131887435112,0.1899306979043489,-0.4676900564288077,3.575275036850228,0.19526945027256354,8.345941661806572,-7.27603056466566,-0.16105280934336785,-9.208655327503534,-2.7841970497669934,2.6165725552404253,-0.9778071278569925,-5.881703332911628,-0.6985568081918411,0.12893302142230345,-1.170218891021027,3.7790609747677575,-3.219359933359857,7.5053674738497556,-0.11874371636858694,0.29786531690868184,0.6338292059443063,2.7321849848218696,-0.9173246955665485,-0.16084933436935023,-0.28604536091024535,2.441620313391292,-1.7529895002775877,-3.5744775351878344,-0.962408638061647,-0.0474202278806693,-0.5140760585127784,-0.08141288892728821,5.223748897556985,-0.29168302025348447,-3.639745371189307,-0.16573196437676896,2.7271952152884325,3.4474885579308534,-1.2798699826919977,-5.2796546020014254,-0.689990704098371,0.03896924860479889
6.117467605296971,-4.39224755451794,-2.036646656860787,-2.727685591113272,-10.102415856006159,-1.567600517070803,-13.004955223198076,-4.3754393147127795,7.860527705136157,5.841371141437806,2.082365429197219,-5.8850843894705855,7.982905238760832,2.462378999656129,-3.953760116353905,0.6087565408236277,11.198972818597976,3.0630420855848204,-2.441198848291638,0.8603531815130872,-3.768651730556304,7.806672065376489,-0.8297606182318131,-7.870365691888877,-5.832096627173849,-0.22502809976037064,2.7528074762165,-2.045409076784693,-12.26630206579206,6.416663962088029,-11.132578898943642,-1.1235971592852572,3.877836754229906,-1.9930639286516427,-9.852622420830208,-7.76590139161355,-4.574133471045885,-1.2397123197611393,1.5074414679775763,-8.841633979607387,-7.30988308234785,4.8570272935249825,-2.5048012707197804,-7.799765744995311,-8.348359436203202,-8.601694262501676,6.3280694063750005,4.9657111960987015,8.228948575890954,-2.083495458076433
0.3554774550816938,0.3148287760716713,-0.07819673640442878,6.3810834653555535,3.046929604669766,-0.15614131887435262,-4.37543931471278,5.615740149937091,0.25011540577400526,0.17474247853313873,2.9068477487954545,0.1923683252461198,-0.4258582022487487,-0.39533562092374963,-0.28215430566400634,-6.176181774083329,-0.19301875671151036,-2.820488178024205,-1.9417878753801612,-8.726872977200166,-0.022190364318937228,-0.09068326478707306,3.7179646421069212,6.269598126419854,0.12086126620482626,0.15561496454497256,-0.21393387188241508,0.6476511517669452,-7.087776910205321,3.9124154886286364,-2.411695622646601,0.05094559074410668,0.338973429451787,2.5547754545430172,7.748446407853479,6.039491818346874,-2.1053660136076213,-0.44682583510347285,-0.7510228855942763,3.6478138875503348,-1.9762466702687582,-0.23613408196597357,0.30733732497564925,1.7480843589735267,4.797031904635324,-3.0630251651975215,0.7321224413427098,1.8260396548044366,10.214511093996329,0.42024978729558093
3.4340346322785544,-0.3003783275226856,0.04539363924605566,4.596828543224778,-1.8531366589200884,0.18993069790434888,7.860527705136157,0.2501154057740046,5.385883046512145,0.38212252941034774,6.2430269833371765,0.2379770900465071,8.946550578472987,6.21554386532227,-0.8612488480706075,-6.16031496765955,2.1204832131595133,-2.0593549859604816,-0.8833940097078066,-5.0347200927151095,0.23236029475623896,-0.03723972640491846,-4.533441564504046,3.1969344967874727,-1.6512193945596,7.256155781452556,-0.20080053738452291,0.23694443032399082,3.715062094999289,1.6969360466733558,7.56643968743858,-9.27961916220808,0.0307478489340961,6.3155744438329835,-2.2898017478277617,9.279134842895965,4.488352066437491,0.9840475429430929,-0.022525687428208208,6.465108985066251,-7.1539232657333205,0.03191484733259781,-1.2969483985305676,2.0655323979484352,-9.00665989584006,-4.554188138955959,7.660442034802114,6.5195287579343635,-2.163196610860086,-0.24501437280047847
-1.0509485084310797,0.20293741244563582,-0.20057942485721303,-1.704068038281495,-4.042167737908434,-0.4676900564288078,5.841371141437806,0.17474247853313918,0.3821225294103474,5.768755058871908,2.3816687472796696,-0.38713227880745604,0.6100649766205243,-8.341737302588182,-0.10037575873667426,-3.213228718853882,7.71759059447331,1.379309899440418,1.884432861300364,4.976303935986043,-0.0032509889408231865,0.02314925171728588,-6.184106103902216,4.997220896190166,-4.154967752321351,2.6957450309612665,-0.6232012145596482,0.330209319537082,-10.558778240929243,-0.6939081915711124,7.03033860319589,0.599537282762791,-0.03185764913741629,9.478525138748115,0.18462802412606127,-10.605650382241542,6.564109312842226,-0.10542323754806338,-0.7435253824078877,-2.331674882776621,-4.362976308260335,-0.36261040611884904,3.882362349089828,-0.965868824406564,-3.147848030401741,-8.07021990494893,7.398223992142928,-2.2755445882787333,2.0625990052385483,-0.10302275960423912
-4.966926536833323,-5.864153785753725,-1.2697061372595806,4.305945709434019,-0.8085712944925318,3.575275036850228,2.0823654291972185,2.906847748795455,6.243026983337177,2.3816687472796696,7.766193764501377,-0.13205065697057317,0.11131066017643798,-3.9367110584896414,5.572630239993843,-3.6674787642895432,1.7215100725349477,12.939330920402403,4.356653065704045,-4.116499879479223,-2.8862784592866912,7.633162173154893,5.863711988095721,6.6270957109258015,9.485505607409717,3.4022717800359565,-9.175102254252224,3.857114584443963,2.7011287885417734,-1.694546258274317,0.553100687310957,9.669138377062424,1.3283450887043935,-13.337861990765251,3.325305416804639,13.90154826752696,1.2941224310369845,2.3216692994462456,-1.5140771836723452,7.830836101978827,9.55433056681913,-2.1144422958059286,5.58167594122366,7.844711208322351,4.0659286743100465,-2.9289039423697227,5.125037592806568,-13.30922247845394,-14.797722991183296,0.7532675330777774
-3.020091368036077,0.20744036023180884,-0.865862328298022,-1.4052779905914328,-5.842391540695531,0.19526945027256326,-5.8850843894705855,0.19236832524611974,0.2379770900465067,-0.3871322788074563,-0.13205065697057256,4.670761995889463,0.6839650949928393,7.742967923698365,-0.269903291442652,-3.0960077723911095,1.8888897448673965,-2.734405169121969,-9.628108893440384,-1.6968505482032308,0.31366686681511047,0.1546180972017852,1.8738826024985507,6.225152924653498,-5.82870490818833,-2.0213515560946433,0.2704930000814265,0.02551726873498117,2.828723392510955,-2.498633236780969,6.216557291962883,-1.9972808109025657,-0.05221778565771318,-4.954627084370017,-5.852109971104598,-6.5031453287054095,-9.264159724794967,-0.20037250789647826,-0.06288562011334702,6.274023802560438,1.1274295532869938,0.8682068788106021,7.7134080795003,1.976300580096326,-4.209468460873906,1.4503247270624526,4.3694732334816795,-0.8697043037763921,2.1158244484656423,-0.5865418666463758
-9.86180786464788,-0.13681037706141108,-8.380451106963907,-3.008638953147405,8.831499325959648,8.345941661806574,7.982905238760832,-0.42585820224874715,8.946550578472987,0.610064976620524,0.11131066017643665,0.68396509499284,-14.082566057609784,-4.766089804095713,1.4989240118850753,-5.445498425812088,-7.341352913298177,11.928393534664886,0.8328309783796206,-1.369687993213787,-1.871946084262694,3.4374358341485927,5.461205485810234,7.657261762943323,-4.803437397899963,9.328080695290815,-3.5922979804062947,-5.938401888155599,5.519175561743609,-1.3690009296031493,3.424450235818433,5.074441990655119,4.876247352447111,-7.841933412661762,-2.8249303166718422,0.5930044395745768,5.399462967419167,1.1928096060167925,-3.2500620777682716,7.798718227998783,1.8367031942053968,2.364333951984672,3.8160690158483774,0.032184610464321986,2.435681109585998,-4.359819611596164,-12.362498968211733,0.46396557582117715,-0.6454954099398312,-2.2919257298415996
9.98993920136734,-2.8823655610435,-2.20041252495172,-8.5624792487773,-8.779081202276549,-7.27603056466566,2.462378999656129,-0.3953356209237491,6.21554386532227,-8.341737302588184,-3.9367110584896414,7.742967923698365,-4.766089804095713,-7.2079535724134285,0.5553532776881371,3.4031795244838956,-1.3743038737439361,3.354771271918877,-12.22289599303668,7.930533721726921,-2.307754873132293,-2.231906600733066,-7.476603708236602,-9.242719842728947,-10.515925230516823,-2.954267660812649,9.441779911807505,3.2251242628895636,-3.9114340126228924,7.88285427415791,-7.173864641961482,-9.436846458068992,-1.6143062161616837,9.626722710376997,-0.6927635174832727,-0.39257676634135974,-2.0120374155748593,6.152655212253094,-6.782165162529819,-8.282209222793997,7.147968816945156,-2.190586052826143,-8.86857945907328,-8.041966522707588,1.8666696939350724,-8.938321180247192,2.496688297967522,8.733293023077172,-0.8815044107724113,-2.2669253857303047
-2.9557423099988576,-0.6266067614684603,-0.4736864394584398,-4.430930174349504,-7.36766332364887,-0.16105280934336724,-3.9537601163539056,-0.28215430566400634,-0.8612488480706072,-0.10037575873667409,5.572630239993844,-0.2699032914426527,1.498924011885078,0.5553532776881367,5.171635675155772,1.0075955660482374,1.5908827946849395,-4.649054483086124,2.419594661549088,-3.0084621296419183,-0.4719011584905017,-0.1506147022241388,4.61570748770861,-1.8216596596706267,-3.8944113255778134,1.9976206247812915,-0.08082566672360803,-0.5053953017823211,1.5487831488257071,-5.223696731630979,8.868867508635104,-3.528440862816332,0.6072789234463214,-0.022307283635703556,-0.02763401241214669,-6.957625221616638,-3.926822403942305,0.33287254421956525,0.40064494479843893,-1.1171374993055763,5.461827769764584,0.20013759769164924,-8.080911406336014,-1.4438350530636435,9.207999965736553,-0.5825690147760111,1.8790512270847963,-1.8540652339853674,-5.747281565350239,-0.34738272153827976
-8.290563112726392,-3.6863570094832587,-4.360839814410449,1.7761677987953066,5.1203873659372405,-9.208655327503534,0.6087565408236288,-6.176181774083329,-6.160314967659552,-3.2132287188538817,-3.667478764289541,-3.096007772391109,-5.445498425812089,3.4031795244838956,1.0075955660482354,13.812123714479995,-2.1580848239022634,10.630902102054389,7.380584555054144,5.710379405207034,-4.331706620917221,4.1737795320641276,8.524797529860926,1.9412641855372,7.046632147729555,-1.6165450304278688,-7.693599543236147,4.350789781778468,0.9294536988567306,-7.574482007501969,1.1979270952533037,10.387048353271586,6.907967611706581,-13.280471297847333,8.373246830915248,6.5281133046006055,0.1141529968808297,1.1920449260988315,-0.6437414265144159,3.001317381386486,1.9560423541140723,-2.4911650279938033,11.61789799724776,12.826123965424555,3.212776706757107,4.012312367801448,-4.280308649734119,-9.653217359943334,0.3202078717782022,2.7798808522800833
-16.48703480968749,-7.5788305482788685,-1.0225924083473141,4.0839282355836275,-3.0542461720215295,-2.784197049766994,11.198972818597976,-0.1930187567115086,2.1204832131595133,7.717590594473311,1.7215100725349481,1.8888897448673971,-7.3413529132981745,-1.3743038737439368,1.5908827946849398,-2.1580848239022643,-0.381676505193397,9.192129870824084,5.396856957417717,-5.818617612756372,-0.011435076041013181,0.42967582193852993,6.260482245140714,10.663355081285136,9.908998891901655,4.919486211934638,-3.566984349698641,2.7289220898095294,3.7439908889946505,-0.28370455022208296,4.919337406816905,5.3977630796824165,-2.6710025197830998,0.7713030509951482,8.948661090246762,0.2119748076318213,6.119644524679594,1.7817347855886294,-2.8796207105524454,0.19267185321567615,6.484380322455599,-9.056561269244662,6.831163105082875,8.371863794236603,7.435996447005109,12.728809125084698,-6.033388198508722,-4.314400568206606,-8.41622523111558,2.286750786040283
3.3306242872544476,0.7933744835697867,-2.0273655800108075,1.9301484196960828,-0.9011586095516406,2.616572555240424,3.06304208558482,-2.820488178024204,-2.059354985960481,1.379309899440418,12.939330920402403,-2.734405169121969,11.928393534664886,3.3547712719188776,-4.649054483086123,10.630902102054387,9.192129870824084,-4.867360137688207,-4.107447157751142,4.741276279553086,0.46277285172125937,-4.737450272003431,3.3973182680082274,-12.852237393692201,-5.976760714527808,-4.576205104689716,4.001210614210067,6.660559833224164,-2.697699610278698,-1.8064520692437631,-2.7144694980066877,-4.5816100518175125,8.364316668019166,9.961326626498533,-4.526326616025781,0.9200062911236699,-0.9839221351558411,2.5123245836379744,-7.333172094637774,-13.393410247441,-10.571043145443038,6.220306300599242,2.1560678882095106,-3.5806181225787403,-1.519277640712796,-8.347379888831776,4.090103924569992,7.419026265835516,5.6080836197481245,-9.900511394506914
4.112414030629406,-5.1955685204239455,-4.932149364780107,3.5285195901071793,-4.547130896741951,-0.9778071278569922,-2.4411988482916396,-1.9417878753801618,-0.883394009707807,1.8844328613003642,4.356653065704045,-9.628108893440384,0.8328309783796197,-12.22289599303668,2.4195946615490866,7.380584555054145,5.396856957417717,-4.107447157751143,-8.169859451324825,4.772734689394525,-0.47186875995456945,3.4809019695884094,-5.224287101299611,-1.1750623313068624,-0.330627302704942,-2.276856396901394,6.374009309492686,4.541133152057679,-13.734634640431178,7.31337452435764,-6.294204403850585,-18.464382738253327,5.330357776386853,3.8087653170129965,-6.022821193387423,-6.692414567622509,-4.3082799342401294,-4.960599093034386,-0.7935589489831294,-1.3408163453530804,0.8018944266807224,-0.7817648909518974,-11.118954719131988,-0.8025508413572177,1.613545025147495,-12.00606057270253,10.145340008597232,2.9985814231987997,15.4811034390616,-2.342262950776705
-15.677533513051491,-2.6333184469757382,3.077807203761009,10.649278962252762,20.11006696704825,-5.881703332911626,0.8603531815130885,-8.726872977200168,-5.034720092715109,4.976303935986043,-4.116499879479223,-1.6968505482032283,-1.3696879932137869,7.9305337217269205,-3.00846212964192,5.710379405207034,-5.818617612756372,4.7412762795530865,4.772734689394527,5.16793383225945,4.201086552896042,1.6986832366269364,1.7465825157449222,10.387956212612147,13.859836496312413,-4.022254701829503,0.02872836647894006,1.4542089919002665,2.960900282088104,-7.511082510825367,12.430192163509956,2.772678531861228,1.3731572893275164,-4.7677812290590085,-1.8030928143615803,2.543523981369639,0.7432762839216303,-8.864432353972788,-2.864375190009567,3.1614674091615025,10.364802157834239,-8.358486584625814,7.972247947020186,0.73793765484126,4.2390328118303175,-1.1962218471920019,-7.164567264871206,-0.26856920308022414,-4.488104175166025,5.540558350488916
10.288469976725631,0.1711363919236295,0.06701636752359791,9.791767011905579,5.353002073882959,-0.6985568081918418,-3.768651730556304,-0.02219036431893817,0.23236029475623987,-0.0032509889408227632,-2.8862784592866912,0.3136668668151108,-1.871946084262694,-2.3077548731322937,-0.4719011584905022,-4.33170662091722,-0.011435076041012904,0.46277285172125926,-0.47186875995456934,4.201086552896042,5.4976396199879,-0.6896046033313357,5.485482443290621,-7.042157273268373,5.898032587426207,-6.2763643979484165,0.17784464341751183,-0.038296500222779306,5.508748121722509,-1.4356435222466508,5.168294483992728,-0.2396428394522394,-0.0767344100508387,-2.2481173595289325,4.70127512376711,2.764547754865066,-2.6969232143739466,0.39110374478797116,-0.5367638296121215,1.240455385209067,-5.775455521904247,0.3630318274264952,-3.8451436749792576,1.1663677773571335,0.6776227225571565,-0.33197692736048323,-6.7320583905120746,-5.975827051188991,-2.6786394634233375,-0.1388753089901016
8.393513774604637,0.04440331282987764,-0.19350398699240295,-0.5972774833833668,-0.7828252112892589,0.12893302142230537,7.806672065376489,-0.09068326478707181,-0.03723972640491957,0.023149251717285328,7.633162173154893,0.15461809720178593,3.4374358341485918,-2.2319066007330672,-0.15061470222413664,4.173779532064126,0.42967582193853016,-4.73745027200343,3.480901969588409,1.6986832366269362,-0.6896046033313352,6.900768721655392,7.4590231492860095,-6.076138261665,-7.247575954700929,4.359819677096969,-0.34008130415017535,-0.017844406842647383,4.902428196747094,3.597455047753147,-0.6149736704143618,-6.299920998022983,0.192558358834776,0.17894648453273887,4.005365030041585,1.8967297494345094,6.497629949355416,0.6463145205138565,0.05627303518086038,-3.1783504579083353,-0.04441864841441878,-0.36026162186736155,3.4430264282429652,4.499390396005333,3.733716055613411,2.059138484234432,-3.5626069646511507,2.3815604842190545,5.8675619889559885,0.29399850723825627
2.688116807285697,6.101331652895979,-3.2804098186959454,-1.4226296359794897,-11.623615547399144,-1.1702188910210265,-0.8297606182318132,3.7179646421069217,-4.533441564504045,-6.1841061039022165,5.863711988095721,1.8738826024985507,5.4612054858102335,-7.476603708236602,4.615707487708608,8.524797529860926,6.260482245140713,3.3973182680082274,-5.224287101299609,1.7465825157449213,5.485482443290622,7.4590231492860095,3.1345812965808344,1.177984074928148,-10.720670159543358,-6.9035443590586505,3.8199567054261623,1.680086467588768,-3.184380420298221,14.10785082372352,-0.4197571720557767,-8.602615230824162,-0.8608249909607166,7.978951756299847,-7.312631900967864,2.3705080017077997,-15.596557629611778,5.437524509202515,3.9181660896992248,-11.317329021802319,-0.3128901450890571,0.1833960993295487,-6.242737127518849,-2.1770062506567545,8.92852494268656,-5.5728922615098035,4.22244071429008,-3.112517865931279,3.1986689831775226,2.279288925539716
1.9391146355465567,1.7321546980637823,-3.257082329635103,-0.2603852826293769,-8.936887097830361,3.7790609747677566,-7.8703656918888765,6.269598126419854,3.1969344967874727,4.997220896190166,6.627095710925801,6.2251529246535,7.657261762943324,-9.242719842728947,-1.8216596596706274,1.9412641855372006,10.663355081285134,-12.852237393692201,-1.1750623313068618,10.387956212612147,-7.042157273268374,-6.076138261665,1.177984074928148,10.363400899749529,3.451407013385175,-11.383703886612762,-4.389145983876564,-1.7763096633507371,-13.169909981330813,12.779684629524882,-6.908493479204739,-18.155971826856998,-1.0383253649218127,6.413852723264813,-9.497996748938865,1.3740806815040467,-6.862442358224629,10.32942610070133,-0.7474905661775404,-11.623732881763951,-10.280786947445616,2.2707681241830526,3.6692622371961487,0.5745659591178414,3.529490423876301,-2.090444485620764,9.103223857827706,3.560236874315529,7.798108104798086,-2.3999899455329583
5.172977549767841,2.5800783295454695,-6.204788581190967,-7.916103911451481,-8.384282586445268,-3.2193599333598573,-5.83209662717385,0.12086126620482648,-1.6512193945595999,-4.15496775232135,9.485505607409717,-5.82870490818833,-4.803437397899964,-10.515925230516823,-3.8944113255778134,7.046632147729557,9.908998891901653,-5.976760714527808,-0.33062730270494123,13.859836496312411,5.898032587426208,-7.247575954700928,-10.72067015954336,3.4514070133851744,3.1615111409176615,-9.603342899128824,2.486416580264902,-3.327709374285436,-11.386735621963515,-0.9370083689539359,6.386086037031497,-10.66313478179555,-0.9792962234689309,-4.037218071025514,-5.223694500496495,-6.181389236351985,-5.201165256271084,-1.906676775794788,-10.361942652433317,-4.425427216559613,-0.988154821773746,-0.1599326638064824,-5.206281201768216,-4.5806901178523045,-10.331059707261891,-10.832625872676982,-0.852690299535085,2.923638137593437,-1.3139575051677346,0.05592803133630461
15.610004826697793,-6.182440277030896,1.5123735123855495,0.271869183295814,-7.401306165468457,7.505367473849756,-0.2250280997603722,0.15561496454497237,7.256155781452557,2.6957450309612656,3.402271780035957,-2.021351556094643,9.328080695290815,-2.9542676608126484,1.9976206247812915,-1.6165450304278668,4.919486211934636,-4.576205104689716,-2.276856396901394,-4.022254701829502,-6.2763643979484165,4.359819677096969,-6.90354435905865,-11.383703886612762,-9.603342899128826,4.609852656801614,2.8753107248886853,0.19400439584064794,-2.855563597761712,9.483276280055199,-2.006944597862655,-6.901934967523095,-7.059243417342639,9.692397490034766,-5.833194148133282,-3.1134724782745087,-3.0223476769143915,-6.860282133833478,-1.0884136778112334,-4.57335338500296,-5.046597754786653,2.074963688672296,-12.322457796697522,7.4599239243839754,-7.938866628560449,-0.3050565328335759,-0.8433527607414624,6.18002488705598,-8.661560419511341,-0.8042113257954586
2.0124323198717797,0.24266683583579785,-0.49901121218587285,-0.25689535311673717,-0.5735334280378376,-0.1187437163685876,2.752807476216502,-0.21393387188241594,-0.20080053738452142,-0.6232012145596468,-9.175102254252224,0.27049300008142485,-3.592297980406295,9.441779911807506,-0.08082566672360758,-7.693599543236146,-3.5669843496986404,4.001210614210068,6.374009309492686,0.028728366478939726,0.1778446434175113,-0.34008130415017346,3.8199567054261623,-4.389145983876563,2.4864165802649025,2.875310724888685,5.335983629530139,-0.3507554058070518,3.6441059842373984,-0.5375205039419265,2.741488019189589,4.195912204881953,0.35690254573779345,3.8992694944277626,-0.6471481136016931,-2.336658629880902,-7.528233586787538,-0.5091937815358646,-0.27814978405938484,-5.697040339926633,1.2780025150898116,-0.7296315713322226,1.5612471432012711,1.1048886894043566,1.5806173346782624,2.644538947291028,-0.9935599696661035,0.17433289102288863,2.0244209903004062,-0.16431023027805436
-6.5567276389581055,-0.32417077089117124,0.29327403491620596,5.7206751512743415,8.162013580499595,0.29786531690868223,-2.045409076784694,0.6476511517669463,0.23694443032399137,0.33020931953708194,3.8571145844439627,0.025517268734981252,-5.9384018881555996,3.2251242628895636,-0.5053953017823207,4.350789781778468,2.7289220898095303,6.6605598332241644,4.541133152057679,1.4542089919002648,-0.03829650022277863,-0.01784440684264743,1.6800864675887681,-1.776309663350736,-3.327709374285436,0.194004395840648,-0.35075540580705045,5.7493623657152035,-5.768494151924958,3.8767524430335527,1.1290879423444617,2.545498654319207,-0.10016239659010265,4.312251269866384,-9.072963207780333,-3.4936522911023453,-2.7252839329884124,-0.05280804790091054,-0.06031457996610845,4.551819453658384,3.0466404528362037,-0.6128977518846157,-1.5416286799859822,-0.5059831366294287,-0.11199183263747653,-1.2998019824942022,5.038415383799634,-5.271041070641153,-4.047820948342536,-0.3976765041849994
7.13010338692416,-6.34730497354891,3.2964028005167068,-3.7855893641107325,1.9371589676424956,0.6338292059443056,-12.26630206579206,-7.087776910205321,3.715062094999288,-10.558778240929243,2.701128788541774,2.8287233925109563,5.519175561743609,-3.911434012622892,1.5487831488257067,0.9294536988567311,3.743990888994652,-2.6976996102786983,-13.734634640431178,2.9609002820881036,5.508748121722509,4.902428196747095,-3.1843804202982215,-13.169909981330813,-11.386735621963515,-2.855563597761713,3.644105984237398,-5.768494151924958,9.81111413941521,2.1540793796899895,-6.704509624600192,-1.504822433818823,-0.07450361661492977,5.078371270248383,-8.951567981837028,-4.613267487034117,-1.195654296196623,0.09892923955980137,-8.443660189446,1.9679208156373533,-5.242010843004036,-1.942810488639446,-5.960840495311234,-0.7151296166032661,-6.933408946055475,-9.958704485273078,2.9737210105493075,5.8483892379217055,7.00255782101232,8.99870522907468
-3.006902238452663,-7.037392423010596,1.3654047734783448,7.88675415874774,-6.580512025258689,2.7321849848218696,6.416663962088029,3.912415488628636,1.696936046673355,-0.6939081915711123,-1.6945462582743174,-2.4986332367809694,-1.3690009296031498,7.882854274157911,-5.22369673163098,-7.5744820075019685,-0.2837045502220833,-1.806452069243763,7.3133745243576405,-7.511082510825367,-1.43564352224665,3.597455047753147,14.107850823723522,12.779684629524882,-0.9370083689539359,9.483276280055199,-0.5375205039419253,3.8767524430335527,2.1540793796899877,-5.441982801821859,-0.7597028466216291,4.193423377827843,2.354434579714984,-6.522913165772179,5.954815413490353,-1.5109701517001235,12.20292612095639,0.27029494937755105,4.649491014734213,-5.2700830291958525,3.0809848173819874,-1.0834380396397267,10.50681282856647,-2.4571704788683872,11.10375697726558,10.637435333801621,6.583703090967859,-3.5293011667549994,-10.931984062955983,4.406302648650816
17.626402557999082,-4.41394356913433,-0.5159695297623419,-10.679889475990134,-3.217579998428571,-0.9173246955665482,-11.13257889894364,-2.4116956226466,7.56643968743858,7.03033860319589,0.5531006873109561,6.216557291962883,3.4244502358184334,-7.173864641961484,8.868867508635102,1.1979270952533025,4.919337406816906,-2.7144694980066872,-6.294204403850584,12.430192163509956,5.168294483992728,-0.6149736704143616,-0.41975717205577645,-6.908493479204739,6.386086037031497,-2.0069445978626548,2.7414880191895885,1.129087942344462,-6.704509624600192,-0.759702846621629,12.17201514534532,-9.670072836076532,-7.077141242871721,-1.436514571988602,-6.05555786639438,-10.456148296463802,-2.306300288108266,0.33002301274932333,-4.736695480349617,-5.534893404484929,-2.8079682098396104,7.93976937563155,-5.886318751039208,-6.571997195208225,-6.825906720306846,-7.53102285499211,5.341569535030851,1.8634499057135356,2.657934048361118,1.6110071709699525
-0.7590708673155337,-9.050737471346823,-7.3468785529397485,-6.537987340378776,-10.524654868432355,-0.16084933436935012,-1.123597159285256,0.05094559074410687,-9.27961916220808,0.5995372827627904,9.669138377062424,-1.997280810902565,5.074441990655119,-9.436846458068992,-3.528440862816332,10.387048353271584,5.397763079682416,-4.581610051817513,-18.464382738253327,2.772678531861229,-0.23964283945223952,-6.299920998022983,-8.602615230824162,-18.155971826856998,-10.663134781795549,-6.901934967523096,4.195912204881953,2.545498654319207,-1.5048224338188239,4.193423377827844,-9.670072836076532,-2.4720461287229716,8.948036993202276,14.37608923023955,-0.7621511324483253,6.405889388557464,-6.748495251224148,-4.478271417178502,3.8047905612099386,-3.7268746320120023,-1.5837897134174115,-5.136528307970739,-4.006791028232671,-2.1042671706785336,-14.723518149612673,-3.088569519827825,11.018202768409614,2.978464255852879,9.212027081911293,-0.24604240276204004
-3.396360727454937,-0.04093639716218371,-0.5686203297656478,-0.8549674321882091,-1.8835406337452567,-0.2860453609102459,3.877836754229905,0.3389734294517873,0.03074784893409732,-0.031857649137416164,1.3283450887043937,-0.05221778565771307,4.876247352447113,-1.614306216161683,0.6072789234463203,6.907967611706581,-2.6710025197830998,8.364316668019166,5.330357776386853,1.3731572893275168,-0.07673441005083934,0.192558358834775,-0.8608249909607163,-1.0383253649218136,-0.9792962234689306,-7.059243417342639,0.35690254573779256,-0.1001623965901019,-0.07450361661492982,2.3544345797149835,-7.077141242871721,8.948036993202276,6.084488775457734,2.958527682873764,3.096877447739166,-7.8467446832619805,8.539856035461002,0.21427223940706586,0.04801540338991778,0.4998565220322675,1.8936609278429242,0.02724002592283825,5.072864663946812,2.6805007721927194,-6.2047853848196475,3.736135939734214,6.955793270296447,-6.804888516144593,-2.976796875329874,-0.7224684130934083
-5.855904519723241,5.098255602239568,3.9560852492506666,9.863298195765827,-7.164394314717509,2.441620313391292,-1.993063928651641,2.554775454543017,6.3155744438329835,9.478525138748116,-13.337861990765251,-4.954627084370017,-7.841933412661762,9.626722710376995,-0.022307283635704556,-13.280471297847333,0.771303050995148,9.961326626498533,3.8087653170129956,-4.7677812290590085,-2.2481173595289325,0.17894648453274012,7.978951756299847,6.413852723264814,-4.037218071025513,9.692397490034766,3.899269494427762,4.312251269866383,5.078371270248383,-6.522913165772179,-1.4365145719886023,14.37608923023955,2.9585276828737643,-0.15337693992819101,0.8076704935574598,-0.7071947558066394,6.895626430916679,0.9802086758911452,-1.338578962808834,-0.6021668530400535,9.643940390494675,3.9829318866758623,15.360481735545346,16.068430593010724,2.3269075096618694,5.996651741876861,-3.74951928983501,-7.7948058191000165,5.604169903499044,-3.898826257817554
-3.723306254511274,-8.251586358122895,-0.02873527607305558,-5.940474605398829,-2.393135150708195,-1.7529895002775877,-9.852622420830208,7.7484464078534785,-2.2898017478277626,0.18462802412606033,3.3253054168046394,-5.852109971104598,-2.8249303166718427,-0.692763517483272,-0.027634012412147357,8.373246830915248,8.948661090246762,-4.526326616025781,-6.022821193387422,-1.8030928143615808,4.701275123767109,4.005365030041586,-7.3126319009678635,-9.497996748938865,-5.223694500496495,-5.833194148133283,-0.647148113601693,-9.072963207780333,-8.951567981837028,5.954815413490353,-6.055557866394379,-0.7621511324483248,3.096877447739166,0.8076704935574597,-6.971540197935868,-9.179168900975853,-8.70611532867343,-5.509035873562626,3.3328711415970407,-3.0913038985733383,-11.191442037024004,0.8156123961407895,-10.093183791359355,-2.737877304781666,-10.688148697505946,-4.1054692113615765,1.562486391623914,-4.180550050953203,7.562435053880043,3.864812021552528
1.9540330905876782,-5.515263073207918,-1.5291581928656495,-6.416811980552809,-4.681387584056888,-3.5744775351878344,-7.76590139161355,6.039491818346874,9.279134842895965,-10.605650382241542,13.90154826752696,-6.5031453287054095,0.593004439574578,-0.3925767663413602,-6.957625221616639,6.5281133046006055,0.21197480763182197,0.9200062911236708,-6.692414567622509,2.5435239813696384,2.7645477548650668,1.8967297494345101,2.3705080017077993,1.3740806815040476,-6.181389236351984,-3.1134724782745096,-2.3366586298809016,-3.4936522911023453,-4.613267487034117,-1.510970151700124,-10.456148296463802,6.405889388557463,-7.8467446832619805,-0.7071947558066387,-9.179168900975853,-5.161792918038538,-9.592995411712943,6.1944729799399125,5.115006428200159,-4.575428615144986,-4.864285359844575,6.277585705852607,-6.06144484860954,-0.13180607548599566,-1.960192415306453,-11.17690148974464,-3.159197024291532,7.232155700697792,4.073607363256801,-6.581569183009045
7.985007705004725,4.534886560304727,-3.0891304182072425,-10.397311321138446,1.5264385073562572,-0.9624086380616457,-4.574133471045886,-2.1053660136076218,4.488352066437492,6.564109312842226,1.2941224310369854,-9.264159724794967,5.399462967419166,-2.012037415574859,-3.926822403942305,0.1141529968808308,6.119644524679593,-0.9839221351558414,-4.30827993424013,0.7432762839216308,-2.6969232143739457,6.497629949355416,-15.596557629611778,-6.86244235822463,-5.201165256271084,-3.022347676914392,-7.528233586787538,-2.7252839329884115,-1.1956542961966243,12.20292612095639,-2.306300288108266,-6.748495251224149,8.539856035461003,6.895626430916678,-8.70611532867343,-9.592995411712943,-2.8233659414510157,2.5196013687170167,-1.7973110822632523,-8.607932770412752,2.186201461037853,-0.44788082367937654,1.1999851535969719,-10.034627247868269,-1.4857757870724775,-6.7688987229795625,15.191153903072573,4.879668376825383,3.0059423106607595,3.6852803191911825
-2.15780434498556,0.22492182805465843,0.0010607186906498867,0.8710373247544999,-2.257194871539375,-0.0474202278806688,-1.2397123197611393,-0.44682583510347307,0.9840475429430939,-0.10542323754806321,2.3216692994462456,-0.20037250789647865,1.1928096060167928,6.152655212253094,0.33287254421956564,1.192044926098832,1.7817347855886287,2.512324583637974,-4.960599093034386,-8.864432353972788,0.3911037447879705,0.6463145205138568,5.437524509202515,10.32942610070133,-1.9066767757947884,-6.860282133833477,-0.5091937815358658,-0.052808047900909955,0.09892923955980093,0.2702949493775517,0.3300230127493232,-4.478271417178503,0.2142722394070667,0.9802086758911449,-5.509035873562627,6.1944729799399125,2.519601368717016,5.095577224844492,-0.41833907496777023,-0.12588562704515271,1.4719724077260112,-0.2112638930762198,1.3716347396460393,-3.5477887608312093,-3.514012719144352,4.821834262206693,-1.1294764259487895,-9.370432450167625,-1.5442621183481982,-0.38075652917762576
0.3397378035389982,-0.48795918019344875,-0.10223711623314671,3.9067397191512336,-0.10370585082383976,-0.5140760585127787,1.5074414679775754,-0.7510228855942769,-0.02252568742820893,-0.7435253824078887,-1.514077183672346,-0.06288562011334681,-3.2500620777682707,-6.782165162529818,0.40064494479843527,-0.6437414265144155,-2.8796207105524454,-7.333172094637774,-0.7935589489831285,-2.864375190009567,-0.5367638296121224,0.05627303518086074,3.9181660896992243,-0.7474905661775415,-10.361942652433319,-1.088413677811234,-0.2781497840593844,-0.06031457996610926,-8.443660189446001,4.649491014734213,-4.736695480349616,3.8047905612099395,0.04801540338991839,-1.338578962808833,3.33287114159704,5.115006428200159,-1.7973110822632525,-0.41833907496777023,6.420155384372998,-0.5330942314187166,0.9044562969151936,-0.16885039579013075,-2.4237839698282717,1.2377903900883418,-0.8201229249947402,2.593757250021173,-4.499113405000487,-4.327501365133795,-0.05911141010397625,0.19791948124352876
-2.4360122262881845,1.3385969629548315,-0.46944469458571414,-2.0821068655932944,-6.719500301549314,-0.08141288892728737,-8.841633979607387,3.6478138875503348,6.4651089850662515,-2.3316748827766225,7.830836101978826,6.274023802560437,7.7987182279987834,-8.282209222793995,-1.1171374993055758,3.001317381386486,0.1926718532156766,-13.393410247440999,-1.3408163453530804,3.1614674091615034,1.2404553852090667,-3.1783504579083353,-11.317329021802319,-11.623732881763951,-4.425427216559614,-4.573353385002959,-5.697040339926632,4.551819453658383,1.9679208156373522,-5.2700830291958525,-5.534893404484929,-3.7268746320120023,0.4998565220322686,-0.6021668530400539,-3.09130389857334,-4.575428615144985,-8.607932770412752,-0.12588562704515194,-0.5330942314187157,3.577767854194976,2.3767590752502534,7.7894893151651825,-13.076298077535,-11.730036984600252,-4.008923384161403,-4.251597069000939,3.424488172908501,15.120632130969254,7.882181767403873,-3.0828028612628455
10.031884821986997,1.3251229887520024,-2.12095588120692,-9.723164630494315,-9.588275560802249,5.223748897556985,-7.309883082347849,-1.9762466702687584,-7.1539232657333205,-4.362976308260336,9.554330566819132,1.1274295532869945,1.8367031942053966,7.147968816945155,5.461827769764583,1.9560423541140723,6.484380322455601,-10.571043145443038,0.8018944266807226,10.364802157834239,-5.775455521904248,-0.04441864841441956,-0.31289014508905644,-10.280786947445616,-0.9881548217737441,-5.046597754786652,1.2780025150898129,3.046640452836203,-5.242010843004037,3.080984817381988,-2.8079682098396095,-1.5837897134174113,1.893660927842924,9.643940390494675,-11.191442037024004,-4.864285359844575,2.186201461037853,1.4719724077260117,0.9044562969151949,2.376759075250253,4.726311760713628,-0.8780162823560845,2.4606451548975996,-2.696279728489564,-11.290301661081795,-9.151839154623838,-2.128764643119466,-0.17086251669653693,1.1900886862067428,-4.360155340011734
-8.023606823823261,0.2384026208219202,-0.14411556663595818,2.588641698200329,-4.15752626454683,-0.29168302025348236,4.857027293524983,-0.23613408196597285,0.031914847332598084,-0.3626104061188487,-2.114442295805928,0.8682068788106012,2.3643339519846718,-2.1905860528261423,0.20013759769164913,-2.4911650279938042,-9.056561269244662,6.220306300599242,-0.781764890951898,-8.358486584625814,0.3630318274264952,-0.36026162186736205,0.1833960993295486,2.270768124183052,-0.15993266380648324,2.0749636886722973,-0.7296315713322238,-0.6128977518846151,-1.942810488639446,-1.0834380396397258,7.939769375631549,-5.13652830797074,0.027240025922837974,3.9829318866758614,0.815612396140788,6.277585705852606,-0.4478808236793761,-0.21126389307622034,-0.1688503957901314,7.789489315165183,-0.8780162823560849,5.925213170606487,-1.5134883159588757,7.39540240528619,0.9854020474907577,10.091469227290672,-3.2424005793942707,-1.3232639218409215,-1.5170104430552702,-0.36621289974585247
14.165364685710108,-5.340300691642448,5.9878065461864605,-6.435923084492233,2.1876221125341075,-3.639745371189307,-2.5048012707197804,0.30733732497565125,-1.2969483985305676,3.882362349089828,5.581675941223659,7.7134080795003,3.816069015848377,-8.868579459073278,-8.080911406336014,11.61789799724776,6.831163105082875,2.156067888209511,-11.118954719131988,7.972247947020186,-3.8451436749792567,3.4430264282429652,-6.242737127518848,3.669262237196148,-5.206281201768217,-12.32245779669752,1.5612471432012711,-1.5416286799859824,-5.960840495311234,10.50681282856647,-5.886318751039208,-4.006791028232671,5.072864663946812,15.360481735545346,-10.093183791359355,-6.06144484860954,1.1999851535969726,1.3716347396460393,-2.423783969828271,-13.076298077535,2.4606451548976,-1.5134883159588752,5.467340446625052,6.037746608166849,-2.441061599171726,-19.201782392045683,9.361321455071055,8.554926390993954,10.123770133534942,-4.619805024781905
-1.349863065100966,0.15264610186518657,-2.2974955276800606,-1.0432866132904979,-1.470503283465625,-0.16573196437676851,-7.79976574499531,1.748084358973527,2.065532397948436,-0.9658688244065643,7.844711208322352,1.9763005800963254,0.03218461046432319,-8.041966522707588,-1.4438350530636423,12.826123965424555,8.371863794236603,-3.5806181225787403,-0.8025508413572173,0.7379376548412608,1.1663677773571322,4.499390396005336,-2.177006250656754,0.5745659591178416,-4.580690117852304,7.4599239243839754,1.1048886894043557,-0.5059831366294288,-0.7151296166032665,-2.4571704788683877,-6.571997195208224,-2.1042671706785336,2.6805007721927194,16.06843059301072,-2.7378773047816654,-0.1318060754859962,-10.034627247868269,-3.5477887608312093,1.237790390088343,-11.73003698460025,-2.6962797284895643,7.39540240528619,6.037746608166849,-5.497979234371361,-11.704806046235188,-11.159729207597252,7.701117600635095,5.280374983761622,14.919870885737922,0.37092185607576356
-3.2580664358092197,-6.3431222107080645,0.5660182705540955,-14.959334985620426,1.834313893733618,2.7271952152884316,-8.3483594362032,4.797031904635324,-9.00665989584006,-3.1478480304017413,4.065928674310047,-4.2094684608739055,2.435681109585997,1.8666696939350726,9.207999965736553,3.212776706757107,7.435996447005108,-1.5192776407127961,1.6135450251474948,4.2390328118303175,0.6776227225571563,3.733716055613411,8.928524942686561,3.5294904238763016,-10.331059707261891,-7.938866628560449,1.5806173346782635,-0.1119918326374773,-6.933408946055474,11.10375697726558,-6.825906720306845,-14.723518149612673,-6.204785384819648,2.32690750966187,-10.688148697505945,-1.9601924153064532,-1.4857757870724766,-3.5140127191443513,-0.8201229249947406,-4.008923384161404,-11.290301661081795,0.9854020474907574,-2.4410615991717255,-11.704806046235188,1.9058633439018893,2.67600270433976,0.6292271135510068,4.896549386158647,8.07349833258858,0.24303241766410444
-2.302774006642233,-4.098913962086134,5.806254144786416,-1.8234952029271925,-0.7117664208779386,3.447488557930852,-8.601694262501677,-3.063025165197522,-4.554188138955959,-8.07021990494893,-2.928903942369724,1.4503247270624533,-4.359819611596164,-8.938321180247192,-0.5825690147760113,4.012312367801447,12.728809125084698,-8.347379888831775,-12.00606057270253,-1.1962218471920012,-0.33197692736048273,2.0591384842344316,-5.572892261509803,-2.090444485620764,-10.832625872676982,-0.3050565328335757,2.644538947291028,-1.2998019824942026,-9.958704485273078,10.637435333801621,-7.531022854992111,-3.0885695198278253,3.736135939734215,5.996651741876861,-4.105469211361577,-11.17690148974464,-6.768898722979563,4.821834262206693,2.593757250021172,-4.251597069000938,-9.151839154623838,10.091469227290672,-19.201782392045683,-11.159729207597254,2.67600270433976,-12.468314766938493,1.557112813264495,3.142695446836446,8.996494536717528,2.558969906608915
0.7533495518770962,3.0259831529608974,-9.430567280687603,5.5368721312605516,16.971578517749133,-1.2798699826919981,6.328069406375001,0.7321224413427101,7.660442034802113,7.398223992142928,5.125037592806568,4.36947323348168,-12.362498968211732,2.4966882979675216,1.8790512270847959,-4.2803086497341205,-6.033388198508722,4.090103924569992,10.14534000859723,-7.164567264871204,-6.732058390512074,-3.5626069646511502,4.22244071429008,9.103223857827706,-0.8526902995350845,-0.8433527607414619,-0.9935599696661042,5.038415383799634,2.9737210105493066,6.583703090967859,5.341569535030851,11.018202768409614,6.9557932702964465,-3.7495192898350105,1.5624863916239136,-3.1591970242915317,15.191153903072573,-1.1294764259487886,-4.499113405000488,3.424488172908501,-2.1287646431194673,-3.2424005793942694,9.361321455071057,7.701117600635095,0.6292271135510066,1.5571128132644947,1.534397864505646,-13.788764511845882,-6.506927514723308,-3.820304145422389
0.6735035861166829,4.177111052998802,0.39169122538623424,14.257286089187378,-0.5111770779703517,-5.279654602001426,4.9657111960987015,1.8260396548044366,6.5195287579343635,-2.2755445882787324,-13.30922247845394,-0.8697043037763931,0.46396557582117803,8.733293023077174,-1.854065233985367,-9.653217359943334,-4.314400568206605,7.419026265835516,2.9985814231987997,-0.26856920308022414,-5.97582705118899,2.3815604842190554,-3.11251786593128,3.5602368743155295,2.923638137593437,6.18002488705598,0.17433289102288785,-5.271041070641154,5.8483892379217055,-3.529301166754998,1.8634499057135367,2.978464255852878,-6.804888516144593,-7.794805819100016,-4.180550050953203,7.232155700697792,4.879668376825384,-9.370432450167625,-4.327501365133793,15.120632130969254,-0.17086251669653685,-1.323263921840922,8.554926390993952,5.280374983761622,4.8965493861586475,3.142695446836446,-13.788764511845882,1.096573777544525,-6.133691633431029,6.8929655052160905
3.072995730695215,3.7076554208937855,-4.802740500323809,-2.6506321480039,9.03466431563906,-0.689990704098371,8.228948575890954,10.214511093996329,-2.163196610860087,2.062599005238548,-14.797722991183296,2.115824448465642,-0.6454954099398298,-0.8815044107724115,-5.7472815653502405,0.3202078717782024,-8.41622523111558,5.6080836197481245,15.4811034390616,-4.4881041751660256,-2.6786394634233375,5.867561988955988,3.198668983177522,7.798108104798087,-1.3139575051677346,-8.66156041951134,2.0244209903004067,-4.047820948342536,7.00255782101232,-10.931984062955983,2.6579340483611187,9.212027081911293,-2.976796875329874,5.604169903499045,7.562435053880043,4.0736073632568015,3.0059423106607586,-1.5442621183481973,-0.05911141010397604,7.882181767403872,1.190088686206741,-1.5170104430552702,10.123770133534942,14.919870885737922,8.07349833258858,8.996494536717528,-6.506927514723308,-6.133691633431028,10.195087498402707,0.27193657975516494
0.935142886867389,0.13221322402004188,-0.24170907130143,-0.5403831036840634,-3.035337084364103,0.03896924860479822,-2.0834954580764338,0.4202497872955801,-0.24501437280047816,-0.10302275960424004,0.7532675330777785,-0.5865418666463763,-2.2919257298415996,-2.2669253857303033,-0.3473827215382791,2.779880852280085,2.286750786040284,-9.900511394506912,-2.3422629507767048,5.540558350488917,-0.13887530899010087,0.29399850723825527,2.2792889255397157,-2.399989945532959,0.055928031336304584,-0.8042113257954577,-0.16431023027805325,-0.3976765041849992,8.99870522907468,4.406302648650815,1.6110071709699523,-0.24604240276203937,-0.7224684130934078,-3.898826257817553,3.8648120215525283,-6.581569183009044,3.685280319191182,-0.38075652917762565,0.19791948124352898,-3.0828028612628455,-4.360155340011734,-0.3662128997458526,-4.619805024781905,0.37092185607576417,0.24303241766410444,2.558969906608915,-3.82030414542239,6.8929655052160905,0.2719365797551654,6.446197126110576
