n
50
c
207.83437398444343 151.03778643921927 137.75401198168686 -43.1573500339828 -165.7066102502409 -2.9864226210060156 -37.86693789853207 -110.2728282422247 -2.2385718221527635 -97.65887492480314 37.51138899808427 -98.58492757288712 46.48513995414436 10.045316406028764 -147.5852346379096 -165.05304933838477 3.3223785949842948 -131.02903378780536 -122.96689056643758 -21.15719679382861 -144.7912305606087 162.62363968495626 -129.56420467908214 -166.73630777650587 6.187989644179191 -0.19076773001300995 -29.33069941542111 -173.00940229003518 163.40041690779495 26.907087714159264 -148.9164602031394 -174.4662390039402 142.98639300847796 -37.0472491584732 -13.529577842983908 -152.25251376938738 171.11242515215494 -18.87146378104148 -8.315020090975723 -143.22834450213054 -164.4396373963901 -177.9403362326492 -5.600425580661046 20.483584110726103 -111.77077935983193 -179.09026287229 -117.32755345517481 19.93928679515022 20.866419407009666 -99.78027157637632
Q
0.8256721720953202,-12.69278874943174,-6.2843571664647575,0.5395881955354793,-0.1963690990660949,5.934104887217764,1.2149380157420664,8.078388645784445,0.49128901595837227,-3.118155050329596,-1.451317870964595,3.500445123821118,-1.1427937273248323,-1.144843839211437,1.8537244898890872,4.665093504030637,1.5233660711712482,-1.5279193648559275,0.07352243590384155,-4.182177486077891,5.460276881561811,-10.626422470202538,7.680166762633947,4.376902325291548,-0.43007449576298207,-1.8991939627766157,-6.588946189649161,3.9040213068469987,-10.238223803570385,-0.45268896988767104,4.704357049387418,8.86191578293458,-3.79833283360304,1.8694070404056724,2.2859735885846986,-6.164515420989777,-9.098251077512023,1.2194533981391489,-1.048890274767546,16.487249099735543,2.8692676322233837,0.8692233885187104,2.6090065018550215,0.8106834061918966,-2.9512425594053866,7.038584971930501,3.1289733328200926,6.449400552341704,-5.481527138904882,4.573350930937954
-12.69278874943174,-13.631073738316458,-2.633025238801342,0.9151238439730695,6.4306919459135425,0.34938505075307347,8.199273171139795,0.2498014740533931,6.231544449705078,-1.9172651379355163,1.0630629077038207,6.77305216123754,5.3512372176700955,9.526997753072608,8.081396630308626,10.025366908986712,4.213329582977698,-0.6971483856231874,-6.591188538460048,-5.236445977351427,-1.8062601733746262,-4.493539147728615,3.655061318383339,2.601927598627331,-1.2701945344511592,-3.650781069466026,-7.03632386428969,6.160713518643472,1.3069999509742765,5.027788040714848,2.607312499084873,13.79538967765677,-20.087874438009223,8.481486977496886,-9.088813921838584,1.840293227947349,-8.253181556315138,-1.6253926881069065,-6.3890684326992,12.473957032524266,14.977048936516866,10.40292805933508,-5.569857619160555,0.36817013927799935,3.385890300591509,8.588137225198949,-1.653412516156037,-6.906417290880121,-3.35936829228799,2.0167171440653067
-6.284357166464758,-2.633025238801341,11.395398875555097,5.967218747121878,-4.318591643056418,3.630048504221983,-1.6356357869960534,0.09990979995332508,2.172543501884473,3.06652501155988,-1.1415450285996174,1.366108682633179,-6.36672994095744,0.9316376316169749,-0.7574299432534434,2.2189788091808156,-2.9288369896023254,6.545512056179121,1.2153504171610758,7.453343159096706,-1.607578357051718,-8.706771645344915,6.312670139915327,6.068191773708331,4.657013178269348,-0.08677012210538027,-0.921256310849472,3.992805502387932,-5.649922151477397,-3.263282726871913,3.960128156671937,9.435814160003407,-8.751144944107416,-3.5248600305266296,-0.8957679853502484,3.21963507395904,-11.698658691699364,-1.968413273762165,-2.130546075669913,3.2799108142726157,10.785028064965843,2.0032214750281248,3.733109734360716,-7.170666336722234,11.672836453856762,11.53227348797833,3.7221568552737327,-0.4569423464525879,3.633094378029896,11.709473244437287
0.5395881955354792,0.9151238439730682,5.967218747121879,6.135573593744318,2.0975933331879233,1.3260030752904242,-1.0503119556805531,-7.264834423245505,0.7296322144831147,-3.548382587297756,-0.6646198244569061,7.9964795488561125,0.22932514490294814,0.2648508807129195,3.686587892123231,10.125990371793081,-0.16090634463342957,8.419321570902055,-2.622207326730897,0.5544220610028904,-1.9981659964398084,-5.834198148818604,-5.263495367663432,6.842814403108745,-0.6198238530742205,0.6525395135196297,0.5182638736364455,5.663508776723132,3.384920633857876,-0.005354309873928223,1.4556968203622227,5.7470046005200395,5.318042518517827,0.5547220673071092,0.42246739033936054,-4.607282613597484,0.9314718798896915,0.05344826404209235,-0.10055014637761811,3.147242470247937,1.0088474623038794,-0.09367148176959861,0.19953680290668863,-0.06730732237789139,0.7185824437031737,3.1109321494392024,-5.200330035502019,0.30330368570077104,0.5600362897722697,8.508001131129122
-0.19636909906609312,6.430691945913544,-4.3185916430564175,2.0975933331879233,12.04454469163864,-0.7189033521070379,2.8906148224148875,-8.50345897785305,-6.817073891268489,-10.532652327024577,7.774552450491971,-11.5630695069025,-4.8463560181252365,3.5815908871222386,5.943450562290622,-7.099465236436517,-2.053822841747684,-2.9909500940873257,-11.523548011046383,0.7911113788184054,-1.4757657391082972,-0.49874529066265666,3.612811158482966,1.2349155394366973,-7.549922146527802,-2.7766237983868254,-2.2299882724635127,-6.255952457067712,-0.20611509968400843,-1.5373465261064538,-5.411533783759282,5.31894480880343,-1.5603400220612376,1.6380432439355044,2.691279177204891,-1.350024129000257,9.432702462197351,1.2795430791546891,-0.8434761851764778,-12.850763877503194,-18.42779751635183,6.99603465720887,3.296765631540115,0.9042972588206942,-3.9772560166846427,-4.250528891585608,-10.04307890754657,-6.910165559206283,-6.011039838343143,-1.0418833964799217
5.934104887217764,0.34938505075307424,3.630048504221983,1.3260030752904257,-0.7189033521070383,6.121629192428908,-0.03499103621232785,0.4417761757402414,-0.666498954711247,1.4736915008590916,-0.23979939656149873,-5.872653102935665,-0.44924968684449185,-0.3526094033587368,-7.209271661561154,7.558343639620619,-0.8206429757130975,-3.190291492154652,3.7371260537053823,0.9453892186584254,6.1085259818122095,-0.0960700818438247,3.6440732379113614,1.9738724731681956,0.642867039611863,-0.10756605095336957,0.35887974494862473,-5.523029781731877,-5.959562378805925,0.0284177371245517,1.440705213362437,-4.745237278039465,7.3787022735058265,-0.22107656497516914,-0.12492361950083808,3.3031232680894504,3.2970333842089214,-0.5471351275877827,0.8865358301180098,-9.036107377886378,-2.6282531934886086,-2.079675004231948,0.19548231468241306,0.43194737093168434,3.5250246601595263,3.1118824642896246,-4.0971622409886015,-0.7354507557198906,-0.839418710918342,8.160689971379602
1.2149380157420664,8.199273171139795,-1.6356357869960547,-1.0503119556805522,2.890614822414887,-0.034991036212327686,5.728632788085969,2.758252467368332,-0.3718429820212997,7.81905342112017,0.3784706428290383,-2.4130093920165168,-0.5668506253199275,0.18151104025993417,8.915815476493838,5.8446915398724855,-0.785795760083601,-5.0314263160082024,-3.894373780356237,0.6158082542464913,1.8508003964230875,-4.625516850773606,8.141742734373832,3.655047809315706,0.17589597678574745,0.7461540437246983,0.22631617823286015,3.5204522588285916,0.32180767365260365,0.2788701230442503,-5.833939095067406,-1.157582545248067,2.029664535079617,-0.1406572900617975,-0.2191002688216548,-4.264459094217004,-7.412801319710884,0.45010299295897616,-0.14329310971928144,-2.8328360019954832,-3.0691040254553412,8.13896758038142,-0.26176396422502857,-0.3905619004108226,-2.216530893589989,5.588630131319798,1.1627900050456583,0.6205175874603155,0.12884876407101775,3.119809568079406
8.078388645784445,0.2498014740533937,0.09990979995332472,-7.264834423245506,-8.503458977853048,0.4417761757402411,2.758252467368334,-4.428761703604857,-2.6629742836343477,-7.568117077669085,-1.1173552872143164,0.38025392423634674,-3.993885707467888,-5.287485621699065,-17.95257779656147,-1.8162628717856062,0.1405110702923138,-8.068114992207825,-10.451574483911134,3.51149084013049,-0.3810593858287281,11.276687819962333,-8.597327169272178,7.357419623056944,-6.05565777638591,-3.4535050546070662,6.794319823381014,-1.8206971661149218,8.20158252961879,3.7830043753768656,-1.7299629320406336,-6.15978471556074,5.369716884993817,-4.321285758541333,7.132771308614183,-0.6203564585884103,6.956685548348698,-10.570906260362484,-0.6110662037216393,-4.959027553997025,-7.713334284977591,1.2197112762666558,1.1232218202793693,-2.272029033979833,-8.337162932197508,-4.4783307802311265,-10.998726050516744,-5.08695153045905,5.854626140429569,-8.280338768962311
0.49128901595837315,6.231544449705079,2.1725435018844723,0.729632214483114,-6.81707389126849,-0.6664989547112465,-0.37184298202129973,-2.6629742836343473,4.407206432376654,-0.5800768636390281,0.1532705529212931,0.9655053091583723,0.039654895382401634,-0.2355471186331837,-0.2972948787106483,-0.35102345904944743,0.048275436453874665,-5.321490378954509,-6.119147485034728,0.4538546457161023,-2.0339280962067265,-5.348441264677976,6.724192089615016,-3.3110893766251572,-0.23956238877621444,-0.9584274479550821,0.38160315918811305,3.4829415911290367,3.0476014665041804,-0.14131860024752643,2.52303922678172,8.925930427401898,-1.2593437701983072,-0.26009734030795717,0.0831014039965714,-2.1479140217375545,-1.3350253445690996,0.08595808359861418,0.14624622890166594,3.2393968652535348,2.3900839405982985,5.9108775541869125,0.013586573645554045,-0.0050368362750212725,0.8746584917738768,-5.899591437824326,-1.0341927391680477,-0.3029611659166957,-0.1553566412622378,3.9101717113764543
-3.1181550503295963,-1.9172651379355197,3.066525011559882,-3.5483825872977555,-10.532652327024577,1.473691500859092,7.81905342112017,-7.568117077669085,-0.5800768636390269,-1.4651819029517963,4.576271808759584,-8.89445819193698,-4.460291107661757,2.8004113266238075,2.1696300326993576,-2.3203513222229697,-1.0314678885645572,-10.218257488845582,-2.8858447671473115,-2.216815504996479,-12.426479633673878,1.5267751872323734,0.38819358250978486,-7.427513366852139,0.1657987273839442,-9.060545869136536,4.512506217702753,0.450584434678301,6.955424592447164,1.8385028094859077,-7.040689618329638,-4.223040898844815,3.9873306366994914,-2.288030803612351,-2.588309551975747,-9.287585569277594,4.368380980106947,4.364684198222948,8.351853226925659,-5.787376525366719,-7.755131295391824,-1.5520699699111693,-0.8477745819209073,-3.4321964002977037,1.3822414842997486,4.419148720248627,1.4916875836969967,-8.135222442495882,2.3772634688589025,-15.948730702062264
-1.4513178709645946,1.0630629077038223,-1.141545028599617,-0.6646198244569064,7.774552450491969,-0.2397993965614989,0.3784706428290384,-1.1173552872143164,0.15327055292129294,4.576271808759584,5.017732848896584,-6.685277597787031,-0.08279538891308758,0.24807640435642597,-8.187964661397368,-0.6795633470107783,0.31340844863352224,2.007457551784159,4.8861561426890745,0.33855717189352696,3.661332943326767,3.1198868532869684,-4.775586399580958,-6.291861653882435,-0.5306912124023756,0.32332274484665624,-0.4093541532019856,-3.882988143427374,-6.625167055173694,0.07996707718916773,4.460937731496224,-4.018389372413367,0.5203508163546604,-0.06706003052561949,0.8948743843007322,-0.6801958417304244,2.417162302329409,-0.783840986467043,-0.06425105620690447,-4.005816707815006,-5.090638050265948,-4.788807945598861,0.6181635097717664,0.5268275845512954,-5.559893619778661,-3.4182733702496897,-5.6266719651050785,0.02196408478123152,-0.03999394343688589,-2.562689558326086
3.5004451238211187,6.77305216123754,1.3661086826331788,7.9964795488561125,-11.5630695069025,-5.872653102935663,-2.413009392016517,0.38025392423634596,0.9655053091583721,-8.894458191936982,-6.68527759778703,6.790860862967643,-5.257240571799679,-6.035565133130366,-4.762524665889238,-1.2731441170237083,-1.9483159187491819,1.1664333718247402,-7.522712733172893,0.7295161749418023,-13.635116346883123,7.282293723564738,-0.18189587501574184,-10.46738380271385,-8.595137588975177,3.7123589999861784,-4.379600380762868,-10.064395353409566,4.775814102889849,-1.4326965041691988,-1.2871132766764728,-13.015643817705932,1.2027409979685635,-1.5650633484070977,2.476714942452306,-8.567699679044107,9.420843624619144,7.050525952987798,3.281436218367041,-8.17252253667794,-7.543127620695029,-5.320212687381655,-6.981060998060656,-4.112621280541915,-13.941546736297923,-13.014717964768534,-10.7614893503498,-2.417788736468716,-3.193866341065051,-15.8510935312528
-1.1427937273248325,5.3512372176700955,-6.36672994095744,0.22932514490294784,-4.8463560181252365,-0.4492496868444915,-0.5668506253199292,-3.993885707467888,0.03965489538240191,-4.460291107661758,-0.08279538891308685,-5.257240571799679,5.4438031660722555,0.5174307057599642,3.122480001032689,1.2342144358393317,-0.3461859452663265,-2.5240911600799083,4.76047177325793,0.4305405004977124,-0.8822711836658061,-6.1013017531008895,1.8197537649756237,-1.3957503694363556,-0.32288595575939155,0.041140631186793786,0.16658619889300963,1.6790858042686028,6.472793381006817,-0.10015255041906673,-3.1496563771721204,-3.3655919261437512,-0.621355835774377,0.17001893623263553,0.013297484584511299,2.736383802315798,3.8548704907345175,0.4451757074072391,0.5387305027181204,-6.81693661831886,-5.841850741876744,-3.310728171973838,0.0645244928035863,-0.026206471120360342,-9.234693820732696,-2.476995075257644,-0.8720856000458577,0.1278700010123096,-0.3243678708529891,-6.671314408812424
-1.1448438392114375,9.526997753072607,0.9316376316169749,0.2648508807129192,3.581590887122239,-0.3526094033587366,0.1815110402599338,-5.287485621699065,-0.23554711863318367,2.800411326623808,0.2480764043564263,-6.035565133130366,0.5174307057599649,5.792049566780742,-3.358991539401136,4.886690518691437,-0.729235067416075,0.49891644840907745,8.340234738707947,0.036754597554819524,-7.740887325532779,3.660876164538289,-5.615929778885722,-3.1297785380097114,0.15602874215185386,-0.020355005679320637,0.05775320936197925,2.149448355919278,5.051494080029657,0.19032939891829087,0.9939977754032059,-4.405399629331568,1.8936322089615425,-0.32896562481514047,-0.039156520970256015,5.493571150295407,-1.2714445965596262,-0.27477357781504563,0.5603564105564303,0.8192674559956179,1.8256973457409131,6.553585748997827,0.7617483951422861,-0.9244124815569262,5.140353047886122,-5.797118104220823,-8.217682352118402,-0.019283182422136114,0.20461709567391395,-6.662054514048063
1.8537244898890888,8.081396630308628,-0.7574299432534422,3.6865878921232302,5.943450562290622,-7.209271661561154,8.915815476493837,-17.95257779656147,-0.29729487871064786,2.1696300326993576,-8.187964661397368,-4.762524665889237,3.122480001032688,-3.358991539401136,-12.274762290982853,1.0404576626083897,-0.36542205446838616,0.559185197574319,-5.194439164174981,1.871155971922614,0.3919843825099563,-2.5142859438874385,-7.292603025566022,-2.3435875604039875,0.9444284331763072,-2.255335577483692,-5.453867971178257,-1.4963059621758261,4.796337472267517,-5.541567406396356,-3.5866387794223407,-6.321205725943261,-0.20128354349645955,4.804733236142874,3.2217026650608847,-20.56516726448646,3.1680956118059527,-0.6473442194725554,3.091827024963526,-9.571097230459065,-11.453336493262212,-2.1754672764152656,6.037592085486257,-5.134273261791168,-2.3980856241108444,-0.9597813396015565,-13.23482649023291,-9.340802776480784,0.6495971166142187,1.5094792972037836
4.665093504030638,10.025366908986713,2.218978809180816,10.125990371793083,-7.099465236436517,7.558343639620619,5.844691539872485,-1.8162628717856064,-0.35102345904944676,-2.320351322222969,-0.679563347010778,-1.2731441170237079,1.234214435839331,4.886690518691439,1.04045766260839,-6.820152461355656,-2.7126832601613327,7.04421580637924,-7.1020472407317525,-4.370515268219645,-6.361708276463619,3.268975370846134,3.334304658428449,-14.522457755572908,-2.979570637699214,0.2111423737303692,6.326311859128872,-7.251949557573159,-0.8471641440540911,3.0438540097137405,0.972400631173205,-13.217227905749247,9.070126859202704,-7.9838550447627945,3.468408114276164,-7.70386402848398,0.1275978237624209,8.863044763892345,-0.13126829327974948,-2.3204521567111,-1.3620657583682365,-4.533425061917182,-1.8387684706953884,0.2764890019818798,-0.746231172226479,-2.2009924717409075,-3.7039329267093506,4.744349631220278,-6.021038064242415,-6.7218243688715855
1.5233660711712487,4.213329582977698,-2.928836989602326,-0.16090634463342918,-2.0538228417476847,-0.8206429757130977,-0.7857957600836019,0.14051107029231336,0.0482754364538754,-1.0314678885645567,0.313408448633523,-1.948315918749182,-0.34618594526632696,-0.7292350674160742,-0.365422054468387,-2.7126832601613327,5.3286711762528896,-5.458836745275569,-3.6276879030207407,0.5171050944807745,3.0522251432644563,2.167859933167892,-0.16718267373137474,3.91272952247507,-0.516575259216038,-0.397821604873301,-0.11748490133017997,-6.739609844619056,-0.5007035670419808,-0.09988439448882058,2.435863798968601,1.1199970934368908,1.1523994060296903,-0.033185475803366504,0.37302198550544796,1.1523247606610623,-5.925675142681982,0.15329228681171386,0.044484992346670804,10.24921468847987,2.4376233231146607,1.112190250707536,-0.2775641855881612,0.15135064972588574,-8.429598475593965,3.14892228269022,-4.182236285437776,-0.3113194092918341,0.18474317826839037,2.8304494850188013
-1.527919364855927,-0.6971483856231858,6.5455120561791205,8.419321570902055,-2.990950094087325,-3.190291492154653,-5.0314263160082024,-8.068114992207827,-5.32149037895451,-10.218257488845582,2.0074575517841593,1.1664333718247406,-2.5240911600799087,0.49891644840907734,0.5591851975743192,7.04421580637924,-5.458836745275569,1.2716824965108717,-1.2401131994136414,5.376504322443658,8.544578426393667,-0.8903790274905827,-6.070044777594566,-15.376159620470244,4.5348395590269295,-6.933640594388569,-3.2665056973439244,-3.374834673321958,4.928228134863726,8.752433798968559,0.6993265667425679,-6.3149201237889505,5.860715990352714,9.254583797095993,-0.5377293506483847,0.7530462925430529,4.417887378428289,-3.9134799494879307,1.6561941361905572,-0.5412197647988254,-4.375415111626476,-8.108742515405446,-8.155665219109864,2.8850492543270883,-4.816401621651862,-7.613182610380872,2.3460922848497194,-6.701909834699408,-3.683244783280046,-15.766746731150928
0.07352243590384033,-6.591188538460049,1.2153504171610745,-2.622207326730897,-11.523548011046381,3.737126053705382,-3.894373780356238,-10.451574483911132,-6.119147485034728,-2.8858447671473106,4.886156142689073,-7.522712733172893,4.76047177325793,8.340234738707947,-5.19443916417498,-7.102047240731751,-3.6276879030207403,-1.2401131994136405,7.747333736161506,8.943067236445335,2.7721879282074218,10.924863110598906,-10.585331736887136,-4.878647566259335,0.21433518996159254,-2.342695484299047,-1.3214455865293577,-14.090755982676782,3.7224290585493502,4.535055365292079,-7.004871121641558,-9.641592802025558,3.718211367680916,-6.81020309481317,-1.2343040724300112,4.413625364309592,-2.0633346343516688,-2.8404023449233655,-5.576827669372071,-0.5405087270272664,-12.86899467890758,-13.75120856440181,3.0761645030353852,-0.2698281761715886,-3.8551436068755374,-1.2304077832588614,-5.988923830703321,8.185541019542251,-0.9551328286609778,-14.953163866910721
-4.182177486077892,-5.236445977351428,7.453343159096704,0.5544220610028913,0.7911113788184063,0.9453892186584253,0.6158082542464904,3.511490840130489,0.45385464571610157,-2.2168155049964793,0.3385571718935273,0.7295161749418029,0.4305405004977128,0.03675459755481991,1.8711559719226143,-4.370515268219645,0.5171050944807728,5.376504322443659,8.943067236445335,5.321214678276214,2.20412526730141,1.5953959694991222,4.135674105045421,-2.2290949441451504,-0.5245506306049936,-0.09133290414579065,0.14640078054053735,-0.23984642756758678,0.3334707685986791,-0.470325739253356,-1.3677116868371442,-3.145255712862024,0.7281410957509686,0.05287099940998685,0.0340458866030281,2.207862581195907,4.465375931107664,-0.2758043004189886,0.39642637628012745,-4.075067095362551,1.074177583779858,4.7128845890358875,0.04810117609531295,-0.12622583323875908,-1.1283208297324674,-0.9806822425653,4.774568037429612,0.044293695998684046,0.15311337825611981,-4.274793813381244
5.460276881561809,-1.8062601733746264,-1.6075783570517166,-1.9981659964398069,-1.4757657391082966,6.108525981812209,1.8508003964230866,-0.3810593858287271,-2.0339280962067257,-12.42647963367388,3.661332943326767,-13.635116346883125,-0.8822711836658071,-7.74088732553278,0.3919843825099556,-6.361708276463619,3.0522251432644567,8.544578426393667,2.7721879282074218,2.2041252673014107,0.18500313993652817,10.479814200839419,-10.750493363274584,-5.064312757158295,-4.051621527738368,-0.22994988574511321,1.8633326085239883,-5.882996881611292,-9.8489406322804,8.477137717779298,3.98425445474553,-3.116386057358284,6.4941462625744055,2.457092275186003,-5.0610259780365325,-6.090279588379311,-2.026813227730905,-8.954051397733878,3.0215384697618313,-2.0686822451260616,1.5304095673942595,1.3400656180042598,-7.141615126487858,2.8828316410549357,-5.156631213676199,5.80470980051091,-10.052355024600484,1.0948495683763864,1.9763615766053606,-3.726279918277811
-10.626422470202538,-4.4935391477286135,-8.706771645344915,-5.834198148818603,-0.49874529066265494,-0.09607008184382396,-4.625516850773607,11.276687819962332,-5.348441264677975,1.526775187232373,3.1198868532869684,7.28229372356474,-6.1013017531008895,3.6608761645382892,-2.5142859438874385,3.2689753708461335,2.167859933167893,-0.8903790274905815,10.924863110598906,1.5953959694991213,10.479814200839419,9.7745439233032,5.470925567699543,1.6157391539829846,3.859657130200037,8.479290128113155,-3.569174121750404,12.163529730498935,-5.213852866046192,-7.707294212699253,11.203011589780619,16.081206917616466,-4.748613102056814,2.2770074703457346,-4.421173106875685,11.411062658603033,-9.236031112703527,2.4371174696902362,3.024821051664885,6.566696897798515,-1.6397031948548988,-2.309287390069796,-3.908333050472494,2.1725828175302264,1.7775455746956133,2.2435007669408065,5.448831118266,2.0826088744143143,-5.471076151792612,6.553337423025748
7.680166762633947,3.6550613183833387,6.312670139915328,-5.263495367663431,3.612811158482966,3.644073237911361,8.141742734373834,-8.597327169272178,6.724192089615016,0.38819358250978553,-4.775586399580958,-0.181895875015742,1.8197537649756232,-5.615929778885721,-7.292603025566022,3.334304658428449,-0.1671826737313747,-6.070044777594567,-10.585331736887136,4.13567410504542,-10.750493363274584,5.470925567699543,-14.91793637362536,-5.213729787102525,3.5045906290482556,0.669529981900673,-0.002737762332213567,-7.210173417080852,15.661122950199637,-3.0314614669420217,-2.9163354173838276,8.45772324850082,11.993671435255072,6.242857917512898,-4.396043120271553,-5.678826917270765,-2.2656544509423235,-1.7525800143798975,-2.461988371520194,-2.0927148642937525,-9.17265195393819,-15.924105240651755,4.096778524954502,-7.456477161407533,-0.967465333970502,-2.5442375133276918,-7.2946384291351976,1.3878834091657852,-8.004376674073008,-9.6227857243417
4.376902325291548,2.6019275986273307,6.068191773708331,6.842814403108744,1.2349155394366975,1.9738724731681943,3.655047809315706,7.357419623056943,-3.311089376625157,-7.42751336685214,-6.291861653882435,-10.46738380271385,-1.3957503694363562,-3.129778538009711,-2.343587560403986,-14.522457755572908,3.912729522475071,-15.376159620470244,-4.878647566259335,-2.22909494414515,-5.064312757158295,1.6157391539829842,-5.213729787102526,4.186567752832356,-2.272071836013936,-4.101408739410161,3.7365810327144295,3.1144461034900948,1.0389445053695017,-6.051766766577947,-3.028783272806098,-0.7230909079040623,7.260687732851807,3.3039726306221886,-2.0731034555156245,-6.010966742208191,8.153218598709167,-3.5785525663062674,-1.9972092166482902,-9.561090747298994,-7.463371150823168,-14.183621878452268,5.148873237975358,1.9940981731387137,-12.973355865523612,-8.581908104138947,1.454933726933207,-4.904935102013795,4.75053378899448,-0.028270904247941875
-0.4300744957629824,-1.2701945344511594,4.657013178269349,-0.6198238530742212,-7.549922146527803,0.6428670396118626,0.17589597678574753,-6.055657776385911,-0.23956238877621389,0.16579872738394497,-0.5306912124023766,-8.595137588975179,-0.32288595575939083,0.15602874215185475,0.9444284331763071,-2.9795706376992137,-0.5165752592160364,4.5348395590269295,0.2143351899615925,-0.5245506306049927,-4.0516215277383685,3.8596571302000373,3.5045906290482556,-2.2720718360139354,5.0603036847847,-0.4113367363549788,-0.385219015969992,2.4405231664445237,-1.758937884699669,-0.006547180102141004,5.7641606904129485,-0.7828046943320057,-6.2853452337659315,-0.33697150359383987,-0.9026156471316267,5.246651148108532,-6.093527816224723,-0.5209271176592531,-0.5039327093937148,-4.1344441138,7.558793093137933,1.4595369418687594,0.16201282361314606,-0.00023871936821279194,1.5532091538799229,0.5949192566150703,0.677470736085104,-0.24079445974171637,-0.5988199019453828,-5.80130712743684
-1.899193962776616,-3.650781069466025,-0.08677012210538038,0.6525395135196295,-2.776623798386826,-0.10756605095336902,0.7461540437246987,-3.4535050546070662,-0.9584274479550823,-9.060545869136536,0.3233227448466569,3.712358999986179,0.04114063118679395,-0.020355005679321206,-2.255335577483692,0.2111423737303697,-0.39782160487330187,-6.933640594388569,-2.342695484299046,-0.09133290414579132,-0.22994988574511327,8.479290128113155,0.6695299819006726,-4.101408739410161,-0.41133673635497847,4.932615711285201,-0.1830939259558999,3.7856768210051803,-9.826250024833035,-0.0025917200411005314,-4.282173431149419,6.396127336605455,-1.4063328485423154,0.9498514335720105,0.1068200510476367,8.654337264724523,2.6420723469992953,-0.40625174146585874,-0.09469025542204201,-3.4979013555630285,-0.9238103931408272,9.853444485436533,-0.10698241342589832,0.003305370784502548,0.22772297354232518,0.039174984919679856,-2.969731706384262,0.5639128237576367,-0.09948842631188834,7.967192678614303
-6.58894618964916,-7.03632386428969,-0.9212563108494726,0.5182638736364453,-2.2299882724635127,0.3588797449486253,0.22631617823286068,6.794319823381015,0.3816031591881116,4.512506217702752,-0.40935415320198454,-4.379600380762868,0.16658619889301066,0.05775320936197875,-5.453867971178257,6.326311859128872,-0.11748490133018036,-3.2665056973439244,-1.321445586529356,0.14640078054053712,1.863332608523988,-3.5691741217504034,-0.002737762332213123,3.7365810327144304,-0.38521901596999264,-0.18309392595590063,5.35276911689079,0.6951727142522166,4.798831892590257,0.13247661698270174,5.676041281768812,-4.485094449144189,-0.4083775391742992,-0.3025125947636996,0.49387140626234177,-1.7882571550051751,-0.9876725573897223,-0.41984813184750913,-0.8533689903697933,6.825700370435423,1.4901060452914836,4.884920553397467,0.7828992374314625,-0.23095236335282407,-6.920056066286028,8.119993158683986,2.0920047300879325,-0.09207804019891591,-0.6026664570623232,2.1643450408541254
3.9040213068469996,6.1607135186434725,3.992805502387932,5.663508776723132,-6.255952457067711,-5.523029781731877,3.5204522588285925,-1.820697166114922,3.4829415911290367,0.45058443467830117,-3.882988143427374,-10.064395353409566,1.679085804268603,2.1494483559192785,-1.4963059621758266,-7.251949557573158,-6.739609844619057,-3.3748346733219585,-14.090755982676784,-0.23984642756758556,-5.882996881611294,12.163529730498935,-7.210173417080853,3.1144461034900948,2.440523166444524,3.785676821005181,0.6951727142522173,7.021618284060532,13.349740853838279,-3.083799202601419,-6.1634020897380495,-4.62673518646802,1.4988775915535033,5.862000422055157,6.378052101182965,-2.980445784330266,5.03485313041921,7.265326173646635,-7.988333640431563,-14.490592238943103,1.6513511964634366,-2.2827862917947503,8.349361678220735,3.030587361322299,-3.7290581328981314,0.19884866981795957,-8.327106694850471,-6.547336870447097,-5.646106052443752,0.24844384437731992
-10.238223803570383,1.3069999509742758,-5.649922151477397,3.3849206338578774,-0.2061150996840078,-5.959562378805925,0.3218076736526041,8.201582529618788,3.0476014665041813,6.955424592447163,-6.625167055173693,4.775814102889849,6.472793381006817,5.051494080029656,4.796337472267516,-0.8471641440540917,-0.5007035670419799,4.928228134863726,3.7224290585493485,0.3334707685986795,-9.8489406322804,-5.213852866046193,15.661122950199637,1.038944505369502,-1.7589378846996682,-9.826250024833035,4.798831892590257,13.34974085383828,-0.6086198395285107,6.558430365366946,5.6273633209306055,5.849228779498019,-4.049826446179889,2.298412019288764,-3.6713250072008927,-6.600101803605364,-6.3063398300399145,5.761511460767547,-2.9015476250379604,3.9736413380246476,-3.02273742024079,4.8364665558969895,1.9933258172097135,-5.0380869985175645,5.845971643676024,-1.5154745693693434,6.9057115529721855,-6.246595331823408,1.0275386060179645,4.550402356108012
-0.4526889698876715,5.027788040714848,-3.263282726871913,-0.005354309873927987,-1.5373465261064545,0.028417737124552644,0.2788701230442511,3.783004375376866,-0.14131860024752618,1.8385028094859077,0.0799670771891684,-1.4326965041691997,-0.10015255041906668,0.19032939891828962,-5.541567406396357,3.0438540097137414,-0.09988439448882169,8.752433798968559,4.535055365292078,-0.47032573925335575,8.477137717779298,-7.707294212699253,-3.0314614669420226,-6.051766766577947,-0.006547180102140924,-0.0025917200410999763,0.13247661698270208,-3.0837992026014196,6.558430365366948,5.064197853883913,-9.618173606863392,-6.392033754002013,10.589769236245104,-0.08250544708483276,-0.11774025398026855,-2.602967382665641,-5.210478408576811,0.0404321264629568,-0.29490168257190086,1.117580822188691,1.743446749747974,-7.519845810194735,0.013691104073055183,0.2559284644984905,-6.783833415485928,-2.550938684451766,-2.1909288645109086,0.6118154132663209,-0.08270651351313521,-5.500100018935317
4.704357049387417,2.607312499084873,3.9601281566719364,1.455696820362223,-5.41153378375928,1.4407052133624378,-5.833939095067406,-1.7299629320406336,2.5230392267817194,-7.040689618329637,4.460937731496224,-1.2871132766764726,-3.149656377172121,0.9939977754032061,-3.5866387794223398,0.9724006311732051,2.4358637989686,0.6993265667425679,-7.004871121641558,-1.3677116868371448,3.984254454745529,11.203011589780619,-2.9163354173838267,-3.028783272806098,5.764160690412949,-4.282173431149419,5.676041281768812,-6.163402089738049,5.627363320930606,-9.618173606863392,-4.5881962986378255,1.1938468869666023,5.830998212587341,1.4229344296750666,-3.2484679401425725,-4.816383743755402,2.7744722425129,9.61960376746303,-1.4462201663083019,-3.475082951381744,-12.136316370163142,-13.724319056763212,-2.9474100485674946,-6.279528442217201,-8.59507294705613,-11.004147616065515,-1.4749871676345419,8.01821067682079,-7.9365073259126895,-14.902532241959843
8.86191578293458,13.795389677656768,9.435814160003407,5.7470046005200395,5.31894480880343,-4.745237278039465,-1.1575825452480664,-6.15978471556074,8.925930427401898,-4.2230408988448165,-4.018389372413367,-13.01564381770593,-3.3655919261437512,-4.405399629331568,-6.321205725943261,-13.21722790574925,1.1199970934368897,-6.314920123788951,-9.641592802025558,-3.1452557128620247,-3.1163860573582833,16.081206917616466,8.45772324850082,-0.7230909079040633,-0.7828046943320062,6.396127336605455,-4.485094449144188,-4.626735186468019,5.849228779498018,-6.392033754002013,1.1938468869666035,-0.9698949912879433,-4.534138569070921,-0.33377869313570385,1.5118855721681688,-8.146305695343441,10.284374064240117,-0.613677966103347,3.5491492139584215,-4.479473613457996,-0.7766094152961538,-4.571337584682178,-4.843962489192183,-4.2827718916917386,-1.4843231900156586,-3.3425816176828738,2.808905926747456,1.3448067289331636,2.0123606809895973,-6.928302128530346
-3.7983328336030397,-20.087874438009223,-8.751144944107416,5.318042518517827,-1.560340022061237,7.3787022735058265,2.029664535079617,5.369716884993817,-1.259343770198307,3.9873306366994923,0.52035081635466,1.202740997968563,-0.6213558357743773,1.8936322089615432,-0.2012835434964596,9.070126859202704,1.1523994060296907,5.860715990352714,3.7182113676809156,0.7281410957509686,6.4941462625744055,-4.748613102056815,11.993671435255072,7.260687732851806,-6.285345233765932,-1.406332848542316,-0.40837753917429903,1.4988775915535029,-4.049826446179891,10.589769236245104,5.830998212587341,-4.534138569070921,4.948869435256734,0.4436351654476707,1.0032686229227918,1.6087462968293378,-6.961505183796959,3.112477695774126,4.152451731557169,1.2140006674285302,5.743611130409808,-0.008862049926339877,2.006989160247459,-6.042372261646374,9.012004546889163,7.419925108581365,14.39449004178576,5.375584692321188,-1.1469865093684941,1.8844302008160072
1.8694070404056715,8.481486977496886,-3.524860030526629,0.5547220673071092,1.6380432439355055,-0.2210765649751687,-0.14065729006179628,-4.321285758541334,-0.260097340307957,-2.2880308036123482,-0.06706003052561904,-1.5650633484070982,0.17001893623263653,-0.32896562481514074,4.804733236142872,-7.983855044762794,-0.03318547580336623,9.254583797095993,-6.81020309481317,0.05287099940998696,2.457092275186003,2.277007470345735,6.242857917512898,3.3039726306221886,-0.3369715035938401,0.9498514335720104,-0.30251259476369874,5.862000422055158,2.2984120192887634,-0.08250544708483298,1.4229344296750663,-0.3337786931357034,0.4436351654476717,5.055635352750858,0.6582530881904096,8.307522190762013,5.433914826611883,0.28077621938184194,0.09414863810395979,3.2635081425373724,7.5004298697434395,7.650094798221332,0.11662752547492944,0.4893933933186456,-2.0520405732418485,-2.65158035072208,2.335650317387288,0.7384566900005639,0.0885259281538967,-0.6865149477951047
2.2859735885846995,-9.088813921838584,-0.8957679853502475,0.4224673903393602,2.691279177204891,-0.12492361950083722,-0.21910026882165556,7.132771308614183,0.08310140399657229,-2.588309551975748,0.8948743843007323,2.476714942452306,0.013297484584512298,-0.03915652097025594,3.221702665060885,3.4684081142761647,0.37302198550544696,-0.5377293506483856,-1.2343040724300118,0.0340458866030271,-5.061025978036532,-4.421173106875686,-4.396043120271555,-2.073103455515624,-0.9026156471316267,0.10682005104763703,0.4938714062623424,6.3780521011829645,-3.6713250072008927,-0.11774025398026805,-3.2484679401425742,1.5118855721681694,1.0032686229227914,0.6582530881904087,5.512138997503002,6.915394139027173,4.824833966836829,0.1354319884451587,-0.2250731620906572,-2.700471712680969,-0.07030146022694139,2.1904011200056184,-0.2806437899973549,0.18690566336801212,-3.230853524193696,2.3955090555712917,1.757813032755975,0.2965963229066567,-0.5649297222160232,-3.695898339211905
-6.164515420989777,1.8402932279473494,3.21963507395904,-4.6072826135974845,-1.3500241290002557,3.3031232680894496,-4.264459094217003,-0.6203564585884105,-2.1479140217375545,-9.287585569277592,-0.6801958417304239,-8.567699679044107,2.736383802315798,5.493571150295407,-20.56516726448646,-7.703864028483981,1.1523247606610618,0.7530462925430522,4.413625364309592,2.2078625811959065,-6.09027958837931,11.411062658603031,-5.678826917270766,-6.010966742208191,5.246651148108532,8.654337264724525,-1.7882571550051738,-2.980445784330266,-6.600101803605365,-2.602967382665642,-4.816383743755402,-8.146305695343441,1.608746296829338,8.307522190762013,6.915394139027175,-0.2518907311368421,6.675749842072431,0.5028681586786676,-2.434965469261105,-7.385488470280974,-6.3687884818019205,-8.069858337599285,-0.17144276357712784,5.994059129202329,-5.700931180063406,-1.050882319570015,-11.802317342086118,-2.2260435408493713,-3.608543230412348,2.378954842999762
-9.098251077512025,-8.253181556315138,-11.698658691699364,0.931471879889693,9.43270246219735,3.2970333842089206,-7.412801319710884,6.956685548348699,-1.3350253445691,4.368380980106946,2.4171623023294084,9.420843624619142,3.854870490734517,-1.2714445965596255,3.1680956118059536,0.12759782376242002,-5.925675142681982,4.417887378428288,-2.063334634351669,4.465375931107664,-2.026813227730906,-9.236031112703527,-2.2656544509423235,8.153218598709167,-6.093527816224723,2.6420723469992957,-0.9876725573897203,5.03485313041921,-6.306339830039914,-5.21047840857681,2.7744722425129007,10.284374064240115,-6.96150518379696,5.433914826611882,4.824833966836829,6.675749842072433,6.601427207384061,-0.9702501510106667,-2.030334263041455,3.0423950846364884,6.5795536260497895,5.146553605199802,-7.9508033005668555,-1.1751962153733166,4.044306962618036,0.9482746430154907,-0.9272816091275116,-5.416221251041735,4.164828374224961,8.188407456394355
1.2194533981391484,-1.6253926881069065,-1.968413273762165,0.05344826404209424,1.2795430791546893,-0.5471351275877816,0.45010299295897566,-10.570906260362484,0.08595808359861457,4.364684198222949,-0.7838409864670433,7.0505259529877975,0.4451757074072398,-0.2747735778150457,-0.6473442194725554,8.863044763892344,0.15329228681171297,-3.9134799494879315,-2.840402344923367,-0.27580430041898873,-8.95405139773388,2.437117469690236,-1.7525800143798973,-3.578552566306268,-0.5209271176592528,-0.4062517414658592,-0.41984813184750824,7.265326173646636,5.761511460767547,0.04043212646295641,9.61960376746303,-0.6136779661033465,3.1124776957741256,0.28077621938184205,0.13543198844515958,0.5028681586786676,-0.9702501510106672,4.534629119920332,-0.4933817092616757,5.3844445223134585,-6.3964253817760826,3.9275146172909876,-0.4032625770389765,-0.5841911408221481,2.3181627771941984,-7.499102630866546,5.462556621135312,-0.2671999711572646,0.2344089900076759,8.664231224707267
-1.048890274767547,-6.389068432699201,-2.130546075669912,-0.10055014637761767,-0.8434761851764769,0.8865358301180105,-0.143293109719282,-0.6110662037216388,0.14624622890166566,8.351853226925657,-0.06425105620690585,3.2814362183670402,0.538730502718121,0.5603564105564307,3.091827024963526,-0.13126829327974926,0.044484992346672136,1.6561941361905572,-5.576827669372073,0.39642637628012717,3.0215384697618313,3.0248210516648846,-2.4619883715201936,-1.9972092166482898,-0.5039327093937152,-0.09469025542204138,-0.8533689903697917,-7.988333640431563,-2.901547625037961,-0.2949016825719011,-1.4462201663083019,3.5491492139584215,4.152451731557168,0.09414863810395979,-0.2250731620906571,-2.434965469261105,-2.030334263041455,-0.4933817092616751,4.398578733468897,-1.580005238775928,0.21788139100624826,0.9271497387824829,0.07033306095032121,-0.2623495414289339,5.458118072842213,-0.7896941998399718,-1.6985469457785503,0.37802959253587154,-0.43017181706034835,5.565032033394397
16.487249099735543,12.473957032524266,3.279910814272616,3.147242470247937,-12.850763877503194,-9.036107377886376,-2.8328360019954832,-4.959027553997024,3.2393968652535343,-5.787376525366719,-4.005816707815006,-8.172522536677938,-6.81693661831886,0.8192674559956172,-9.571097230459065,-2.3204521567111005,10.24921468847987,-0.5412197647988254,-0.5405087270272668,-4.0750670953625505,-2.0686822451260616,6.566696897798515,-2.092714864293753,-9.561090747298994,-4.134444113800001,-3.4979013555630285,6.825700370435423,-14.490592238943103,3.973641338024648,1.1175808221886918,-3.4750829513817445,-4.479473613457995,1.21400066742853,3.2635081425373715,-2.7004717126809705,-7.385488470280974,3.0423950846364884,5.3844445223134585,-1.5800052387759276,-4.278493654355884,2.3489779805844413,-4.890542352326916,2.7872791702059816,-1.979417602880522,-1.077536043594943,-14.807680447560067,-7.957150791207321,-3.066534379062783,-3.971496694601378,-12.739360548543836
2.8692676322233837,14.977048936516868,10.785028064965843,1.00884746230388,-18.42779751635183,-2.6282531934886078,-3.0691040254553403,-7.713334284977591,2.3900839405982985,-7.755131295391823,-5.090638050265948,-7.543127620695028,-5.841850741876744,1.8256973457409127,-11.453336493262213,-1.3620657583682365,2.4376233231146593,-4.375415111626476,-12.86899467890758,1.074177583779857,1.5304095673942588,-1.6397031948548983,-9.172651953938189,-7.463371150823168,7.558793093137933,-0.9238103931408279,1.4901060452914832,1.6513511964634364,-3.02273742024079,1.7434467497479733,-12.136316370163142,-0.7766094152961535,5.743611130409808,7.50042986974344,-0.0703014602269413,-6.36878848180192,6.5795536260497895,-6.3964253817760826,0.21788139100624837,2.348977980584441,5.803122964583192,-0.25422772627532964,0.10064821637731505,-3.1173852080302424,-2.8407010638261854,-7.881868960702514,-5.10588674870735,4.8486946094536485,-4.106000843701167,-6.9501668075961005
0.8692233885187098,10.40292805933508,2.003221475028125,-0.09367148176959883,6.996034657208869,-2.079675004231948,8.13896758038142,1.2197112762666562,5.9108775541869125,-1.5520699699111704,-4.788807945598862,-5.320212687381655,-3.310728171973838,6.553585748997826,-2.1754672764152656,-4.533425061917183,1.1121902507075352,-8.108742515405446,-13.75120856440181,4.7128845890358875,1.34006561800426,-2.3092873900697954,-15.924105240651755,-14.18362187845227,1.4595369418687598,9.853444485436533,4.884920553397466,-2.2827862917947517,4.83646655589699,-7.5198458101947345,-13.724319056763212,-4.571337584682179,-0.008862049926340598,7.650094798221331,2.190401120005619,-8.069858337599287,5.146553605199802,3.9275146172909867,0.9271497387824826,-4.890542352326917,-0.2542277262753301,1.7635833578788267,-2.0022419684942636,-2.5040177597268496,-0.23125633246580435,5.694122890145738,1.1297783090614315,0.46862238194725736,-7.2640253601715585,-3.2068011137273458
2.609006501855022,-5.569857619160555,3.733109734360717,0.19953680290668857,3.2967656315401155,0.1954823146824138,-0.26176396422502823,1.1232218202793687,0.013586573645555045,-0.8477745819209075,0.6181635097717665,-6.981060998060656,0.06452449280358707,0.7617483951422859,6.037592085486257,-1.8387684706953897,-0.27756418558816165,-8.155665219109865,3.0761645030353852,0.048101176095313086,-7.141615126487858,-3.908333050472493,4.096778524954502,5.148873237975358,0.16201282361314678,-0.10698241342589954,0.7828992374314625,8.349361678220736,1.9933258172097137,0.013691104073055987,-2.9474100485674946,-4.843962489192183,2.0069891602474588,0.11662752547492805,-0.2806437899973545,-0.17144276357712762,-7.9508033005668555,-0.4032625770389777,0.07033306095032092,2.7872791702059816,0.10064821637731469,-2.002241968494263,5.083718966171921,0.05153095470706903,0.600396333225861,2.2508973025772328,2.543325237440463,0.041444258403872496,-0.8108055477800191,-2.1970138625345017
0.8106834061918964,0.3681701392779999,-7.170666336722233,-0.06730732237789128,0.9042972588206953,0.43194737093168567,-0.39056190041082195,-2.272029033979835,-0.005036836275020974,-3.432196400297702,0.5268275845512953,-4.112621280541914,-0.026206471120361507,-0.9244124815569261,-5.134273261791169,0.2764890019818803,0.15135064972588624,2.8850492543270887,-0.26982817617158816,-0.1262258332387587,2.8828316410549357,2.172582817530227,-7.456477161407532,1.9940981731387137,-0.00023871936821240336,0.003305370784502326,-0.23095236335282343,3.030587361322299,-5.038086998517565,0.2559284644984906,-6.279528442217201,-4.282771891691738,-6.042372261646374,0.4893933933186443,0.18690566336801173,5.994059129202327,-1.1751962153733166,-0.5841911408221491,-0.2623495414289331,-1.9794176028805213,-3.117385208030242,-2.5040177597268496,0.051530954707069865,5.046912014750605,-1.1665572420514903,3.5435226236014614,-0.188350429632538,0.30017413789796027,-0.2207300297881154,-2.17602694020955
-2.9512425594053857,3.385890300591509,11.672836453856762,0.7185824437031745,-3.977256016684643,3.525024660159527,-2.2165308935899874,-8.337162932197506,0.8746584917738768,1.382241484299748,-5.559893619778661,-13.941546736297923,-9.234693820732698,5.140353047886122,-2.398085624110844,-0.7462311722264778,-8.429598475593965,-4.816401621651862,-3.8551436068755387,-1.1283208297324667,-5.156631213676198,1.777545574695612,-0.9674653339705026,-12.973355865523612,1.553209153879922,0.22772297354232535,-6.920056066286029,-3.729058132898132,5.845971643676024,-6.783833415485928,-8.595072947056131,-1.484323190015659,9.012004546889163,-2.0520405732418485,-3.230853524193696,-5.700931180063406,4.044306962618036,2.318162777194199,5.458118072842213,-1.0775360435949437,-2.840701063826185,-0.23125633246580368,0.6003963332258606,-1.1665572420514903,1.989253749014571,-11.45959375740454,-9.28559603868676,5.233959606044522,8.400611050445454,-3.050239045987831
7.038584971930502,8.588137225198947,11.53227348797833,3.110932149439202,-4.250528891585608,3.111882464289624,5.588630131319799,-4.4783307802311265,-5.899591437824326,4.419148720248627,-3.418273370249689,-13.014717964768536,-2.4769950752576437,-5.797118104220822,-0.9597813396015569,-2.2009924717409084,3.148922282690221,-7.613182610380871,-1.2304077832588607,-0.9806822425653008,5.80470980051091,2.243500766940805,-2.544237513327691,-8.581908104138947,0.5949192566150704,0.03917498491967991,8.119993158683986,0.19884866981796023,-1.5154745693693428,-2.5509386844517654,-11.004147616065515,-3.3425816176828733,7.419925108581365,-2.651580350722079,2.3955090555712912,-1.0508823195700157,0.9482746430154904,-7.499102630866546,-0.789694199839972,-14.807680447560065,-7.881868960702515,5.694122890145737,2.250897302577233,3.5435226236014614,-11.45959375740454,-0.09413469311665512,-4.245557441036254,-7.044519913379653,0.1766536522318316,-2.9987422965551316
3.128973332820091,-1.6534125161560365,3.7221568552737336,-5.200330035502018,-10.04307890754657,-4.097162240988602,1.162790005045657,-10.998726050516744,-1.034192739168047,1.4916875836969972,-5.6266719651050785,-10.7614893503498,-0.8720856000458574,-8.217682352118402,-13.23482649023291,-3.703932926709351,-4.182236285437775,2.34609228484972,-5.988923830703323,4.774568037429612,-10.052355024600484,5.448831118266002,-7.2946384291351976,1.4549337269332072,0.6774707360851043,-2.9697317063842616,2.0920047300879325,-8.327106694850471,6.905711552972186,-2.1909288645109086,-1.4749871676345419,2.8089059267474554,14.39449004178576,2.335650317387289,1.7578130327559758,-11.802317342086118,-0.9272816091275111,5.462556621135311,-1.6985469457785507,-7.9571507912073205,-5.10588674870735,1.1297783090614313,2.543325237440464,-0.18835042963253867,-9.28559603868676,-4.2455574410362535,-6.645678813200628,-1.8454292477904433,5.426585672809536,-6.88518188802483
6.449400552341702,-6.906417290880121,-0.456942346452588,0.3033036857007709,-6.910165559206283,-0.7354507557198908,0.6205175874603142,-5.08695153045905,-0.3029611659166956,-8.135222442495882,0.021964084781231297,-2.417788736468716,0.12787000101231027,-0.019283182422137474,-9.340802776480784,4.744349631220279,-0.3113194092918343,-6.701909834699407,8.18554101954225,0.04429369599868416,1.0948495683763855,2.0826088744143147,1.3878834091657857,-4.904935102013796,-0.2407944597417172,0.5639128237576365,-0.09207804019891608,-6.547336870447098,-6.246595331823408,0.6118154132663208,8.01821067682079,1.3448067289331636,5.375584692321189,0.7384566900005642,0.29659632290665705,-2.2260435408493713,-5.416221251041735,-0.26719997115726424,0.37802959253587076,-3.066534379062782,4.8486946094536485,0.46862238194725747,0.04144425840387256,0.3001741378979611,5.233959606044522,-7.044519913379653,-1.845429247790443,4.47217842072634,0.3682767806598169,3.8542014077209275
-5.481527138904882,-3.3593682922879893,3.6330943780298974,0.5600362897722694,-6.011039838343143,-0.839418710918342,0.12884876407101753,5.854626140429568,-0.15535664126223886,2.3772634688589016,-0.03999394343688545,-3.1938663410650507,-0.3243678708529889,0.20461709567391312,0.6495971166142193,-6.021038064242415,0.18474317826839132,-3.6832447832800455,-0.9551328286609777,0.1531133782561196,1.9763615766053613,-5.471076151792612,-8.00437667407301,4.75053378899448,-0.598819901945385,-0.0994884263118887,-0.6026664570623237,-5.646106052443752,1.0275386060179654,-0.08270651351313507,-7.9365073259126895,2.0123606809895977,-1.1469865093684946,0.08852592815389673,-0.5649297222160219,-3.608543230412347,4.164828374224961,0.2344089900076758,-0.4301718170603489,-3.971496694601377,-4.1060008437011675,-7.2640253601715585,-0.8108055477800205,-0.2207300297881154,8.400611050445454,0.17665365223183194,5.426585672809536,0.3682767806598169,5.186069820708617,6.248651436490689
4.573350930937954,2.0167171440653067,11.709473244437287,8.508001131129122,-1.041883396479923,8.160689971379604,3.119809568079406,-8.280338768962313,3.9101717113764547,-15.948730702062264,-2.5626895583260865,-15.8510935312528,-6.671314408812424,-6.662054514048063,1.5094792972037845,-6.721824368871586,2.8304494850188004,-15.766746731150928,-14.953163866910721,-4.274793813381246,-3.72627991827781,6.553337423025748,-9.622785724341698,-0.02827090424794304,-5.801307127436841,7.967192678614303,2.1643450408541254,0.24844384437732003,4.550402356108011,-5.500100018935317,-14.902532241959843,-6.928302128530346,1.8844302008160074,-0.6865149477951042,-3.6958983392119062,2.378954842999762,8.188407456394357,8.664231224707267,5.565032033394398,-12.739360548543834,-6.9501668075961,-3.2068011137273453,-2.1970138625345013,-2.1760269402095505,-3.05023904598783,-2.998742296555132,-6.885181888024828,3.854201407720927,6.248651436490688,-14.370966392837548
