n
50
c
-15.31823385779019 173.79825009492492 161.44990180060265 -177.9225629581869 -204.42996056414012 194.04120431344975 -11.23065190774265 -151.3678477160734 -5.84041203098182 194.73425002140124 139.1909724042075 200.3125876893916 201.42216050149813 -226.26780208962023 201.8066266055782 -199.11020815378203 27.9355743195804 158.70862023884158 202.65118322219791 -181.96695376358986 -195.09993975145866 -176.04123123035131 -29.303518084246388 203.7300075320044 -7.033992564375217 158.5483066787765 -8.972268306153733 2.870203587725383 -5.663465174448954 -0.789799360794216 145.2082260761531 -170.16506285785715 -13.70402713789845 12.438545855444666 182.57397331979 -197.77772530111562 2.771435240459398 29.924168763506234 -213.43029063996832 184.63542467468173 4.920975245821124 195.44171661619902 -165.99333830588438 -200.7515473565769 224.5105829176026 198.98034263018468 -198.3195548924425 244.84640078953134 -6.709875116185586 -22.77936312164049
Q
5.657062857628904,9.985530026234345,7.347035302681774,1.4309793533045494,1.1386532152076942,4.726738246372097,0.16908076277287104,5.882061253939789,0.11831320613249457,2.795334275188844,-0.8912951789985193,2.441935520698445,0.659867916504628,3.526099422767075,-4.659878894661025,-2.8127645498733846,-0.48865935453747833,0.07513688012849024,-2.75012225071298,2.353228034735751,5.579549644337754,-0.35015196758875533,-0.3016640118233832,-2.4910121426310754,0.03751498083670893,-3.045603455822032,-0.7188543106902314,0.29440756139128366,-0.0804994847058048,-0.0621682437483779,-2.9762066229940154,0.2646328124372107,-0.0789618846849428,0.227423473612548,-1.7837159643156684,2.9655912633018864,0.4269987085515854,0.24106146037825427,-8.739260338620886,-7.501046270272898,-0.8387096858166896,2.967598337498015,-6.1246210295489245,6.533471846495034,3.4935134683161135,-2.571753862869248,1.109011613819553,3.992503230744492,0.07266478209970928,0.24130486972547915
9.985530026234345,-11.619549589072923,-12.631965327597152,4.607139116674938,3.6613918122200526,-3.6417992286333134,-7.869736792374006,8.79114580285531,1.9083040002236435,-4.3940006310280015,-2.281682234691152,-14.111447141031444,-15.367489140416884,13.10270170548221,-11.996055013454932,-1.3368381702788124,-1.5335591316095423,-13.939142736682015,1.029648631524021,7.932853454654919,10.753536819023449,8.118858989979268,9.996135343350861,-0.6541158793838804,5.841963918267023,3.6483216711154642,-2.4660486514423696,-4.772936854020965,0.6671375717697804,-1.9399976819008002,-3.6811100228374953,4.708546159023183,-1.190939919885871,4.629837203201132,-1.489772870262263,4.969741993131324,-0.48666931860134904,-0.23624062266724333,15.067592507926989,-11.876152338554384,5.704771422138083,-3.1877174335296266,8.841518127746465,13.581818424022721,-1.7008249748502628,-10.908182172513351,6.897009771387139,-3.5819636558500942,-1.3436575498535246,-3.2720456615647837
7.347035302681773,-12.631965327597152,-2.3615467245815918,0.6504799352356054,12.092589237213309,-2.744560009307443,2.8937221058120115,0.11514946733125471,7.788502379601541,-6.762251892651998,6.57363726997912,-9.364130404308751,-4.73531151881578,14.513958850246448,-11.847105240795301,12.008799874612428,2.354860676513594,-3.149738716911161,-4.314154852221888,0.1702551082265772,5.851545678599366,14.567549375755963,-4.2884907188643,2.2838443413711604,1.8057104124229908,-8.35773784055607,-4.379476897198684,-8.033824033712152,-1.9520878006204816,-2.997352961009458,-4.457831198712354,2.1700016879163093,-6.329857677274225,2.301771278648104,-6.992296460860384,6.086909868652379,0.3431105910362162,-0.009206838722938704,13.637026404032696,1.7921713424563799,2.999619442833664,-8.987931583714808,13.381193895615224,-2.7893334704575197,-6.578267122321741,-3.0189129583205467,8.013121732738078,-13.967434637490076,3.070298499115664,3.2556708845831324
1.430979353304548,4.607139116674938,0.6504799352356064,-1.6177305369818171,-3.641856498559184,2.7652041945333665,2.2115113305624146,-0.6797127351138957,-7.257197128748304,-1.0661243729671137,10.425374066130418,-1.8370235058496438,5.377234206024713,-4.854331719755243,11.512628121574167,-9.9314319118236,-7.355798534230366,-1.6043468493825521,10.027183491518851,-3.6431432496998997,3.3984618952773724,-14.698324846409783,5.4703782518073805,-1.6712933786562587,9.795008839642762,11.369072951381481,-0.29914405282779366,4.893766974269287,-0.7839188484553243,-3.9521155590830195,7.421991949436721,-5.8636158413045525,-0.004372231306280172,2.708949523982517,12.42760044398701,-7.800188671356495,5.6885089234787465,-1.6300072281520963,-11.561597591232431,4.573706708823454,-7.596199571672147,1.836870860927957,-6.8278873147570645,-3.927431102547686,-0.43688645905604195,1.6913017129767591,0.17900953875828474,1.0765145539308847,-1.9450163762747514,5.934082996615159
1.138653215207694,3.661391812220053,12.092589237213309,-3.641856498559185,9.413397429684569,4.217561284927435,7.8453536519311795,-3.6028720129478202,0.5540840878411156,2.642007256587394,11.545303289077994,7.822434896640209,14.565425336875323,-7.065132845820972,-2.5174097962795585,-1.5982566605832778,7.627573949434056,8.11742190182236,-0.22666459787548948,-3.261799758659511,-5.081671629381757,-0.35347759379095867,-0.6575181843173842,9.882071816067938,-7.256746565451476,12.126160873657703,5.016410318101103,1.2437551696519824,5.420161202587772,-10.089867663281762,-1.4556281073326782,-5.7910725477909315,0.08837288196642312,0.2722165825261573,1.1940521149761067,0.5079021751055863,-4.4334839489053275,-3.7376842717184786,-2.0847188376862413,4.6211234872298474,1.9609766121920553,5.842736288163214,-9.396138837027962,2.00131201510409,-5.949581382591237,1.0190865148595638,1.3666543424214832,6.130501619929204,-3.1699261073272025,-4.450173731997628
4.726738246372097,-3.6417992286333134,-2.7445600093074405,2.765204194533366,4.217561284927436,-5.865077243339165,8.046673844858645,0.4528160406333812,0.537581784174639,-11.98240281770154,-15.965949952821386,-8.362358384409406,-0.1915063865408686,4.214743888236576,-9.852068173915187,-2.7696876758729427,3.1693344097926417,-2.546194323858985,-5.054087057123563,7.612890640511335,14.161066695936615,12.161950263927649,4.903770974622968,-6.821317016878829,0.07211740522177346,-0.22223863485142592,0.5704249211298166,-4.546685559972141,-3.8661541222041875,0.7764624643723825,-1.8552094047938987,9.462939060431516,0.6222651357244294,0.6254831032537373,-6.945907441257582,-2.2710662768851786,2.2041504933843017,-0.04332740215133213,7.68190202018476,-7.756131015742,0.18007082378463107,-16.51517504728996,7.594398970041058,7.322676548717633,4.277092571508709,1.784170099670383,-0.17401523859854873,-1.5922909788460118,7.373762524153216,-5.845913277586411
0.1690807627728702,-7.869736792374006,2.893722105812013,2.211511330562415,7.845353651931179,8.046673844858645,5.582206585474561,-3.7990623022033847,-0.46949281942738497,1.1392033189968864,1.6956281380275569,4.171300777007102,-3.7872520924390365,0.4970860244826508,-1.3281811437410802,3.0941597012281363,0.3130569015294992,-4.933746256623727,0.012673705369343535,1.6630740212051505,6.757674608003904,-4.229594097938731,-0.34647699519571273,2.7746491901834043,0.4208883131720924,3.506484181512496,-0.4749546741829169,-0.3139699301967499,0.0005513695758728732,-0.3216073711707059,-2.2299321004956454,-1.3272314772702098,0.18902582939316503,0.12486424557520293,-1.419805827936777,-3.761072793699792,-0.048726247404166534,-0.26505245286282136,-1.3222241210103705,-6.610144965124183,-0.3488733755411032,-7.390615937634871,3.7643712983033852,-1.169347202482087,0.8576243933091311,7.979343236988638,-3.2960867306637183,0.3465181264776365,0.27538095324154815,0.9754444038859966
5.8820612539397885,8.79114580285531,0.11514946733125497,-0.6797127351138945,-3.6028720129478193,0.4528160406333801,-3.799062302203385,0.6810836947132781,4.515036831172562,14.435401801357672,9.108793227461335,7.568601963037101,15.209864203592923,-0.1662804381069879,4.226828384450352,-9.851878391868693,-7.831995760368922,4.6171864041742054,1.7299233626652706,-7.697274017936727,-0.049151399180553,-1.905994440418183,-0.057467348290771936,11.612015936787044,-6.118074603123911,0.8895469912097571,4.670721516319693,-1.6780803557955752,1.9746036134938398,5.586855256649458,6.373471466890615,-5.229942277144271,-4.803764607378169,-5.998207512321493,-1.2066542254299653,-15.617708042478325,-1.007597227987348,-0.5009665569323998,-2.867033598552273,-0.9804252522872849,-5.02253135105818,10.3375894011316,-7.058096784238126,-8.018729794430214,0.13994718146994045,8.844394188131337,-3.0052553112118354,-6.389036462408246,3.8332592608541507,0.10368984551345271
0.11831320613249297,1.9083040002236433,7.788502379601541,-7.257197128748305,0.554084087841116,0.5375817841746389,-0.4694928194273852,4.515036831172562,5.529063464674611,-4.966550555930138,-1.8276619550751054,0.3397214904353107,-2.6665374671415756,5.344796787519127,3.8607541596737196,9.074683234085992,-0.012055252328048827,2.638822960178919,-1.8505771578071155,-5.06370078416794,0.041885323601774216,5.90923680137365,0.0598324027733941,-3.5773805252931243,-0.4230260847015689,-2.267715516150851,0.16289559611070156,0.06863202322521844,-0.1602532534008534,0.2547171625321514,-0.310422546893241,-8.702255578590277,-0.009854220258180058,-0.5549975738427282,3.709272629751304,-4.873225863338934,0.23642058623847273,0.28152412099691293,-1.9519003225871272,-0.5083090200642599,0.5878681876700856,-2.5924917270055126,6.232774998967607,6.155977392643894,-8.323226667085684,-7.061378573518538,-6.203558024155799,-4.7737683254180885,-0.6392825470214871,-0.6951991095889444
2.795334275188844,-4.394000631028001,-6.762251892651998,-1.0661243729671144,2.6420072565873944,-11.98240281770154,1.1392033189968858,14.43540180135767,-4.966550555930137,5.246242317003807,-10.376588242970474,-7.724592378518125,-10.037846389584503,10.784116129697797,-6.216006295073045,4.05371067543038,-2.912738461885609,3.623597525237498,-12.207367821959071,5.584960063239555,0.8011852471630362,10.167315943464141,2.836592212348566,-5.218924859113468,1.6807267850024208,-1.8601384175333966,5.360018423249061,0.28931527680417823,-0.6604282446241059,0.5598602741054975,-5.976060361809518,-3.8214616404303947,-0.5227777614758679,-0.10947816744910574,-9.464514312437855,9.980776632787563,-7.064226510463514,1.5700566771638815,10.720988132403772,-7.8593326616657,4.364454866214071,0.9902731727109266,12.48766819490375,-0.44909733398445656,-1.1352345620578186,-6.592718510309583,2.1667347502540606,-8.809599282558603,-7.264786467228245,-1.2333804125698027
-0.8912951789985175,-2.2816822346911514,6.573637269979121,10.425374066130418,11.545303289077994,-15.965949952821386,1.695628138027558,9.108793227461335,-1.8276619550751052,-10.376588242970474,11.060434366874468,-10.629887562567214,-8.467843856910129,9.353469060531275,-16.07549899688967,13.743170455109908,-2.932484381119291,-16.149785185598386,-8.756075121468784,-1.0500553321007655,5.741039946255526,1.4432003735288932,-1.603147328556462,1.9575378183785332,-3.1468929699924875,-6.797680699579834,3.196862451199788,4.995035082683319,9.864267867647145,1.1176637396109028,-4.25915095997811,8.581232468525851,-3.2262045344058956,-0.9714250179156357,2.1071451145268925,7.968816584694379,-2.731239306684004,-0.061298797244160985,15.741966876992425,-9.159590431324684,4.939065870215682,-5.293524884421027,1.6537331500340642,7.392945383705767,-4.513873985705826,5.514585067102436,3.470045770192617,1.5348733324057688,-1.538934640375901,-7.796075624665164
2.4419355206984417,-14.111447141031444,-9.364130404308751,-1.8370235058496451,7.822434896640209,-8.362358384409406,4.171300777007103,7.568601963037102,0.3397214904353105,-7.724592378518126,-10.629887562567212,-10.002894374638291,-10.56176164260808,5.752185280102957,-0.3664793027168194,0.36133850894207187,-5.1951686652858236,-9.423111998680232,-12.844604612741096,3.488057573334604,5.174372390678717,0.7116682073046579,-6.929846416941799,0.0849498224545995,3.4952283942720688,-8.812508891333948,0.6248926598356925,-0.013400012637435954,1.1556231382221909,7.32177452160348,-0.9816849202230362,8.64563305842174,-3.1355497554149037,1.0942395379758862,-2.6369964708365767,-5.9059269759160244,1.4327195310023855,9.130568539062102,6.792108947649746,-1.8897387346848178,9.439990099287211,5.541806673608791,5.766330061775685,3.4897605332424466,-5.184379332408727,-17.057643007018807,3.3372480791360735,-16.003833490165054,5.638425135309848,-2.595213179826054
0.6598679165046282,-15.367489140416884,-4.735311518815779,5.377234206024713,14.565425336875325,-0.19150638654086755,-3.7872520924390365,15.209864203592923,-2.666537467141576,-10.037846389584503,-8.467843856910129,-10.56176164260808,1.816285286376064,6.329262352728005,2.7115566213055087,5.788718864557164,2.1572630565577513,-2.4070336872492533,-5.417007381261724,9.869884344430064,-1.160687684961759,-0.45640384711713344,1.2887745811626312,-5.021277011441208,10.098788821762483,-14.794097332101773,6.22613979476896,-5.295367842708169,0.9007719353452117,-1.1863961962647986,-11.151119541831587,-5.126143857000039,0.32293795367767275,3.3829296896773826,-15.662907816012895,7.017831234075031,-4.389723093848415,-6.00804636665478,5.501837004742245,-7.980879959147538,1.1826548733632738,-3.158241556567785,11.80821794837904,-3.3624218311797716,-4.72831262175096,-12.393899491894155,-5.173349372667062,-15.512518136042909,4.533562650902157,-4.00100146938337
3.5260994227670763,13.10270170548221,14.513958850246448,-4.854331719755243,-7.065132845820975,4.214743888236574,0.49708602448265116,-0.16628043810698745,5.344796787519126,10.784116129697795,9.353469060531273,5.752185280102957,6.329262352728005,4.987743532600227,-1.956672716256556,-17.4895207809768,-5.922952132746129,4.044748384011299,9.750266017023817,-2.41158108216275,-9.068916683967833,-9.92444180810503,-4.4505642880172855,12.137939724085689,8.472710234450192,10.258516644652376,-6.462217979511413,-1.8769442839961115,0.38399241139309603,-5.804084687018498,13.496700795733592,1.8471425802113322,7.944019794144265,4.089211649888934,4.189344389069475,4.639974641219147,0.88057862260489,5.028921922575483,-4.849030680032332,2.207952984762908,7.333522661157969,1.496034365024851,-7.861185601051188,-2.301129546976621,4.469644759590322,4.267007574395671,-2.026215287937868,1.6386055676376547,-0.43283767990423105,8.081326029871454
-4.659878894661025,-11.996055013454932,-11.847105240795301,11.512628121574165,-2.517409796279559,-9.852068173915189,-1.3281811437410795,4.226828384450353,3.8607541596737196,-6.216006295073046,-16.07549899688967,-0.36647930271681917,2.711556621305509,-1.956672716256556,-12.048773296888355,-3.2147256603837793,-5.9059010092338555,-7.887431063908099,-7.263487145616435,3.889957593797116,1.0795130086489204,10.976008158425593,-1.6770856765081257,-8.770932862999537,9.453562249384435,-5.032960476390352,2.6589405119177063,-7.983983981826519,-1.536642513029491,1.4819814052113747,-1.028571412245905,-4.952998067751926,4.554666137558382,0.8002418229384918,0.5705448470435088,10.660450952225636,3.3299637647226445,0.5777256177181156,7.33918191695418,-5.131909145837584,-3.385029086436831,-2.882006364980208,17.477885772935814,16.025935549249468,1.5807642442500796,-13.364261731602083,4.4061862486322925,-13.406999646883017,-5.79508840245438,0.39316603267903616
-2.8127645498733833,-1.3368381702788117,12.008799874612428,-9.931431911823598,-1.5982566605832766,-2.769687675872942,3.0941597012281354,-9.851878391868693,9.074683234085992,4.053710675430379,13.743170455109908,0.3613385089420723,5.788718864557164,-17.4895207809768,-3.2147256603837793,16.461763983625858,-1.8584216175761306,3.022681837974877,-2.9388262352549894,-4.7333262168449775,-3.6510381939193475,-0.39880950321260855,6.180413433494035,-1.8774603852174698,-6.333073235168501,1.9465701827300699,-2.8559052484499428,2.3444353787234897,-7.381246943216048,-1.2595474701414524,16.55165309015954,-12.706934206195386,-3.539949789299358,2.1616916319661525,4.385540640055111,-5.048859794869342,-0.2628616636805017,-3.811731499788844,-5.683577839508123,10.372578437703005,1.287621852755306,3.584698492748917,-0.38204249627124964,-6.102701110419108,13.163250120606902,13.262741071668941,-15.873277302452873,5.4140539927839235,6.726092338843028,-7.618545103942854
-0.4886593545374779,-1.5335591316095427,2.354860676513592,-7.355798534230365,7.627573949434055,3.169334409792641,0.3130569015295002,-7.831995760368921,-0.012055252328049382,-2.912738461885609,-2.9324843811192904,-5.1951686652858236,2.157263056557751,-5.92295213274613,-5.905901009233856,-1.8584216175761321,5.694338355545815,8.303608551392621,0.9197575726608692,-1.513086504586874,-1.3806558525596646,-8.07830649006992,0.09476924023300826,4.648934168876271,-0.786485236551601,0.3143074890482249,-0.08279884180546908,0.1042548339209014,-0.4161675721133356,0.04507269853569307,6.978253239918909,1.018485968753844,-0.03298043878967816,0.03045399003221627,-0.7768236377994571,-3.8995323734569665,-0.4104413131776625,-0.6677156360942342,4.601151536336685,1.880661266264236,-0.3932502405785274,0.10390270117865108,-5.098250720733058,-0.014865764411621851,-1.9297840545736855,5.093524125370195,-0.22793443230796528,-3.896355064173142,-0.06108279583844162,-0.40444783174539545
0.07513688012848968,-13.939142736682015,-3.14973871691116,-1.6043468493825528,8.11742190182236,-2.5461943238589844,-4.933746256623728,4.6171864041742054,2.6388229601789184,3.6235975252374986,-16.149785185598386,-9.423111998680234,-2.407033687249254,4.0447483840112985,-7.887431063908098,3.022681837974876,8.30360855139262,6.3557774747422915,-0.20991987483858066,5.44086428963305,15.859848471628151,10.35520509561027,-3.3571195992876577,-3.6310561674243367,9.778453978537055,-6.030338603155177,-4.87312781507853,-0.49468171267068706,2.654413940603017,3.5001344069608202,-0.6223566870345705,11.09272519286701,-2.185285060417581,-9.141488464766045,-8.358737349653858,5.511258677237886,-1.7082013783993706,-1.353087581690219,6.365067162485462,7.9770768650236485,-4.963518043542375,-8.974479737611315,7.439074919554566,8.288180965068708,-6.135672119623526,-8.374264967783942,7.602736248523451,-8.57239352657407,4.5268682284096995,1.4578370917180097
-2.7501222507129803,1.029648631524021,-4.31415485222189,10.027183491518851,-0.22666459787548893,-5.054087057123562,0.012673705369343771,1.7299233626652706,-1.8505771578071164,-12.207367821959071,-8.756075121468784,-12.844604612741096,-5.417007381261725,9.750266017023815,-7.263487145616436,-2.9388262352549894,0.9197575726608691,-0.20991987483858043,-8.475380757720025,5.799340723716294,5.111372787038963,2.479289749936652,0.4066331205903195,-8.590224536057177,2.99112676283318,4.866219503196151,10.259093673872743,-2.822330607686045,-0.9335505582856989,0.83535219266502,-6.126728612540621,7.094163430882695,-0.4125454733569869,-1.5722426808513352,-10.72918313355006,7.320863956553907,-0.6770747396033749,-5.0323709150187685,-3.5598517615840675,-5.9921919656537295,3.5821621286548786,-5.9955049504119495,0.971835475276418,14.054392174922153,-7.8668374236849266,6.3119215623274005,13.37435201171366,-8.855784752854817,-3.3867166105763102,0.15196692011954727
2.3532280347357504,7.932853454654919,0.17025510822657836,-3.6431432496999,-3.261799758659511,7.612890640511335,1.663074021205151,-7.697274017936727,-5.063700784167939,5.584960063239556,-1.0500553321007664,3.4880575733346046,9.869884344430064,-2.4115810821627512,3.8899575937971163,-4.7333262168449775,-1.5130865045868724,5.44086428963305,5.799340723716295,-10.992970247557604,0.9410087985950595,-4.74210133645652,7.013896656447553,0.9004932337329618,4.055702634162788,-8.132304846590317,6.88458795431212,2.4460114562770467,0.40916940148665265,4.155770759414199,3.32063627655796,-5.631613316192508,8.495448636468762,-5.040653829373682,1.4628953266082374,-8.166078303263635,0.22925436402397303,-1.2331536451499385,-13.021441360350686,8.942652453400248,-3.340615811358828,-1.3964792211927302,-11.978497129829922,-11.495515141469205,2.543254316980878,10.83633110590144,-8.40628571837817,1.579115201071185,-4.300165220238358,0.12735386211142874
5.579549644337753,10.753536819023449,5.851545678599365,3.3984618952773724,-5.081671629381756,14.161066695936615,6.757674608003905,-0.04915139918055258,0.041885323601774105,0.8011852471630365,5.741039946255527,5.174372390678718,-1.1606876849617587,-9.068916683967833,1.079513008648921,-3.6510381939193475,-1.3806558525596642,15.859848471628151,5.111372787038963,0.9410087985950597,-12.160193898451375,-4.034626039896077,-2.9972093500111736,13.528704366402744,8.805060846026548,3.1028184065687534,0.5344527805537669,9.193642439647414,-3.2116237523231526,-1.7464723161499476,6.8549928796844295,-14.489402600158579,1.4986302701996448,-4.522357048351369,7.103558645843204,-10.372546339591244,2.6804942796374975,-3.958577809363274,7.753712589490951,1.4312519164611848,0.5660835551847361,11.493694659117399,2.6233644282025024,-12.478726693567966,-1.6096903447827098,4.639580661887472,-4.607600149564637,-1.8028313225910537,5.518154050142294,8.970961192137386
-0.3501519675887548,8.118858989979266,14.567549375755963,-14.698324846409783,-0.35347759379095756,12.161950263927649,-4.229594097938731,-1.9059944404181826,5.90923680137365,10.167315943464143,1.443200373528893,0.7116682073046579,-0.45640384711713355,-9.924441808105032,10.976008158425593,-0.3988095032126089,-8.07830649006992,10.35520509561027,2.479289749936652,-4.742101336456519,-4.034626039896078,-3.6095165723721543,2.7403657968515494,3.083578718089426,-6.783882064146415,4.944396821547985,5.32429417806566,-9.565569261889731,4.794673628423851,1.3339600464678272,4.134253867196464,-10.851694403418874,-5.2314322695937685,-5.300115496778593,5.1817596507958,-3.4637839967254145,-6.506672528874103,-10.360964768321805,-5.4944645474148865,8.49937530124738,-9.438944630320412,5.0921611535502596,-16.890580544898942,4.053477600440882,4.343741094573035,4.019165961149641,-13.164484995198961,-1.9539125647975117,-1.7921945561652173,1.0043083394851517
-0.301664011823382,9.996135343350861,-4.288490718864299,5.4703782518073805,-0.6575181843173835,4.903770974622968,-0.346476995195713,-0.05746734829077177,0.05983240277339369,2.8365922123485667,-1.6031473285564624,-6.929846416941801,1.2887745811626328,-4.450564288017286,-1.6770856765081246,6.180413433494035,0.0947692402330099,-3.3571195992876577,0.40663312059031886,7.013896656447553,-2.9972093500111736,2.7403657968515476,5.650387938391463,-0.2253011283611972,-0.23175943239730667,7.150593395511388,0.4798340827200489,0.5678028755438111,-0.2992464027582328,-0.22465537115926676,-2.2433179238450354,0.07853285031915297,0.09797341579234442,0.4572954351939671,-1.6606110551648905,7.232024284562641,-0.7259809061945719,0.5904767768896739,-0.7176803485811587,-3.0802400122472275,-0.3846271539429904,0.718171926243407,-2.265638694934906,4.154981141574456,2.6880908226741567,-4.2540093409811455,4.0831118052499304,-4.812730836898927,-0.5692454815807454,-0.8283659635760257
-2.491012142631075,-0.6541158793838798,2.283844341371161,-1.6712933786562576,9.882071816067938,-6.821317016878829,2.774649190183404,11.612015936787044,-3.5773805252931252,-5.218924859113469,1.9575378183785326,0.08494982245460034,-5.0212770114412075,12.13793972408569,-8.770932862999537,-1.87746038521747,4.648934168876272,-3.6310561674243362,-8.590224536057177,0.9004932337329618,13.528704366402746,3.083578718089426,-0.22530112836119753,-1.6218832083025223,4.691891248853148,-7.418649794163318,-1.502105137912069,-3.5015866678037986,0.5336591318460553,-9.89085895928818,0.7797616242498209,14.7488265745725,-0.1889954552173212,0.24485326872902405,-9.865045956315377,3.6617945072526417,-1.3165324165081205,2.57169175293231,8.811991795853777,-4.180819884006859,-0.14310737028240877,-6.58136949569097,-7.569274483295556,0.6008173474979668,-15.01451700951318,-2.854894768322765,11.452574040555957,-10.517124098505427,-3.017299521021974,-7.446571975504692
0.03751498083670923,5.841963918267023,1.805710412422992,9.795008839642762,-7.256746565451476,0.07211740522177248,0.4208883131720942,-6.118074603123909,-0.4230260847015703,1.6807267850024212,-3.1468929699924866,3.4952283942720688,10.098788821762483,8.472710234450192,9.453562249384435,-6.333073235168503,-0.7864852365516021,9.778453978537058,2.9911267628331792,4.055702634162788,8.805060846026548,-6.783882064146415,-0.23175943239730645,4.691891248853148,5.50389336605563,-1.1326494844709192,0.525167398053427,0.6160396217289896,-0.1631176443333829,0.24316806818355996,1.5504508766537557,5.306171818923996,0.49689492698147686,0.708317702245096,-6.553538937507176,-2.049751265716657,-0.40097343774784266,0.3846904723159721,-4.292726210864674,0.3482919785635667,0.10262880000459473,-4.249602067132387,-0.020357714269943705,0.7671449228792264,-9.190926182565844,4.374331005220811,1.1819902417280512,1.4986689683050007,-0.10115612073647967,0.33273446413551433
-3.045603455822031,3.648321671115463,-8.357737840556068,11.369072951381483,12.126160873657703,-0.2222386348514263,3.506484181512496,0.8895469912097567,-2.26771551615085,-1.8601384175333961,-6.797680699579834,-8.812508891333948,-14.794097332101774,10.258516644652376,-5.032960476390351,1.9465701827300683,0.31430748904822503,-6.030338603155178,4.866219503196151,-8.132304846590317,3.102818406568753,4.944396821547985,7.150593395511389,-7.418649794163317,-1.1326494844709205,-5.380992300863607,-2.955557067053285,-2.0589587903207445,3.1748883437197097,-0.9388178807456005,2.0067380521570852,7.090674024258309,4.27121342930169,2.12731731849227,-4.192167246379657,6.21011231621668,6.0743132755978015,-7.446457229351008,6.164960124322384,-4.242224467115794,4.443047917650849,-3.0580823241708446,6.749523052398853,8.631136743776402,2.161552506566595,-8.341277923745707,3.068939873104339,-9.730832028105029,-7.1637473672179235,1.503908001882285
-0.7188543106902316,-2.46604865144237,-4.379476897198683,-0.29914405282779377,5.016410318101102,0.5704249211298171,-0.4749546741829178,4.670721516319693,0.16289559611070137,5.36001842324906,3.196862451199789,0.6248926598356924,6.226139794768962,-6.462217979511413,2.658940511917707,-2.855905248449942,-0.08279884180546881,-4.873127815078529,10.259093673872743,6.884587954312121,0.5344527805537669,5.32429417806566,0.47983408272004857,-1.5021051379120678,0.5251673980534266,-2.9555570670532845,5.025793553983422,0.39867241893528194,-0.649571007604267,-0.2798670989333596,8.41522022123902,0.49805819788478833,0.08825817888068099,0.5640559717784113,6.638372342624574,1.590439008031582,-0.2689930781221197,0.8151249382940544,-3.0324713680048214,-3.3254887712972265,0.24419117880713437,8.863111389528996,0.04065273848388662,-6.285863334488855,1.1291362839069774,0.06756665938176837,1.879468481022135,-3.075237927478517,-0.5569199422476752,-0.3384075861175997
0.2944075613912845,-4.772936854020964,-8.033824033712152,4.893766974269289,1.2437551696519837,-4.5466855599721425,-0.3139699301967513,-1.6780803557955748,0.06863202322521908,0.28931527680417857,4.99503508268332,-0.01340001263743576,-5.295367842708169,-1.8769442839961117,-7.983983981826518,2.3444353787234897,0.10425483392090218,-0.4946817126706893,-2.8223306076860455,2.4460114562770467,9.193642439647414,-9.565569261889731,0.5678028755438114,-3.501586667803798,0.616039621728989,-2.0589587903207445,0.3986724189352814,5.2218767519321405,0.32173364605364446,-0.520987526498077,0.3545719939307639,-2.046198129056213,-0.13797825528296626,-0.025109796655008343,-2.738195647465105,0.1380585443760436,-0.1621657515702064,-0.019784464392897272,-3.59165667666708,-5.705803848441652,0.3606370948637554,3.7559596922166323,-6.092165206340335,-0.10439689689867926,-0.15157887179705476,2.881813821864694,-0.018838520851453655,0.4912011870997408,-0.2600878536580624,0.042351036558772814
-0.0804994847058043,0.6671375717697815,-1.9520878006204816,-0.7839188484553238,5.420161202587771,-3.8661541222041875,0.0005513695758729287,1.9746036134938396,-0.16025325340085364,-0.6604282446241063,9.864267867647143,1.1556231382221924,0.900771935345211,0.3839924113930967,-1.5366425130294914,-7.3812469432160475,-0.4161675721133342,2.6544139406030185,-0.9335505582856989,0.4091694014866531,-3.2116237523231517,4.794673628423851,-0.29924640275823433,0.5336591318460553,-0.16311764433338272,3.1748883437197097,-0.6495710076042673,0.3217336460536442,4.791157734131658,-0.17951170536999794,-7.945276675469786,5.473611705572821,0.19588081787790035,0.382928211448196,-1.3203322975622567,-1.1567045241466718,0.49338620460024685,-0.07176720512630597,-4.192542626723915,1.612571014987279,-0.567917693987406,-5.351110397833617,-2.5486831241411565,-0.5052332843265727,-2.3816271701278007,6.182064055523392,3.4705614440970107,-7.319369191052714,0.32685530857000217,-0.06453128324371138
-0.062168243748377816,-1.9399976819008,-2.997352961009457,-3.952115559083021,-10.089867663281762,0.7764624643723825,-0.3216073711707066,5.586855256649457,0.25471716253215176,0.5598602741054972,1.1176637396109026,7.32177452160348,-1.1863961962647993,-5.804084687018497,1.4819814052113753,-1.2595474701414524,0.04507269853569201,3.500134406960821,0.8353521926650198,4.155770759414199,-1.7464723161499474,1.3339600464678276,-0.2246553711592677,-9.89085895928818,0.24316806818355996,-0.9388178807456009,-0.2798670989333595,-0.5209875264980772,-0.17951170536999805,5.163673651484236,-3.0138096905876357,7.024984193048326,0.35358312364568056,-0.14480613661603448,5.376511782951291,-5.414817107848047,-0.28022140164747655,-0.42210273612942717,-1.789542829000013,-2.611480955743714,0.01854100996150576,0.22666399794654302,6.966323796850049,2.553846023194051,-1.2793415860826591,2.9424403636359475,1.1345005124757948,-3.668425283558621,0.04540511037363015,0.7026493381921195
-2.976206622994015,-3.6811100228374953,-4.457831198712353,7.42199194943672,-1.455628107332679,-1.8552094047939005,-2.229932100495645,6.373471466890615,-0.3104225468932409,-5.976060361809516,-4.2591509599781086,-0.9816849202230343,-11.151119541831587,13.496700795733592,-1.028571412245904,16.55165309015954,6.97825323991891,-0.6223566870345704,-6.12672861254062,3.3206362765579596,6.8549928796844295,4.134253867196465,-2.2433179238450354,0.7797616242498216,1.5504508766537564,2.006738052157084,8.41522022123902,0.3545719939307639,-7.945276675469786,-3.013809690587636,11.18776696599512,12.400160118457803,1.8259150591026874,-0.4163754050526147,-5.218748211647899,7.830531618232614,2.9370884351983166,8.08802357978656,7.582116430953615,-11.572806077727044,-2.112358290960253,-11.398037372509375,-1.0882099890095753,5.814787518868471,-9.181855244716434,-7.175643744904568,5.892542081823169,-15.07730657149126,-2.203237704839796,-1.4477889297483124
0.26463281243721193,4.708546159023184,2.1700016879163098,-5.863615841304551,-5.7910725477909315,9.462939060431516,-1.3272314772702087,-5.229942277144271,-8.702255578590277,-3.8214616404303943,8.581232468525851,8.64563305842174,-5.12614385700004,1.8471425802113317,-4.952998067751926,-12.706934206195386,1.0184859687538448,11.09272519286701,7.094163430882695,-5.631613316192508,-14.48940260015858,-10.851694403418874,0.07853285031915191,14.7488265745725,5.306171818923997,7.090674024258309,0.4980581978847889,-2.0461981290562132,5.473611705572821,7.024984193048326,12.400160118457801,5.556361100358492,3.1126549830476304,-4.783914704449958,2.1511134108963006,-16.438306070830052,5.869223725115067,-2.7655224109414833,5.235220882361316,4.210091546004653,4.072794758421528,-3.0494824418698796,-9.610391928454238,-6.30688046616418,6.9960236972667005,13.432044607953497,-2.1960118886240325,-2.0043846976837436,-7.284352127637052,8.08726803018717
-0.0789618846849427,-1.1909399198858712,-6.329857677274225,-0.004372231306280616,0.08837288196642223,0.6222651357244289,0.1890258293931646,-4.803764607378168,-0.009854220258178836,-0.5227777614758675,-3.2262045344058947,-3.135549755414901,0.32293795367767286,7.944019794144266,4.554666137558381,-3.5399497892993583,-0.032980438789678296,-2.18528506041758,-0.41254547335698655,8.495448636468762,1.4986302701996457,-5.2314322695937685,0.09797341579234442,-0.18899545521732122,0.4968949269814763,4.271213429301689,0.08825817888068119,-0.1379782552829656,0.19588081787790032,0.353583123645681,1.8259150591026871,3.1126549830476318,6.111691627724754,-0.3858550409591679,3.564228436326465,-3.3203512578750694,0.3376035451132712,0.16260698350563782,4.36316141488712,3.3798208419376445,-0.7683413557342381,4.710486785660406,-0.23347917486618042,-1.1812213274638332,1.4992326676260948,0.9725483790355332,1.8442901945751653,3.072248416993071,-0.04252591458918786,0.4153907590602721
0.2274234736125489,4.629837203201131,2.301771278648105,2.7089495239825174,0.27221658252615766,0.6254831032537376,0.12486424557520259,-5.998207512321492,-0.554997573842729,-0.10947816744910566,-0.9714250179156347,1.094239537975886,3.382929689677382,4.089211649888935,0.8002418229384924,2.1616916319661525,0.03045399003221516,-9.141488464766045,-1.5722426808513352,-5.040653829373681,-4.5223570483513695,-5.300115496778594,0.457295435193966,0.24485326872902377,0.7083177022450959,2.12731731849227,0.5640559717784112,-0.025109796655008502,0.3829282114481955,-0.1448061366160346,-0.4163754050526147,-4.783914704449957,-0.385855040959167,5.774391548663272,0.3936743118578927,3.719686695636215,0.2841064191517648,0.8676415001003651,1.3890163109367184,-7.07857939326761,-0.5168255722942843,8.195858324964945,-4.8194562821060885,0.4734757235676095,0.9984661548082343,-0.7534364270008936,1.6088636089010504,-4.573036912782999,-0.02749874984939049,-0.01833226923127797
-1.7837159643156684,-1.4897728702622635,-6.992296460860384,12.42760044398701,1.1940521149761076,-6.945907441257582,-1.4198058279367771,-1.2066542254299646,3.709272629751303,-9.464514312437855,2.107145114526892,-2.636996470836577,-15.662907816012895,4.189344389069475,0.570544847043509,4.385540640055112,-0.7768236377994566,-8.358737349653858,-10.72918313355006,1.462895326608238,7.103558645843204,5.181759650795801,-1.6606110551648903,-9.865045956315376,-6.553538937507176,-4.192167246379658,6.6383723426245735,-2.7381956474651044,-1.3203322975622562,5.37651178295129,-5.218748211647899,2.1511134108963,3.5642284363264647,0.39367431185789314,-3.8465098772462873,2.9433402908292727,0.34097558762524094,7.367934118989178,14.523851452989627,-4.270793876921995,5.101407999348132,-7.469762958082077,0.41432056055001554,8.14689337356878,-18.105882345228615,-7.958996384821856,0.3730816385801955,-6.096445863008679,-1.0033570477653695,-4.319173815833788
2.9655912633018864,4.969741993131324,6.086909868652379,-7.8001886713564925,0.5079021751055851,-2.271066276885181,-3.7610727936997934,-15.617708042478325,-4.873225863338934,9.980776632787562,7.96881658469438,-5.905926975916025,7.017831234075031,4.639974641219146,10.660450952225634,-5.048859794869343,-3.8995323734569673,5.511258677237885,7.320863956553907,-8.166078303263633,-10.372546339591244,-3.4637839967254154,7.23202428456264,3.6617945072526425,-2.0497512657166563,6.210112316216682,1.5904390080315822,0.1380585443760438,-1.1567045241466716,-5.414817107848047,7.830531618232615,-16.43830607083005,-3.32035125787507,3.719686695636215,2.9433402908292727,-8.710462115390493,1.8207693605788826,-4.302318755521698,-11.530598195514525,10.683190195916668,2.0184608735991283,7.5273783936138345,-4.380909884616452,-7.666119884296147,7.524735081488614,13.783107814165957,-3.0222382732033575,15.034386186270936,0.49579445511846076,2.75114499975666
0.42699870855158606,-0.48666931860134965,0.343110591036216,5.688508923478748,-4.4334839489053275,2.204150493384301,-0.04872624740416656,-1.0075972279873469,0.2364205862384728,-7.064226510463515,-2.731239306684004,1.4327195310023855,-4.389723093848415,0.8805786226048902,3.3299637647226437,-0.26286166368050123,-0.41044131317766186,-1.708201378399369,-0.677074739603374,0.2292543640239717,2.680494279637497,-6.506672528874102,-0.7259809061945728,-1.3165324165081203,-0.40097343774784305,6.074313275597803,-0.26899307812211953,-0.1621657515702064,0.49338620460024696,-0.28022140164747744,2.937088435198316,5.869223725115067,0.3376035451132706,0.2841064191517655,0.3409755876252418,1.8207693605788826,5.385738586981164,-0.42739038335019885,-8.189762810544439,-0.3470048815663629,-0.11754062010183935,3.444270959589197,2.721302986716775,-1.566904814419025,-1.0814356336445916,2.5397215742493935,-1.8874943304555656,-5.436785174052716,-0.037921820520772316,0.18108516198336844
0.24106146037825382,-0.23624062266724305,-0.009206838722939675,-1.630007228152097,-3.737684271718478,-0.043327402151332794,-0.26505245286282175,-0.5009665569324002,0.2815241209969123,1.570056677163882,-0.06129879724416165,9.1305685390621,-6.00804636665478,5.028921922575483,0.5777256177181163,-3.811731499788843,-0.6677156360942349,-1.3530875816902197,-5.0323709150187685,-1.2331536451499379,-3.9585778093632755,-10.360964768321805,0.5904767768896748,2.5716917529323102,0.384690472315973,-7.44645722935101,0.8151249382940547,-0.019784464392896717,-0.07176720512630516,-0.4221027361294276,8.08802357978656,-2.7655224109414838,0.16260698350563701,0.8676415001003656,7.367934118989178,-4.302318755521698,-0.4273903833501991,4.860765845387821,-0.09389013520408479,-5.528863393724693,0.41776808249668573,-0.99596823834727,-2.0583690313371683,-7.556117317862498,4.918450584756696,-4.232215714582035,2.955328443722727,0.13279165574622004,0.3455769703465279,-0.31326723078294305
-8.739260338620886,15.067592507926989,13.637026404032698,-11.56159759123243,-2.0847188376862427,7.681902020184761,-1.322224121010371,-2.8670335985522732,-1.9519003225871272,10.720988132403772,15.741966876992425,6.792108947649746,5.501837004742245,-4.849030680032332,7.339181916954179,-5.683577839508123,4.601151536336684,6.365067162485462,-3.559851761584067,-13.021441360350686,7.753712589490952,-5.494464547414886,-0.7176803485811576,8.811991795853777,-4.292726210864675,6.164960124322384,-3.032471368004823,-3.591656676667079,-4.192542626723914,-1.7895428290000133,7.582116430953613,5.235220882361316,4.363161414887119,1.3890163109367186,14.523851452989625,-11.530598195514525,-8.189762810544439,-0.09389013520408507,14.00782870944196,9.77018817582616,7.117727954003542,4.4035914151687034,-11.098792723712304,-4.8104062756500925,10.66347754370102,6.173352974449133,0.21538456301799996,11.538179763108019,-1.2695418741185889,-1.8708750617835248
-7.501046270272898,-11.876152338554384,1.79217134245638,4.573706708823455,4.6211234872298474,-7.756131015741999,-6.610144965124183,-0.980425252287284,-0.5083090200642599,-7.859332661665699,-9.159590431324684,-1.8897387346848176,-7.980879959147538,2.2079529847629096,-5.131909145837584,10.372578437703005,1.8806612662642355,7.977076865023649,-5.992191965653729,8.942652453400248,1.4312519164611857,8.49937530124738,-3.0802400122472267,-4.1808198840068584,0.34829197856356753,-4.242224467115793,-3.325488771297227,-5.705803848441652,1.6125710149872785,-2.6114809557437146,-11.572806077727044,4.210091546004653,3.3798208419376445,-7.07857939326761,-4.270793876921994,10.683190195916668,-0.3470048815663635,-5.528863393724693,9.770188175826158,-0.9938739239722683,-6.84882965752841,-4.045763928066834,0.5398024651567997,-1.6800081278445433,2.484351955946889,1.3051436423454117,8.13242830477497,-6.687110719484544,7.716024755188904,1.302319713946448
-0.8387096858166898,5.704771422138084,2.999619442833665,-7.596199571672147,1.9609766121920549,0.18007082378463063,-0.34887337554110315,-5.02253135105818,0.5878681876700858,4.3644548662140705,4.939065870215683,9.439990099287211,1.1826548733632734,7.33352266115797,-3.3850290864368304,1.2876218527553056,-0.3932502405785274,-4.963518043542374,3.5821621286548786,-3.340615811358828,0.5660835551847352,-9.438944630320412,-0.38462715394299035,-0.14310737028240894,0.10262880000459651,4.4430479176508495,0.244191178807134,0.36063709486375517,-0.5679176939874068,0.01854100996150565,-2.1123582909602527,4.072794758421528,-0.768341355734239,-0.5168255722942832,5.101407999348131,2.018460873599127,-0.11754062010183985,0.4177680824966858,7.117727954003541,-6.84882965752841,5.017439488788207,-8.756912339136337,-0.4317087105174939,-0.6491426653869035,-6.064834489890848,1.0781368471641968,-4.0096366405702755,4.703133931500277,-0.22571892257340093,-0.45479763895563363
2.967598337498015,-3.1877174335296274,-8.987931583714808,1.8368708609279567,5.842736288163213,-16.51517504728996,-7.390615937634871,10.337589401131599,-2.5924917270055134,0.9902731727109261,-5.293524884421027,5.541806673608791,-3.1582415565677846,1.496034365024851,-2.8820063649802083,3.584698492748917,0.10390270117865175,-8.974479737611315,-5.995504950411949,-1.3964792211927306,11.4936946591174,5.0921611535502596,0.7181719262434065,-6.58136949569097,-4.249602067132386,-3.0580823241708446,8.863111389528996,3.7559596922166323,-5.351110397833617,0.22666399794654327,-11.398037372509375,-3.0494824418698796,4.710486785660406,8.195858324964945,-7.469762958082077,7.527378393613835,3.444270959589196,-0.9959682383472699,4.403591415168703,-4.045763928066834,-8.756912339136337,12.872429894502254,6.858084946541277,7.709221979290001,-0.9587780398945505,-15.132594774369377,1.4974406268501137,1.288235207294591,0.8834918434550972,-0.21444538043323036
-6.124621029548925,8.841518127746465,13.381193895615224,-6.827887314757065,-9.396138837027964,7.594398970041056,3.764371298303386,-7.058096784238126,6.232774998967607,12.487668194903751,1.6537331500340633,5.766330061775685,11.80821794837904,-7.861185601051188,17.477885772935814,-0.3820424962712494,-5.0982507207330565,7.439074919554565,0.9718354752764178,-11.978497129829924,2.623364428202502,-16.890580544898942,-2.2656386949349057,-7.569274483295556,-0.02035771426994404,6.749523052398852,0.04065273848388673,-6.092165206340335,-2.548683124141156,6.966323796850049,-1.0882099890095758,-9.610391928454238,-0.23347917486618106,-4.8194562821060885,0.4143205605500162,-4.380909884616452,2.7213029867167746,-2.0583690313371683,-11.098792723712304,0.5398024651567999,-0.43170871051749304,6.858084946541277,-4.66277369691705,-11.115990431861821,1.70344772783384,0.6163771177777153,-3.8977269569722686,8.052216473077374,5.625457955000106,-1.1623449319547492
6.533471846495034,13.581818424022721,-2.78933347045752,-3.9274311025476853,2.0013120151040886,7.322676548717633,-1.1693472024820872,-8.018729794430214,6.155977392643894,-0.4490973339844564,7.392945383705766,3.4897605332424466,-3.3624218311797724,-2.301129546976621,16.025935549249468,-6.102701110419108,-0.014865764411621796,8.288180965068706,14.054392174922151,-11.495515141469205,-12.478726693567964,4.053477600440882,4.154981141574456,0.6008173474979677,0.7671449228792272,8.631136743776402,-6.285863334488854,-0.1043968968986807,-0.5052332843265728,2.5538460231940507,5.814787518868471,-6.30688046616418,-1.1812213274638328,0.47347572356760936,8.14689337356878,-7.6661198842961475,-1.5669048144190256,-7.5561173178624985,-4.810406275650092,-1.6800081278445425,-0.6491426653869037,7.709221979290002,-11.11599043186182,0.11202477164520097,3.7955316881987713,4.453763428682315,0.09369236538192893,2.550348649589763,3.017179371432297,-4.668416308992055
3.493513468316113,-1.7008249748502644,-6.578267122321741,-0.4368864590560424,-5.949581382591236,4.2770925715087085,0.8576243933091305,0.13994718146993984,-8.323226667085684,-1.1352345620578184,-4.5138739857058265,-5.184379332408726,-4.728312621750959,4.469644759590322,1.5807642442500778,13.163250120606902,-1.929784054573686,-6.135672119623525,-7.866837423684926,2.543254316980879,-1.609690344782711,4.3437410945730335,2.6880908226741558,-15.01451700951318,-9.190926182565843,2.1615525065665957,1.1291362839069774,-0.1515788717970561,-2.3816271701278002,-1.2793415860826598,-9.181855244716434,6.996023697266701,1.4992326676260963,0.9984661548082336,-18.105882345228615,7.524735081488614,-1.081435633644591,4.918450584756696,10.66347754370102,2.484351955946889,-6.064834489890848,-0.9587780398945489,1.7034477278338405,3.7955316881987713,-6.342681561613231,-7.541667019594697,0.11865544841116404,-7.50774929916172,-1.4124486541892656,3.902552019724799
-2.5717538628692465,-10.908182172513351,-3.0189129583205467,1.6913017129767598,1.0190865148595638,1.7841700996703833,7.979343236988639,8.844394188131337,-7.061378573518538,-6.592718510309583,5.514585067102436,-17.057643007018807,-12.393899491894155,4.267007574395671,-13.364261731602083,13.26274107166894,5.093524125370195,-8.37426496778394,6.3119215623274005,10.836331105901438,4.639580661887472,4.019165961149641,-4.254009340981146,-2.8548947683227652,4.374331005220809,-8.341277923745707,0.06756665938176801,2.8818138218646943,6.182064055523391,2.9424403636359466,-7.175643744904567,13.432044607953497,0.9725483790355323,-0.7534364270008932,-7.958996384821856,13.783107814165957,2.539721574249393,-4.232215714582035,6.173352974449133,1.3051436423454117,1.0781368471641963,-15.132594774369377,0.6163771177777149,4.453763428682315,-7.541667019594697,0.8570950723052668,3.057459212294281,0.9313832404069534,1.4406901007416453,-3.981694892714252
1.1090116138195532,6.897009771387138,8.013121732738078,0.17900953875828457,1.366654342421484,-0.1740152385985495,-3.2960867306637187,-3.0052553112118368,-6.203558024155799,2.1667347502540606,3.470045770192618,3.337248079136072,-5.1733493726670625,-2.026215287937868,4.4061862486322925,-15.873277302452873,-0.22793443230796573,7.602736248523451,13.374352011713661,-8.40628571837817,-4.607600149564637,-13.164484995198961,4.0831118052499304,11.452574040555957,1.1819902417280521,3.0689398731043385,1.8794684810221347,-0.018838520851453877,3.4705614440970116,1.1345005124757948,5.892542081823168,-2.1960118886240316,1.8442901945751642,1.60886360890105,0.37308163858019583,-3.022238273203358,-1.887494330455565,2.9553284437227267,0.21538456301799971,8.132428304774972,-4.009636640570275,1.4974406268501135,-3.8977269569722695,0.09369236538192904,0.11865544841116238,3.057459212294281,8.609322655086622,15.280453019160516,-2.218723870765701,3.2753783738485684
3.99250323074449,-3.5819636558500947,-13.967434637490076,1.0765145539308842,6.130501619929205,-1.5922909788460116,0.3465181264776361,-6.389036462408245,-4.7737683254180885,-8.809599282558603,1.5348733324057684,-16.003833490165054,-15.512518136042909,1.6386055676376543,-13.406999646883015,5.4140539927839235,-3.896355064173142,-8.57239352657407,-8.855784752854815,1.5791152010711842,-1.802831322591054,-1.9539125647975113,-4.812730836898927,-10.517124098505429,1.498668968305,-9.730832028105029,-3.075237927478516,0.49120118709974153,-7.319369191052713,-3.668425283558621,-15.07730657149126,-2.0043846976837436,3.072248416993071,-4.573036912782999,-6.096445863008678,15.034386186270936,-5.436785174052716,0.13279165574622082,11.538179763108019,-6.6871107194845445,4.703133931500277,1.288235207294591,8.052216473077374,2.5503486495897625,-7.50774929916172,0.9313832404069531,15.280453019160516,-2.38177905669579,0.7651137918571891,2.9636191003245007
0.07266478209970939,-1.3436575498535246,3.070298499115665,-1.9450163762747525,-3.1699261073272034,7.373762524153217,0.2753809532415491,3.8332592608541503,-0.6392825470214871,-7.2647864672282445,-1.538934640375901,5.6384251353098485,4.533562650902155,-0.4328376799042306,-5.79508840245438,6.726092338843028,-0.06108279583844212,4.5268682284096995,-3.38671661057631,-4.300165220238357,5.518154050142294,-1.7921945561652168,-0.5692454815807457,-3.017299521021975,-0.10115612073647956,-7.1637473672179235,-0.5569199422476752,-0.26008785365806303,0.326855308570003,0.045405110373630986,-2.2032377048397955,-7.284352127637051,-0.04252591458918742,-0.027498749849391303,-1.0033570477653704,0.495794455118461,-0.03792182052077253,0.34557697034652823,-1.2695418741185887,7.716024755188904,-0.2257189225734007,0.8834918434550971,5.625457955000106,3.0171793714322974,-1.4124486541892654,1.4406901007416453,-2.218723870765701,0.7651137918571894,5.243599125205541,0.013290937981313755
0.24130486972547915,-3.2720456615647837,3.255670884583133,5.934082996615159,-4.450173731997628,-5.845913277586412,0.975444403885997,0.10368984551345367,-0.695199109588944,-1.2333804125698031,-7.796075624665164,-2.595213179826054,-4.00100146938337,8.081326029871454,0.3931660326790358,-7.618545103942854,-0.4044478317453952,1.4578370917180103,0.15196692011954716,0.12735386211142918,8.970961192137386,1.0043083394851524,-0.8283659635760261,-7.446571975504693,0.3327344641355139,1.503908001882286,-0.3384075861175999,0.04235103655877337,-0.06453128324371182,0.7026493381921205,-1.4477889297483124,8.08726803018717,0.41539075906027223,-0.01833226923127873,-4.319173815833787,2.7511449997566606,0.18108516198336844,-0.3132672307829427,-1.8708750617835248,1.302319713946448,-0.45479763895563297,-0.21444538043323083,-1.1623449319547488,-4.668416308992054,3.9025520197247996,-3.9816948927142524,3.2753783738485693,2.9636191003245003,0.013290937981313977,5.25595124559586
