n
50
c
-0.10626139512053477 201.65921648145056 12.148192488521994 160.57386735567704 230.91174832374617 205.99874576747865 148.53227542678468 167.72392009541034 177.78506931357046 210.09518365594874 -196.30456908602113 175.33141781012458 -167.45943530914548 166.88218281618177 -173.5204274955035 -2.832383641118085 -196.01986935924162 -143.93612531692042 152.64875970680302 -147.4673426876637 -207.82329524975697 -43.09961701022513 -9.38702596859531 216.46936441586433 -39.50686884639449 -163.86869703975074 -191.1583097009241 -188.82670262177584 -167.11584566714762 -153.2805765909567 -177.8251384369756 -45.68335214893116 186.50094871874765 131.73364300515456 30.201943232876875 -161.62889044732773 -17.27878572547906 189.93994413116488 -25.498795315012 -188.37028265586525 143.86998976792364 189.00541101785245 155.3608588432773 6.772493508076059 130.26776167490758 8.712372737064976 -22.189700599911518 -157.5257117307598 -21.458003252462095 165.85134111123577
Q
4.5809103167267455,0.759273110933897,0.07520652365081998,-0.641706865986944,1.947870458965206,-2.24971701629418,-0.2848789268728368,1.0107897836432547,-5.128605490927502,-1.172085720860704,5.590368614899829,-4.961743382804348,-3.07830978970491,-3.0224787982446126,-5.9684902127907495,0.2117297531380917,4.104753485957358,0.0059417814348991516,3.2081060074706156,4.436690646260766,2.8313796964445794,-0.2834653895351333,0.4385574771048324,-2.9298289802816595,0.20503969542706352,2.3679799086676874,0.15470835224250112,-8.809174993081234,-4.134937012632473,-2.100458080745669,3.832417280159513,0.2701928965401885,-7.1097919166951575,-6.8296870380961305,0.20515185068916475,2.2881294392060303,0.6563890739988059,-0.562022925750337,-0.1186911672307111,0.19303760042710597,-0.9636466020817216,-6.626732041430295,-1.8955671672708871,-0.1154298034393536,-2.0757424189007936,0.23834263167497097,0.1241429606633011,-3.059997509569702,0.6134315229368705,1.1675280992245565
0.759273110933897,-10.34955965958369,2.907624861353688,1.7160663640845906,-13.073508845195425,-9.549508005001297,-1.9342040994980116,-5.303519629186303,3.625468552427812,0.919060161508891,7.899678567151719,-10.885253807376596,4.135685821394418,-4.5824210069346485,14.876323855407398,1.503063713324788,3.4670400777372783,9.612936417158377,-6.775729508068541,8.753257853377683,3.1608823150106184,0.7221008433288516,-3.111480339353957,-3.719407926329334,7.5312215715528765,-2.635548561003268,-2.743305794069819,2.1122108295801807,6.074510389793344,4.865576608829448,8.416052660595396,-3.0462601561052853,-12.02496989144222,-8.138136138760188,-7.908210125548108,1.6364667528047283,4.164564182668587,-2.0508394057308257,1.9448033816086623,1.020025635527381,-1.579201235358345,1.8996727240315925,0.87882461412895,8.715760783919414,-2.243901849301665,1.1476209507682922,-7.806846750221338,-1.8305524603236614,5.384407441495974,-5.411571038608493
0.07520652365082037,2.907624861353689,4.780174054876678,0.983743199892998,3.6442630925428983,-0.8659788609169314,0.331745127437697,-5.0524192044091585,0.42132336127793846,6.970644108686588,3.920870149577806,5.993166656079675,6.707819521402404,-1.1200061857153811,2.59396680418933,-0.1372052287881949,0.9141054624731769,4.369467487751639,9.045682198728683,-7.335434885433391,-1.160965524099086,0.17831377426750283,-0.1340001676270304,-1.7505823208915916,0.4128530072191758,-3.01151925036617,5.270742245936997,-9.23386266790865,-0.23332997759041685,2.260029638531523,-1.5902906686951834,0.6358221935549773,-0.8300768756339139,3.1260362094869563,0.3827191590108845,-10.353871832720221,0.150653462057467,7.03385516733524,-0.2714897065795049,-3.7776559330327357,-1.8700153478356485,-2.813527245434181,6.924588083665751,0.49595051705254284,-5.775370744595292,-0.016105424764342235,-0.19573489773497066,-2.580509086748401,0.020779204263533357,-2.7437087069307458
-0.6417068659869436,1.7160663640845923,0.9837431998929984,-9.918499636559602,-2.1543037392255835,-5.92813131966608,-14.590378040432505,-1.4997954989166749,2.7869459060265775,4.880821201570228,4.327167577472394,-3.589119013748861,2.4506726939631447,-6.048700188189873,11.514366991984941,6.211880095111761,-0.1415525480734831,7.690668588890136,-2.8419247934236416,8.059838265613013,5.123886716278356,4.100693435502164,2.1216369460709483,-3.9816907417969114,-0.22811849977543475,4.816064428813777,8.774405413349069,15.478003805407434,2.910981053478378,8.517123371960334,13.112601392368841,-8.125236103054068,5.691727373523244,-0.9119453157905029,-6.342834950605529,8.114738650097571,-6.005688529712539,10.045644757794227,0.8344707424318243,6.795494088392199,1.7144564714025006,5.107048455479924,-10.407032213914853,8.76993178530973,-9.232544032192573,-4.182985731728722,-10.362644099584765,-7.45396187360622,1.1449051131305514,1.0993670853010586
1.9478704589652045,-13.073508845195425,3.644263092542898,-2.1543037392255826,-8.319071700639132,1.4103675001182652,-3.819576463922822,-6.105051543224469,0.34143798672736286,-17.22995100062069,2.9315567060852916,-2.4800413648486757,5.759854425433015,-8.298079993674337,-5.2372267269893324,1.3252050099285397,13.730565676747597,1.9414979502868164,0.46697188418416136,2.583535721666114,12.149996861752468,-0.05713486682575594,1.9242626010412154,-8.47335243190604,-1.3581887210089674,4.963675909203306,5.361494621563199,-3.9490055989563007,-4.8655347356554515,-7.415710288372879,9.001703907942964,-6.3607722878103825,-11.899949845454827,-4.132978071124695,0.4426898254392655,7.814045948175313,-3.699893696204999,-1.160549774297045,1.6439436835306918,3.8818997980154584,-3.474275684526428,-14.394130560502536,-4.530857579874416,-10.346637434528864,-1.119732116007993,-0.583109809287416,-7.29147417913692,10.611067305610431,-3.7953239818972224,-4.988175977070975
-2.2497170162941806,-9.549508005001297,-0.8659788609169301,-5.928131319666079,1.410367500118265,13.333396219436489,-4.821417752492109,3.5911308018256394,-8.761112700067722,-10.732316872132728,-1.2405519709743236,-10.667065399961416,-5.013109010993278,-5.252540385075825,9.084991257638192,3.2299099049833733,18.66345231988178,0.4657661854018569,-12.446643149085181,6.455226583171167,6.320193156376532,-2.217911444503539,3.0025246006122455,-11.602492418861688,-1.709858692987,5.788098553286293,3.176739760494902,-6.39084094751723,13.750476614217515,-0.33133651461594193,14.218359156296838,5.054152106954303,1.8813148185070196,-4.561246328842832,0.03854526945462844,5.741985847092566,0.7543105049155676,-7.9282768826875225,-4.808157407548167,-1.7258071303262041,2.947195671721047,-8.686777371187906,0.8260645789953249,-4.428457737624051,-1.5408037927175178,8.583143618138765,0.4074905967817297,-2.197099483779237,-8.130634704122457,-4.2087455887275045
-0.28487892687283634,-1.9342040994980123,0.33174512743769735,-14.590378040432505,-3.819576463922822,-4.82141775249211,2.3983638056178895,-9.344629432240557,-1.433413955282803,-0.9200864144111135,14.654480904305064,-5.084918889750812,0.7553476052527652,0.7129325306908133,-4.111018653427222,-0.2651801689954212,-1.3019055385355296,9.893378783284067,-9.340920039004414,-0.8640158165942439,-5.383820638298008,1.3765573548916643,3.3111154736266846,-2.803514489058123,7.206614448325217,13.59224012909943,-5.3014600783719485,5.911734228314741,8.817894940423773,5.386225396707307,-1.112715601053631,6.317633343829803,2.3863857156277213,1.2242526794433735,-1.8960724901394832,1.4977687817387033,-6.898699076324214,-0.5770174608120404,3.080224779483379,9.712095684318378,1.032220630917978,-14.081773815331907,-0.04589133960264902,-4.098559641452752,-8.603034448946023,2.130160053224643,-9.478858093046178,2.028471882864781,6.043714455078289,-1.489700826228439
1.0107897836432542,-5.303519629186302,-5.0524192044091585,-1.499795498916673,-6.10505154322447,3.5911308018256385,-9.344629432240557,-5.9092467231205985,-7.9672450894503415,8.155197934846369,3.978416847223558,1.9407527152776045,8.599127391444492,2.9691259503908993,4.068049717912891,9.950853473394314,5.290300759159816,7.384710743042757,-15.600797987719181,5.731206941286228,-1.2516351275106914,-6.522561933723975,2.77874438103414,-10.89531320407917,2.663524427791734,-1.5240778527917604,7.637807614039263,-3.278252781310891,6.533039351426335,7.491098151949351,-2.8132013857796876,-6.900040321204843,-3.5758223558697138,-3.5874197026916086,-2.793869342566813,18.432167364247395,4.412739742734891,-11.112053578375429,-1.299805490902358,3.8588445500712885,-9.352830379145184,-8.882993780432825,-1.879232758836538,0.735940107090459,-7.13612835697722,7.704739986155775,-2.4689094637195206,4.9918932619275465,8.029030377403476,-2.53187947943054
-5.128605490927502,3.6254685524278116,0.4213233612779389,2.7869459060265775,0.34143798672736286,-8.761112700067722,-1.4334139552828025,-7.967245089450341,-0.7876646323241756,-6.549095904176603,-2.3901362167095,-2.513318318289938,8.54153563344761,-0.46395538090151467,1.445953279585133,-8.898141569593472,-4.183292014771393,1.447205050662598,10.854833183021642,5.198718817337205,14.429036732206336,5.980579801928661,-3.5932725998692594,-1.4343982445108576,-6.487817274851402,-2.137667812290151,-5.279954587445059,10.27787281924631,2.6488924237050266,0.8107077693690593,7.77388783704028,0.25701017833749396,-12.058860962532965,-15.020894640262886,1.6095647623716867,16.01206922877317,1.55014902773277,-7.030557199535814,-1.1683983713199866,-5.658454082172155,-7.820356294623491,-10.095304991381877,2.05099567273236,-3.916377536639472,5.0590689132891375,-3.369423037306004,-0.13450577078145248,-2.0093717774267934,-2.1813286522807473,5.620073902055447
-1.172085720860704,0.9190601615088907,6.970644108686588,4.880821201570228,-17.22995100062069,-10.732316872132728,-0.9200864144111139,8.155197934846367,-6.549095904176603,6.059248210252141,8.365337941979028,-3.892415384219691,0.9912874296326284,-5.930405758165241,10.564548726013923,0.07379524023295869,8.218331743941501,-2.586687638040374,1.6783282107982205,5.313372376711707,16.368084166482994,-7.0931443926954545,-5.0054744085879666,-2.721284106973255,-3.9638542056843376,-4.065938482731418,-7.0158759953286545,3.2257284722895037,3.899817286602158,9.293450778124758,-2.7802021637291925,-7.24265590301982,5.257556534753618,-3.548810359207388,0.07130233945824549,-4.01259372291195,-7.026419867600457,-10.030958446140627,-2.3238906819200036,-8.186197975856652,-0.9314021258425649,-0.9118795895089192,-4.085911882781558,-3.6041594931271215,1.6671384570522252,-2.529782646382522,3.179427330239694,4.918746790704987,-2.8522068187195075,-2.8658364629769655
5.590368614899829,7.899678567151722,3.9208701495778056,4.327167577472394,2.931556706085292,-1.2405519709743236,14.654480904305064,3.978416847223559,-2.390136216709502,8.365337941979028,-12.941715072820912,2.361132794655896,-3.370812932884557,11.814145097666861,-9.371585850872892,0.5917995452909439,0.95912682273224,-5.373892606818675,7.6398733841595865,-2.7179584994786232,-11.770489142461425,6.081368512144505,4.02557885715954,7.066882481395402,7.993801889222382,-10.06459635847521,-3.317269663251304,5.666365490199154,-6.986501486947964,-12.322850215949543,-4.28581195196189,-1.5252884674048084,-0.5877849609140522,19.646767270721696,-4.540637653538346,-3.718044288038456,4.453328053844519,9.582165161116437,6.4317222940471614,-14.638899997679616,7.6042343392163545,11.553654009790275,0.595578233914506,5.991217909379689,12.79183110915745,-8.070169533007089,-2.0067887021290343,-14.664618002677146,2.8358362392720933,-2.0086179351293145
-4.961743382804348,-10.885253807376596,5.993166656079675,-3.58911901374886,-2.4800413648486757,-10.667065399961416,-5.084918889750812,1.9407527152776045,-2.5133183182899383,-3.892415384219691,2.361132794655896,10.153431995992422,5.130624901040313,-0.03015610121678816,6.055509529206701,2.0843963522852746,11.158018906122221,-2.005564411881089,3.307268634031332,13.1139780891632,13.730388103567778,0.4623513057475418,4.05002383260628,-16.97250965910297,0.010915127181584827,5.98114577872359,-0.9598045124257687,10.9551571155247,5.187376849771745,12.07267792048511,4.159356907179792,-7.101475565163078,-1.947571479817294,-1.176077851112356,-4.035295319483405,2.786005729604063,5.028397428607207,-8.423376190090146,-3.782733640360692,-0.10608902992225222,1.2926203986171365,-7.908825100244684,-5.9338290734762555,-3.8945924183775493,-5.815127890853938,6.884155044133411,-8.307961414460811,6.490886138189646,-0.8124357684876973,1.4070027063005655
-3.0783097897049094,4.135685821394416,6.707819521402404,2.450672693963145,5.759854425433014,-5.013109010993277,0.7553476052527641,8.599127391444492,8.54153563344761,0.991287429632628,-3.3708129328845575,5.130624901040313,5.422674283373091,5.938284866299417,-8.55632541246186,-2.752071674883093,-12.49951417027669,2.9297757008735217,0.056924308423681236,-9.985834133685552,-9.556255707267152,5.804952930407897,4.046308029395669,10.814934997684789,1.9298664320710914,-6.173061747634469,-6.281669286417515,-8.619489303963944,-5.479938270563529,-9.275877954947262,-8.419932290381443,9.783362376875575,8.308731018749606,5.7911609360590415,-7.386098834496427,-6.62203125706266,-1.3770942936631387,-0.7511413913829379,-2.321566518671472,-6.725194361669932,1.5653102741168325,11.405152299595734,12.445717488601689,-8.743129496698916,9.386329428739506,7.9009635437654335,-0.07729332039654813,-3.3426959937331713,7.830337508857878,4.692070546969757
-3.022478798244612,-4.582421006934649,-1.1200061857153816,-6.048700188189872,-8.298079993674337,-5.252540385075825,0.7129325306908133,2.9691259503908998,-0.463955380901514,-5.930405758165242,11.81414509766686,-0.030156101216788106,5.938284866299418,0.3188463744972614,3.681297801077367,-0.9120698406013504,6.55844033585299,3.0080366254579065,2.8432999089352005,1.1147214565045742,3.7123335608188284,-0.28537061314677103,-2.9483199960615507,-4.3655539951577325,1.9562417263328564,7.1447204877303205,11.527116682787751,6.8160891102395285,2.51510763519527,5.31478726231318,4.879827005858507,-0.2122419197622898,2.142048623583342,-7.553711468429228,-5.602206336905484,3.868806891836348,-2.8884102727313694,-0.11024829209276255,-5.346334088799379,2.36351342982209,1.8972009455780012,-4.840063968274432,-8.089386573919745,-7.366865749868031,-10.479438815782657,2.0942899971128117,1.391076920570403,-3.2127417343326,-2.034643111161044,-7.120733976251847
-5.968490212790748,14.876323855407396,2.5939668041893302,11.514366991984941,-5.2372267269893324,9.08499125763819,-4.111018653427222,4.068049717912893,1.4459532795851322,10.564548726013923,-9.37158585087289,6.055509529206701,-8.55632541246186,3.6812978010773674,-1.0068875932444534,-1.9574728452167403,-5.258874165375898,0.5830085166720204,3.9623435512054628,-8.450431956995903,-13.832127633709424,0.3384017133427803,1.042905549737655,4.9445388986841605,5.169220274433448,-11.528965013003345,-2.2024287933255144,-8.196216800120036,-6.3746990704268445,3.9055492143499295,-3.05096684112851,2.0033301414926727,3.0131625189014395,9.417876039175205,-8.75204891105955,-1.1013247080043629,7.759005299487103,0.39036551235075967,-0.35248112404343246,-3.69088594457644,7.633189933385999,3.936948790982717,2.4734413546379996,-9.132258505882364,3.375598180585716,2.503182734638866,0.4011296673990388,-4.568286344911048,3.419141760157137,8.687283827812042
0.2117297531380904,1.503063713324788,-0.13720522878819463,6.211880095111759,1.325205009928539,3.2299099049833746,-0.26518016899542185,9.950853473394314,-8.898141569593472,0.07379524023295914,0.5917995452909447,2.0843963522852746,-2.752071674883093,-0.9120698406013503,-1.9574728452167407,5.126247971724895,-8.314270476797896,-3.7368808957185413,0.8834947557521491,2.072112077831414,0.4433069553223494,-0.004465961289714604,0.01716741909307906,-1.312977440282955,-0.5973659836633731,0.5172128198301313,-2.4354451990227144,6.444748887715051,-4.924850284947395,4.452710997545072,9.539452256388207,-0.4621750726023811,4.5043648618764305,-1.848371550570522,0.029366368891794614,-0.35612609456907207,-0.3122892839612843,4.454449882998155,-0.42545317106571,7.05757735868713,5.642850729890928,3.397691958261308,3.5670344928950053,0.07559890586603318,-5.6207830742972025,0.2190809702282192,0.1930944313639564,-5.807846279899241,-0.0913380456902042,-4.271362222132495
4.104753485957357,3.467040077737278,0.9141054624731768,-0.1415525480734835,13.730565676747597,18.66345231988178,-1.3019055385355305,5.290300759159815,-4.183292014771393,8.218331743941501,0.9591268227322409,11.15801890612222,-12.49951417027669,6.558440335852989,-5.258874165375898,-8.314270476797898,-8.151790262497787,-6.341810842508673,6.44376452476451,-3.421678161079451,-2.6207781956547964,-0.6013233425364624,1.7764731134924638,5.666836101391438,6.969763314292685,-6.03525758969805,-4.106287285485028,-2.561414039980563,-4.910858241269404,-4.939209607584467,-8.17111187056527,-5.093152552353569,3.0568872826872435,11.650474077177995,-0.4512422848236064,-1.69036991324906,7.065530946212522,-5.726971050153345,4.239917447368741,-6.768871830874912,3.991939301325491,18.70070758711896,0.9186032725062788,1.5266364216146424,-1.1743348199864596,-0.19370597290160252,5.351692723556925,-7.656288895234841,-1.2863337137922628,-0.25229679384001424
0.005941781434900317,9.612936417158377,4.369467487751638,7.690668588890136,1.941497950286816,0.4657661854018571,9.893378783284069,7.384710743042756,1.4472050506625989,-2.5866876380403734,-5.373892606818675,-2.0055644118810894,2.929775700873522,3.008036625457907,0.5830085166720209,-3.736880895718542,-6.341810842508674,6.639503020934937,9.25947544595105,-5.832489689269394,-10.92069393588806,0.5167468643225733,-5.448118680824925,-0.4856142149660394,-3.7087458418822603,-6.566042523266949,4.2152000247792945,-6.7141678236983395,-5.883152395336741,-9.90862299909773,7.346207903015955,5.2211341317168465,-0.1567996097774611,-4.304450782587713,-5.162288110439836,1.0925960686417748,-3.2082897204770267,1.9092169071597858,-1.652187154806203,-0.18893563720317053,-1.303977233127223,1.292036588733354,2.788795825165313,-6.773619162068996,6.844507416940541,-6.92500590902652,2.273283504070581,-4.281623962555955,6.024334736973456,4.782477300397155
3.2081060074706165,-6.775729508068539,9.04568219872868,-2.841924793423642,0.46697188418416147,-12.446643149085181,-9.340920039004414,-15.600797987719183,10.854833183021642,1.6783282107982205,7.639873384159587,3.3072686340313324,0.05692430842368128,2.843299908935199,3.962343551205463,0.8834947557521488,6.443764524764509,9.25947544595105,10.709708387375594,-3.1421844494906486,7.639865731926776,-2.880002895862382,-4.775050080011961,5.172261127378158,-5.622392214123048,2.423409300632444,14.874538368738715,7.535366769463575,-1.0845497880095176,6.71860549580905,4.159796284985316,0.17061472024656643,-7.13151157828503,-9.745881835730621,-3.14975208911924,-0.08184859080354068,4.5156386060951235,-4.345420377779263,7.448688584177448,9.112997980559442,-0.657250308543619,-11.044466967291699,2.6491947404610077,1.8150974690209347,-1.6030077342694955,-2.2977150333753955,3.1642546610985796,4.738819428785012,-1.9226432148663406,-6.33222539921736
4.436690646260766,8.753257853377683,-7.335434885433391,8.059838265613013,2.583535721666113,6.455226583171167,-0.8640158165942424,5.731206941286228,5.198718817337205,5.3133723767117065,-2.7179584994786232,13.1139780891632,-9.98583413368555,1.1147214565045744,-8.450431956995903,2.072112077831414,-3.42167816107945,-5.832489689269394,-3.1421844494906495,7.112222468405899,1.6924246684295077,3.3382298061658435,8.038003355094665,3.093474273668771,-2.014653972478936,4.703520222897814,1.845130576250356,-13.143297535284216,-3.9920677785517773,-12.54444636648967,-2.118917794490724,9.196198609823675,1.6861115378432598,-1.4266405598075065,0.34457261734826905,-6.579095237325292,-1.6081195163419546,-1.8186248357258517,0.02179065024358106,-3.200664095377678,-0.09541604497508038,17.932705655404778,-1.2349344897179475,-3.899037483971562,5.653520994701832,-7.361572551568926,-4.585105836427899,-14.243560318409706,-5.113568333207654,1.8355757213688917
2.8313796964445768,3.1608823150106193,-1.160965524099086,5.123886716278356,12.149996861752468,6.320193156376532,-5.383820638298009,-1.2516351275106907,14.429036732206336,16.368084166482994,-11.770489142461425,13.730388103567776,-9.556255707267152,3.712333560818829,-13.832127633709424,0.4433069553223504,-2.620778195654797,-10.92069393588806,7.6398657319267755,1.6924246684295077,12.96387040345744,10.204628527842114,3.5642882450773223,7.6629410898521035,0.44679223712937494,-13.168638807482159,-4.124540264982066,-9.358613733073124,-1.3218978330959068,-4.153567139843261,-9.604743813300779,-1.2008900902578286,0.13388473219252284,1.8445702568369806,-1.582577293856649,-5.150301164645444,-1.0663284464058305,-5.691263222081104,7.078436168558796,-6.822008246866213,5.573689014575267,-0.6755331007574331,5.989440913055007,7.325482124121194,3.255894564430262,-2.021347597682862,3.6488745016323767,-1.1639817730420003,2.579467960471181,10.62237231227373
-0.28346538953513273,0.7221008433288516,0.17831377426750178,4.100693435502165,-0.0571348668257559,-2.217911444503539,1.376557354891665,-6.522561933723975,5.980579801928662,-7.093144392695454,6.081368512144506,0.46235130574754146,5.804952930407897,-0.2853706131467715,0.3384017133427793,-0.004465961289714604,-0.6013233425364621,0.5167468643225733,-2.880002895862382,3.3382298061658435,10.204628527842114,4.624533554184126,0.23818353311860135,-1.8570923626536688,-0.4402671353609105,2.198906315066134,-4.1781424894167545,7.853014659426039,-6.798602861170104,7.0205608521974305,-3.9668300566517094,0.1617196504083913,-4.375690678101602,-5.514519675502505,-0.01096320283922797,-1.6902321080410485,0.4293900070987035,-3.3428990868966832,-0.1374450385585806,5.402497845054869,4.756180692444454,-3.6386485442373675,5.643992530565295,-0.5119073574399448,5.350887215639459,-0.3155127428680192,-0.5401353478716333,8.315396450422492,-0.07285728310539819,-4.448615348633702
0.4385574771048327,-3.1114803393539576,-0.13400016762702993,2.121636946070949,1.9242626010412156,3.0025246006122464,3.311115473626683,2.7787443810341395,-3.593272599869259,-5.0054744085879666,4.02557885715954,4.05002383260628,4.046308029395669,-2.9483199960615503,1.0429055497376538,0.017167419093078534,1.7764731134924652,-5.448118680824925,-4.77505008001196,8.038003355094663,3.5642882450773223,0.23818353311860174,4.632606620848708,2.5523744049077433,-0.4384756862461485,6.36434403539314,-3.762715249003969,-6.140911159035959,1.632937926884939,-10.025981155354543,-6.018281810806599,-0.12808882789006004,-2.0331081159619173,5.331331126045383,0.20826141468610843,-1.3264278391681263,0.3726538456350754,2.482967552696458,-0.6614155148485602,2.74552026802712,8.210425028369539,-8.663003062606936,7.02874387681978,0.7679659846163301,-5.403665308796876,-0.5055239839160409,0.12063111021426884,4.042382601473914,-0.2136015004878271,-3.413272908443808
-2.92982898028166,-3.719407926329333,-1.7505823208915916,-3.9816907417969114,-8.47335243190604,-11.602492418861688,-2.803514489058124,-10.89531320407917,-1.4343982445108576,-2.7212841069732554,7.066882481395401,-16.97250965910297,10.814934997684789,-4.365553995157732,4.9445388986841605,-1.3129774402829564,5.666836101391438,-0.48561421496603846,5.1722611273781585,3.09347427366877,7.662941089852104,-1.8570923626536682,2.552374404907745,-1.988344857077819,-0.7522285444575743,7.116020173221809,6.766064875553731,14.553802152522739,0.6667333757530495,12.762333325148079,-3.8212551853838703,3.312289199186569,0.6657511457689659,-4.304687047791877,4.537857812314341,1.8673491507653994,-5.72189009681465,-7.321412310096329,-0.6369035445808089,-0.21120781698681368,-0.4277359199147843,0.4303281720727379,-12.835991070194487,-3.519445282016271,-5.606117180233583,4.073963099881183,0.9108634030700391,0.13984239020400346,-2.0806207047418974,3.8780786255462467
0.20503969542706368,7.5312215715528765,0.412853007219175,-0.2281184997754353,-1.3581887210089674,-1.7098586929870008,7.206614448325217,2.663524427791734,-6.487817274851403,-3.9638542056843376,7.993801889222382,0.010915127181584883,1.9298664320710919,1.9562417263328558,5.169220274433448,-0.5973659836633718,6.9697633142926865,-3.7087458418822603,-5.622392214123048,-2.0146539724789347,0.44679223712937505,-0.4402671353609105,-0.4384756862461486,-0.7522285444575743,3.9732937429901956,8.378024860033744,4.391207943393411,10.075243934985854,-2.3067984552188525,1.8879035321540467,4.661387486598096,-0.30873301501487804,5.0414162525478154,1.0427251467301462,0.43819675040248285,-7.983433668152381,0.6332069903297625,-1.9791277234200597,0.22251901156592663,3.006495327352605,-2.2935419319767023,5.945933182169283,-6.473201971616908,-0.08690009274411256,-1.0197250259137143,-0.1794172352974901,-0.21682030231132515,-0.9269709770830605,0.4981718910790961,5.513680761798343
2.367979908667688,-2.6355485610032674,-3.011519250366169,4.816064428813777,4.963675909203306,5.788098553286293,13.59224012909943,-1.52407785279176,-2.1376678122901507,-4.065938482731417,-10.06459635847521,5.98114577872359,-6.17306174763447,7.144720487730321,-11.528965013003345,0.5172128198301313,-6.035257589698051,-6.566042523266949,2.423409300632445,4.703520222897815,-13.168638807482159,2.198906315066134,6.364344035393139,7.116020173221807,8.378024860033744,-8.08581349910739,-1.9685074158415423,-4.385025451921002,-11.37511083697014,-9.306933194919889,-2.050925985363645,8.382665335563198,-8.863269376009974,5.977945353490148,-5.9032089239928425,-8.780356278023193,-5.337438716306382,8.582815690788113,2.42703194398823,9.417362710890254,5.161825177272089,4.005743487733878,-7.074787188024941,-6.390222187020502,9.286609999429418,4.6923770236265625,3.1013396491457845,-0.990181099822595,-5.406476319296337,-0.13321978909243837
0.15470835224250107,-2.7433057940698187,5.270742245936998,8.774405413349069,5.361494621563198,3.176739760494902,-5.3014600783719485,7.6378076140392634,-5.279954587445059,-7.015875995328654,-3.317269663251304,-0.9598045124257684,-6.281669286417515,11.527116682787753,-2.2024287933255158,-2.4354451990227153,-4.106287285485027,4.215200024779294,14.874538368738715,1.845130576250356,-4.124540264982065,-4.1781424894167545,-3.762715249003968,6.766064875553732,4.391207943393411,-1.968507415841543,-9.499586765029884,3.5741454566435,-1.3103782567760198,-6.4521993866970915,-0.3737772644504517,10.252778841869715,-8.871335848372125,6.973286435110781,0.23489521063282393,-11.199285812368267,0.7281408136658931,2.7799047119913167,-1.0819155247037415,-3.1857890671204094,10.058685148589804,13.470808792273226,12.19664705202726,0.6173975852200844,10.95089042645875,0.923040322551365,-8.017709912203378,-0.8946422273132648,9.884686935783616,5.2313016845782565
-8.809174993081234,2.112210829580182,-9.23386266790865,15.478003805407434,-3.949005598956301,-6.390840947517231,5.9117342283147405,-3.278252781310891,10.27787281924631,3.2257284722895028,5.666365490199154,10.9551571155247,-8.619489303963944,6.8160891102395285,-8.196216800120038,6.444748887715051,-2.5614140399805625,-6.714167823698338,7.535366769463574,-13.143297535284216,-9.358613733073124,7.85301465942604,-6.140911159035958,14.553802152522737,10.075243934985854,-4.385025451921003,3.574145456643501,-4.214727878259807,-6.086571771264567,0.4122269833454636,-9.6200857656865,-4.0369522464004035,10.75309162682378,4.23261592738163,-3.8862261595703322,-8.412360656245154,-1.7075878374611397,10.558459949299118,-7.629627547876245,1.5635293214192458,15.95271881858994,9.156110777674572,7.850850357036741,-1.621393722415787,3.1968308948246427,3.2242638680472764,5.844872020587902,-0.9261934012900046,7.866304989126486,3.2269612664555845
-4.134937012632471,6.074510389793344,-0.23332997759041585,2.91098105347838,-4.865534735655451,13.750476614217515,8.817894940423775,6.533039351426336,2.648892423705026,3.8998172866021585,-6.986501486947965,5.187376849771745,-5.479938270563529,2.5151076351952706,-6.3746990704268445,-4.924850284947395,-4.910858241269404,-5.883152395336741,-1.084549788009518,-3.9920677785517777,-1.3218978330959077,-6.798602861170103,1.6329379268849396,0.6667333757530496,-2.3067984552188525,-11.375110836970142,-1.3103782567760194,-6.086571771264567,3.4916939477857243,2.6495348888335624,-11.297694417377203,5.871735686468843,4.5151378571517755,8.673681944137307,8.09651869853127,-9.297661609905457,1.2072418750001217,9.195570951217602,2.613308294892776,-9.73573498139388,11.126871102614553,1.3112301074653885,6.967097094820797,1.7683731721591005,1.3779490054157617,-5.329626506543324,0.3329043182960303,-6.436883673256834,0.7852378524951832,8.874162762252015
-2.1004580807456685,4.865576608829448,2.260029638531523,8.517123371960336,-7.415710288372879,-0.33133651461594177,5.386225396707306,7.491098151949352,0.8107077693690594,9.293450778124758,-12.322850215949545,12.07267792048511,-9.27587795494726,5.314787262313179,3.9055492143499295,4.452710997545072,-4.939209607584468,-9.908622999097728,6.71860549580905,-12.544446366489673,-4.15356713984326,7.02056085219743,-10.025981155354543,12.762333325148077,1.8879035321540463,-9.30693319491989,-6.452199386697091,0.41222698334546193,2.649534888833562,-10.420838387797911,-6.029233754067099,0.41036443186325955,-3.2785813481213646,12.47298387928458,-6.8753862338020975,-4.431256166528252,5.298609513802548,0.38286921231414384,-3.062982066883411,-0.9163934189463734,-3.2562375266549735,6.770396862237392,3.4297964881897265,-3.123007387640579,0.061623230949805485,-0.47971765510337394,8.401727229329799,-14.221713711126082,-8.561482138866317,15.355006771186742
3.832417280159514,8.416052660595396,-1.590290668695184,13.112601392368841,9.001703907942964,14.21835915629684,-1.112715601053631,-2.813201385779688,7.77388783704028,-2.780202163729192,-4.28581195196189,4.1593569071797925,-8.419932290381443,4.879827005858507,-3.0509668411285094,9.539452256388207,-8.17111187056527,7.346207903015955,4.159796284985317,-2.118917794490724,-9.604743813300779,-3.966830056651709,-6.018281810806599,-3.8212551853838708,4.661387486598096,-2.0509259853636457,-0.37377726445045234,-9.6200857656865,-11.297694417377203,-6.029233754067099,-15.345145804708606,0.2657263894911932,-4.02590496044701,4.1641838691087205,0.3130818490142623,-4.6743085805886055,-1.6883384089892282,-0.08303533456658085,1.0596798906839888,-7.905589409416302,4.795704922869908,-1.7352256564284774,-2.8489879156240367,7.784289902398712,-0.469833748624943,-0.8294482950930149,-2.495325644733912,-11.956797119794572,-5.9720219840925255,8.621103314496603
0.27019289654018874,-3.046260156105285,0.6358221935549763,-8.125236103054068,-6.3607722878103825,5.054152106954303,6.317633343829802,-6.900040321204844,0.2570101783374934,-7.24265590301982,-1.5252884674048073,-7.101475565163079,9.783362376875575,-0.2122419197622904,2.0033301414926723,-0.46217507260238133,-5.093152552353569,5.221134131716848,0.17061472024656535,9.196198609823675,-1.200890090257829,0.16171965040839004,-0.12808882789005982,3.3122891991865697,-0.3087330150148787,8.382665335563198,10.252778841869715,-4.036952246400404,5.871735686468844,0.41036443186325966,0.2657263894911931,5.3804303986252995,4.477266749774399,-4.457403335124274,-0.5442460731517893,0.2656928445093881,0.5956623351960734,-6.3905961329017495,-0.5043059344472508,2.352440342053706,0.08140003832727327,2.72363536767643,-5.1927587139479465,0.8132499929659205,-7.3132587388460095,0.15038666911004872,0.0714121434994458,2.2593481627573415,0.21390885677135688,0.2455764440186351
-7.109791916695157,-12.024969891442218,-0.8300768756339134,5.691727373523244,-11.89994984545483,1.8813148185070196,2.3863857156277213,-3.5758223558697138,-12.058860962532963,5.257556534753618,-0.587784960914052,-1.947571479817293,8.308731018749606,2.142048623583342,3.013162518901439,4.5043648618764305,3.0568872826872435,-0.15679960977746135,-7.13151157828503,1.6861115378432594,0.13388473219252334,-4.375690678101602,-2.0331081159619178,0.6657511457689669,5.0414162525478154,-8.863269376009974,-8.871335848372125,10.753091626823782,4.515137857151776,-3.2785813481213646,-4.02590496044701,4.477266749774399,-10.233510064705648,1.956589342728988,0.07027171642968782,1.642515949249694,8.041477249438456,-13.862808675405272,-5.338359258967963,1.821384930019995,-8.20785006786446,-3.412427799369712,-11.533049932028156,6.537576061583826,-4.0185433299586775,-7.258629322184851,1.1804899078990267,4.9950883681679805,1.9804942370060958,-5.035650164119121
-6.82968703809613,-8.138136138760188,3.1260362094869554,-0.9119453157905009,-4.132978071124697,-4.561246328842832,1.2242526794433737,-3.5874197026916073,-15.020894640262885,-3.5488103592073883,19.646767270721696,-1.176077851112356,5.791160936059043,-7.553711468429228,9.417876039175205,-1.8483715505705205,11.650474077177995,-4.304450782587713,-9.74588183573062,-1.4266405598075063,1.8445702568369817,-5.514519675502505,5.331331126045383,-4.3046870477918775,1.042725146730147,5.977945353490148,6.973286435110781,4.23261592738163,8.673681944137307,12.47298387928458,4.1641838691087205,-4.457403335124274,1.9565893427289882,6.311304802646163,-4.272244929743304,2.384753853854332,2.4747127998789265,0.984339756765671,1.1795912974289327,2.006108331157106,-7.930360357995319,1.92515876043769,4.282267562748675,-1.3293631559567252,9.663467360600805,1.8227834233401023,-7.56240956453825,14.256310216942799,2.1527719309395175,-7.29063534990873
0.20515185068916564,-7.908210125548108,0.382719159010884,-6.34283495060553,0.44268982543926527,0.03854526945462755,-1.8960724901394832,-2.793869342566813,1.6095647623716867,0.07130233945824593,-4.540637653538348,-4.035295319483405,-7.386098834496426,-5.602206336905483,-8.75204891105955,0.02936636889179514,-0.4512422848236064,-5.162288110439836,-3.1497520891192403,0.3445726173482685,-1.582577293856648,-0.010963202839228081,0.2082614146861087,4.53785781231434,0.43819675040248274,-5.9032089239928425,0.23489521063282415,-3.8862261595703322,8.096518698531268,-6.8753862338020975,0.31308184901426195,-0.5442460731517893,0.07027171642968683,-4.272244929743303,4.023626202546932,4.3719737862268255,0.37932623894870954,-6.552231821422554,0.5269905523134378,-1.090311822631298,3.470108885991438,0.3477336590070137,2.97326237111119,-0.07038258682570464,2.989597070755882,0.438733513013095,0.058462745790872295,-0.8036236843061004,0.675382429875018,0.9971765388390257
2.2881294392060307,1.6364667528047285,-10.353871832720221,8.11473865009757,7.814045948175313,5.741985847092566,1.4977687817387029,18.432167364247395,16.012069228773175,-4.012593722911949,-3.718044288038455,2.786005729604062,-6.62203125706266,3.8688068918363476,-1.101324708004362,-0.3561260945690733,-1.6903699132490608,1.0925960686417757,-0.08184859080354046,-6.579095237325291,-5.150301164645445,-1.6902321080410492,-1.3264278391681263,1.8673491507653996,-7.983433668152381,-8.780356278023193,-11.199285812368267,-8.412360656245154,-9.297661609905457,-4.431256166528252,-4.6743085805886055,0.26569284450938857,1.6425159492496944,2.384753853854333,4.371973786226825,-1.9106992986431468,2.6899752125731444,3.237024481464446,0.7613320829875916,-10.994075809468791,14.386893636249441,17.268485974142344,2.8133194004978903,-1.2738085253667193,6.018181701585485,0.902894702465546,2.4715345530226367,-10.227818227710145,5.705131486628451,13.280661403377744
0.6563890739988061,4.164564182668586,0.15065346205746621,-6.005688529712539,-3.6998936962049984,0.7543105049155694,-6.898699076324214,4.412739742734891,1.5501490277327705,-7.026419867600456,4.453328053844519,5.028397428607207,-1.3770942936631392,-2.8884102727313694,7.759005299487102,-0.31228928396128464,7.065530946212522,-3.208289720477027,4.5156386060951235,-1.6081195163419537,-1.06632844640583,0.42939000709870445,0.3726538456350763,-5.72189009681465,0.6332069903297628,-5.337438716306382,0.7281408136658918,-1.7075878374611393,1.2072418750001204,5.298609513802549,-1.6883384089892286,0.5956623351960728,8.041477249438456,2.474712799878928,0.37932623894870987,2.6899752125731435,5.024336417000843,-5.731138738655792,0.12141732492120638,1.2976213442752513,6.0568179611466695,1.5651952314282025,-9.313831207266096,0.11775215408010031,1.0041513545796072,0.3626671181388529,-0.3300161977052307,0.02516720735005218,0.4528600717164437,3.5667369754444582
-0.5620229257503359,-2.050839405730826,7.03385516733524,10.045644757794225,-1.160549774297046,-7.928276882687522,-0.5770174608120403,-11.112053578375429,-7.0305571995358145,-10.030958446140627,9.582165161116437,-8.423376190090146,-0.7511413913829385,-0.11024829209276307,0.3903655123507601,4.454449882998156,-5.726971050153345,1.9092169071597853,-4.345420377779262,-1.8186248357258519,-5.691263222081104,-3.3428990868966837,2.482967552696459,-7.321412310096328,-1.97912772342006,8.582815690788113,2.779904711991317,10.558459949299117,9.195570951217602,0.3828692123141424,-0.0830353345665813,-6.39059613290175,-13.862808675405272,0.9843397567656702,-6.552231821422553,3.237024481464446,-5.731138738655793,-10.329363968743097,-0.7330951452286102,11.897175784432342,1.0377573223053504,3.8755865624854926,-10.977096208128506,2.050400617011668,-5.423104980545398,0.9881407835377412,-3.42377452026355,5.0119850048573795,-4.107143277993148,3.095522737510578
-0.11869116723071182,1.9448033816086627,-0.2714897065795046,0.8344707424318243,1.6439436835306918,-4.808157407548167,3.0802247794833804,-1.299805490902358,-1.1683983713199861,-2.3238906819200036,6.431722294047161,-3.7827336403606915,-2.3215665186714713,-5.346334088799378,-0.35248112404343235,-0.42545317106570985,4.23991744736874,-1.652187154806204,7.448688584177449,0.021790650243581622,7.078436168558796,-0.13744503855858026,-0.6614155148485608,-0.6369035445808096,0.2225190115659263,2.4270319439882293,-1.0819155247037415,-7.629627547876246,2.613308294892776,-3.0629820668834116,1.0596798906839886,-0.5043059344472514,-5.338359258967964,1.1795912974289329,0.5269905523134373,0.761332082987592,0.121417324921206,-0.733095145228611,4.557450530132582,7.067381541565082,6.21763154704155,-7.855743540435863,0.5786071863414389,-0.13194388156589876,-2.8651537564504626,0.09090842390468346,-0.35203042634483694,6.7917303416069545,0.17807632418474517,5.249476683234094
0.19303760042710527,1.0200256355273805,-3.777655933032736,6.795494088392199,3.881899798015457,-1.7258071303262041,9.71209568431838,3.8588445500712876,-5.658454082172155,-8.186197975856652,-14.638899997679614,-0.10608902992225272,-6.725194361669932,2.36351342982209,-3.6908859445764395,7.057577358687129,-6.768871830874912,-0.1889356372031703,9.11299798055944,-3.2006640953776775,-6.822008246866213,5.402497845054869,2.7455202680271205,-0.21120781698681412,3.006495327352605,9.417362710890254,-3.1857890671204094,1.5635293214192463,-9.735734981393882,-0.9163934189463744,-7.905589409416302,2.352440342053707,1.8213849300199945,2.0061083311571064,-1.090311822631298,-10.994075809468791,1.2976213442752524,11.897175784432344,7.067381541565081,-6.914675682716592,5.449449264871423,-0.7511736163361634,-1.1981371280149045,1.4330610901965373,14.052067011306224,-1.0540841336455737,3.580323921210745,1.95501640215445,0.6776089302138677,-4.618253954819328
-0.9636466020817225,-1.5792012353583456,-1.8700153478356485,1.7144564714025,-3.474275684526427,2.9471956717210475,1.032220630917978,-9.352830379145184,-7.820356294623491,-0.9314021258425649,7.604234339216354,1.2926203986171356,1.5653102741168323,1.897200945578001,7.633189933385999,5.642850729890929,3.991939301325491,-1.303977233127223,-0.6572503085436194,-0.09541604497507988,5.573689014575266,4.756180692444454,8.210425028369537,-0.42773591991478543,-2.293541931976702,5.161825177272089,10.058685148589806,15.95271881858994,11.126871102614553,-3.2562375266549726,4.795704922869908,0.08140003832727394,-8.20785006786446,-7.93036035799532,3.470108885991438,14.386893636249441,6.0568179611466695,1.0377573223053496,6.217631547041551,5.449449264871423,-3.6570307250469707,-11.114800775302452,-10.826013494820698,-8.451273287782946,-5.9053617066779305,2.8342331935402774,1.5757701098820291,12.872936676824228,-2.7849684100512184,-6.371363146221719
-6.6267320414302935,1.8996727240315923,-2.8135272454341806,5.107048455479925,-14.394130560502536,-8.686777371187906,-14.081773815331907,-8.882993780432827,-10.095304991381875,-0.9118795895089193,11.553654009790275,-7.908825100244683,11.405152299595734,-4.840063968274433,3.9369487909827168,3.397691958261308,18.70070758711896,1.2920365887333536,-11.044466967291699,17.932705655404778,-0.6755331007574339,-3.6386485442373684,-8.663003062606936,0.4303281720727381,5.945933182169283,4.005743487733878,13.470808792273226,9.156110777674572,1.3112301074653885,6.770396862237392,-1.7352256564284776,2.7236353676764296,-3.4124277993697123,1.9251587604376899,0.3477336590070143,17.268485974142344,1.565195231428203,3.8755865624854926,-7.855743540435863,-0.7511736163361636,-11.114800775302452,-12.810659562382916,4.752812441583801,0.8267100553324298,1.451798138789187,0.1829625295160776,-0.9381008584363959,2.372713569011288,-3.7570250408686796,-11.374779808893521
-1.895567167270888,0.8788246141289504,6.924588083665752,-10.407032213914853,-4.530857579874416,0.8260645789953258,-0.04589133960264929,-1.8792327588365376,2.0509956727323595,-4.085911882781558,0.5955782339145059,-5.933829073476256,12.445717488601689,-8.089386573919745,2.473441354637999,3.567034492895005,0.9186032725062792,2.788795825165313,2.6491947404610072,-1.2349344897179482,5.989440913055007,5.643992530565295,7.02874387681978,-12.835991070194487,-6.473201971616908,-7.07478718802494,12.19664705202726,7.850850357036741,6.967097094820796,3.4297964881897256,-2.848987915624037,-5.1927587139479465,-11.533049932028156,4.282267562748674,2.973262371111189,2.8133194004978908,-9.313831207266098,-10.977096208128504,0.5786071863414393,-1.1981371280149042,-10.826013494820698,4.752812441583801,6.436154888119341,0.9275829148801478,-4.545659280374496,4.242376124579333,-4.6555815637839775,10.61624851411882,4.055439809663766,1.2407571118893603
-0.11542980343935416,8.715760783919414,0.49595051705254223,8.769931785309728,-10.346637434528864,-4.4284577376240515,-4.098559641452753,0.7359401070904596,-3.9163775366394717,-3.6041594931271224,5.991217909379689,-3.8945924183775493,-8.743129496698916,-7.3668657498680306,-9.132258505882362,0.0755989058660329,1.5266364216146424,-6.773619162068995,1.8150974690209338,-3.8990374839715605,7.325482124121193,-0.5119073574399448,0.7679659846163299,-3.519445282016271,-0.08690009274411209,-6.390222187020502,0.6173975852200839,-1.6213937224157875,1.7683731721591007,-3.123007387640579,7.7842899023987115,0.81324999296592,6.537576061583826,-1.3293631559567243,-0.0703825868257042,-1.27380852536672,0.11775215408009919,2.0504006170116686,-0.1319438815658982,1.4330610901965375,-8.451273287782946,0.8267100553324307,0.9275829148801478,5.525116376898017,-0.26867403146277424,-0.257490415648976,0.2853357109238164,2.184352369098586,-0.02068511580686222,2.360483045875554
-2.0757424189007936,-2.2439018493016656,-5.775370744595291,-9.232544032192571,-1.1197321160079925,-1.5408037927175182,-8.603034448946024,-7.1361283569772205,5.059068913289138,1.667138457052225,12.791831109157451,-5.815127890853938,9.386329428739506,-10.47943881578266,3.3755981805857145,-5.6207830742972025,-1.1743348199864603,6.84450741694054,-1.603007734269496,5.653520994701833,3.2558945644302613,5.3508872156394585,-5.403665308796876,-5.606117180233582,-1.0197250259137136,9.286609999429416,10.950890426458752,3.1968308948246427,1.3779490054157622,0.06162323094980526,-0.4698337486249431,-7.3132587388460095,-4.0185433299586775,9.663467360600805,2.9895970707558814,6.018181701585485,1.0041513545796081,-5.423104980545398,-2.8651537564504617,14.052067011306224,-5.905361706677931,1.4517981387891863,-4.545659280374495,-0.26867403146277397,5.061233684213767,-1.1195828132977184,-7.873525502394011,-0.9319897823220686,-0.0603480882069205,-12.613066262195177
0.23834263167497027,1.147620950768292,-0.01610542476434282,-4.182985731728722,-0.5831098092874156,8.583143618138763,2.1301600532246425,7.704739986155775,-3.3694230373060043,-2.529782646382523,-8.070169533007087,6.884155044133411,7.9009635437654335,2.0942899971128113,2.503182734638864,0.21908097022821962,-0.19370597290160207,-6.9250059090265195,-2.2977150333753955,-7.361572551568926,-2.021347597682861,-0.3155127428680183,-0.5055239839160413,4.073963099881182,-0.17941723529749087,4.6923770236265625,0.923040322551365,3.2242638680472764,-5.329626506543325,-0.4797176551033737,-0.8294482950930138,0.15038666911004842,-7.258629322184851,1.8227834233401017,0.4387335130130947,0.9028947024655456,0.3626671181388528,0.9881407835377404,0.09090842390468423,-1.0540841336455742,2.834233193540277,0.18296252951607717,4.242376124579333,-0.25749041564897635,-1.119582813297719,4.921806156087791,0.31590275234953147,3.367379290019286,0.05133293620403892,0.4613986068688608
0.12414296066330133,-7.806846750221339,-0.19573489773497132,-10.362644099584763,-7.29147417913692,0.4074905967817291,-9.478858093046178,-2.468909463719521,-0.13450577078145343,3.179427330239694,-2.006788702129034,-8.307961414460811,-0.07729332039654849,1.3910769205704023,0.4011296673990391,0.19309443136395588,5.351692723556925,2.2732835040705814,3.16425466109858,-4.585105836427899,3.648874501632377,-0.5401353478716326,0.12063111021426864,0.9108634030700388,-0.2168203023113252,3.1013396491457845,-8.017709912203378,5.844872020587902,0.3329043182960302,8.401727229329797,-2.495325644733912,0.07141214349944613,1.180489907899027,-7.562409564538249,0.05846274579087207,2.471534553022638,-0.3300161977052304,-3.4237745202635494,-0.3520304263448371,3.580323921210744,1.5757701098820285,-0.9381008584363962,-4.6555815637839775,0.2853357109238168,-7.873525502394012,0.31590275234953225,4.640007803836329,0.8085812406441866,0.187365845615247,-1.2025559743323022
-3.059997509569702,-1.8305524603236614,-2.5805090867484015,-7.453961873606221,10.611067305610431,-2.197099483779236,2.02847188286478,4.9918932619275465,-2.009371777426793,4.918746790704987,-14.664618002677146,6.490886138189646,-3.3426959937331704,-3.2127417343325995,-4.568286344911048,-5.807846279899241,-7.656288895234841,-4.281623962555955,4.738819428785012,-14.243560318409706,-1.1639817730420001,8.315396450422492,4.042382601473913,0.1398423902040029,-0.9269709770830608,-0.9901810998225952,-0.8946422273132647,-0.9261934012900055,-6.436883673256834,-14.221713711126082,-11.956797119794572,2.259348162757342,4.9950883681679805,14.256310216942799,-0.8036236843061001,-10.227818227710147,0.02516720735005298,5.0119850048573795,6.7917303416069545,1.9550164021544498,12.872936676824226,2.3727135690112884,10.616248514118817,2.184352369098585,-0.9319897823220682,3.3673792900192856,0.8085812406441871,7.240430771736023,-1.153225349182391,-5.223425891200674
0.6134315229368708,5.3844074414959735,0.020779204263532525,1.1449051131305514,-3.795323981897223,-8.130634704122459,6.043714455078289,8.029030377403478,-2.1813286522807482,-2.852206818719508,2.8358362392720937,-0.8124357684876979,7.830337508857878,-2.034643111161044,3.419141760157137,-0.0913380456902032,-1.2863337137922612,6.024334736973456,-1.9226432148663402,-5.113568333207654,2.579467960471181,-0.07285728310539774,-0.2136015004878259,-2.080620704741898,0.49817189107909676,-5.406476319296337,9.884686935783616,7.866304989126487,0.7852378524951835,-8.561482138866317,-5.9720219840925255,0.21390885677135696,1.9804942370060956,2.1527719309395175,0.6753824298750176,5.70513148662845,0.4528600717164428,-4.107143277993148,0.17807632418474528,0.6776089302138673,-2.784968410051218,-3.7570250408686796,4.055439809663767,-0.020685115806863164,-0.060348088206920836,0.051332936204039434,0.1873658456152468,-1.1532253491823916,3.6714168290340874,3.5977407944681987
1.1675280992245574,-5.411571038608493,-2.7437087069307466,1.0993670853010582,-4.988175977070974,-4.2087455887275045,-1.489700826228439,-2.53187947943054,5.620073902055446,-2.865836462976965,-2.0086179351293154,1.407002706300566,4.692070546969757,-7.120733976251848,8.687283827812044,-4.271362222132495,-0.2522967938400146,4.782477300397156,-6.332225399217359,1.8355757213688908,10.62237231227373,-4.448615348633702,-3.41327290844381,3.878078625546247,5.513680761798344,-0.13321978909243765,5.231301684578257,3.2269612664555836,8.874162762252015,15.355006771186742,8.621103314496603,0.24557644401863477,-5.035650164119121,-7.29063534990873,0.9971765388390252,13.280661403377744,3.5667369754444573,3.0955227375105787,5.249476683234095,-4.618253954819328,-6.371363146221719,-11.374779808893521,1.2407571118893606,2.360483045875555,-12.613066262195177,0.4613986068688607,-1.202555974332302,-5.223425891200674,3.5977407944681987,-10.319208464347284
