n
50
c
168.88307936613938 -199.68556667436593 41.014625816374796 212.65531039404397 221.75079491629086 -165.2224199000891 138.46384740569596 184.6336503761011 -11.47855675912788 132.66690240861558 -12.864140130465605 -191.66170927646922 -3.1255603262899703 201.25395429749364 -189.4250099119119 -2.171087705702975 -155.13829881529625 -240.91253797990672 -150.15735579626687 -140.74172753645516 170.73487334372803 -12.337228734715659 169.22443778886975 154.66221660276054 -156.93187152261905 17.784386059878113 -8.259875233878258 -12.698251452544461 178.39413741710726 -179.8757159136765 177.83920464908743 165.7221848680925 -228.504912534001 -165.93420882434472 -32.594486093282704 -178.1023099750879 194.42826218179184 6.51100436001711 4.324341368617812 161.81046644048325 181.12149400700892 -154.10560708462214 24.143995260832327 -175.96856828065867 -139.98028638174495 -21.533670602409572 -3.7559814766933117 13.289852597229249 158.2270990415471 200.50339607948118
Q
14.839068428246737,4.887894314120733,5.238982773237347,-7.171214269527018,0.018435415480249406,3.3462440700742557,-5.098670593644056,-10.836585061129842,-2.4033966971313165,-5.35368388122318,-1.1202373392369842,13.029661933545109,-0.7646419792169485,-3.7517291645322084,9.084990071685127,5.302932894826597,-7.116556311045171,10.533083698987813,-2.6602582234147536,2.439954775754673,-2.096694069328891,-5.896104089240139,-5.656544142147924,-10.90070549412662,5.4689484753182445,2.46588245566309,-1.797836557779387,5.6177266730316475,-5.907330928482723,-1.926636181011213,-4.168138629280319,-4.072464221623836,9.776389255223616,9.023840663457927,4.085647355966213,8.986456542049469,-9.281523187163211,7.3989664592349875,4.328496513455977,4.660637760102005,-2.0648864975542667,11.520469235484336,-4.918656610362379,-5.91815709848984,14.558018252389472,1.2923048560751482,4.936805405656163,-3.512798040130817,-8.308731497722475,-5.332148295266632
4.887894314120732,4.3567746802228,-4.386787446806607,-4.989657049752783,5.255546054724353,-8.07316130369038,1.4561018034751585,11.16004976877943,-0.5332104250655683,11.546310016084831,-2.207728445623565,-0.527401421917804,-5.434668535687713,5.219853807195488,-9.881168592277426,2.4721604124676393,-4.650303548370698,-2.3722758842465095,-1.6240245113460532,-14.904378950196568,5.031772844482784,0.1251397353166367,12.166113003267249,14.229304161886358,-5.977171439334132,-2.6059183994202937,-2.677477586103041,5.082938043579512,5.008849731655949,3.568248260058195,6.926531697915887,5.970018605922414,-4.447804209189586,5.373088399453778,2.346492072130228,1.3404364052446571,-2.0892429545931037,4.79721613447538,3.9953127726081368,8.709669607141299,1.9332018170852547,0.9987678260406995,4.261835822557161,-3.3462875993016326,-8.314835186724013,-3.702417177248066,4.40536428220934,-9.145772481416186,-3.4493163123911437,9.277921344729961
5.238982773237347,-4.386787446806606,6.2980727617698795,0.9427441562252377,-0.04973554915740297,-6.293034620570289,1.5585504358556073,-2.978364675472859,0.46543957602923725,-3.8195216603762496,-0.6632518904304098,-6.679505760358787,-0.19295242213542263,3.4409578444898443,6.9524931136071455,0.14602505339639538,1.9460070400013272,-3.6075503929379815,-1.578308318705616,1.072200251199848,3.1081312276273136,0.7111222928847507,3.7656225865163746,3.4044477679501584,-4.219738108065514,0.3524880858178821,0.2909953653056442,-0.27358221976278263,2.892576784370406,-8.79986814055689,1.3806836980735553,-7.6217823191030805,5.104915628348462,-5.008326228275248,-0.26787352170113377,-6.027996741596221,-0.4055841439988463,-0.13844605698704537,-0.545315414491637,0.34471650174344604,0.23462283566001763,-0.5940590094700466,0.5990633920933146,-4.359508460899093,-5.166907015719526,-0.4468948190999736,0.06963310102050535,-0.4161919747637679,3.5976286933034336,1.790715218254543
-7.171214269527018,-4.989657049752784,0.9427441562252391,14.618059666368607,-7.000353061453969,7.0416481092104695,-8.040735596225005,-11.252187055121476,4.522370915123767,-9.03373730064354,-6.493545368372048,3.793531108357999,8.388404180677407,-9.625351109885242,0.44748639972891385,-9.557385262332575,14.580323058267789,1.8608744592582895,3.031548083109507,9.36894746111084,-1.899598435866082,0.5390062432952454,-4.490857708483261,1.6445942573171008,5.607101322652763,-3.2519428699439876,2.6731247747892755,-1.2903847624867342,-6.842491516891975,2.901531865194608,-0.3846768892306197,-7.562872527796953,6.231432114095705,5.072929753146141,3.649627008332874,2.8627815320104575,-10.92602488881172,-5.142267013384079,6.296370047763738,-10.523736065737577,-16.150941019855505,10.238690544111252,5.964804699865754,14.40159056196506,4.459680262982784,1.5453554632937307,1.6369110261116995,1.9724062948766086,0.25414171076878933,-12.378331800293994
0.01843541548024924,5.255546054724353,-0.04973554915740319,-7.000353061453968,-8.730311844698264,-3.0719869380790246,-6.391286641223811,-3.898622920284465,3.325263671989841,1.9520121336335186,-1.1014928120270109,6.380391220648896,2.2687613342671717,-12.264603666922143,0.8002253738968244,-1.0020100786751385,3.0792611804395653,-3.7539909717880904,-4.817759918348076,2.670646675323782,-13.954283556674245,4.1139986185765185,-4.3235573467626995,5.435173479894471,-6.481937929256111,2.104189705165198,-8.179250376286754,0.09979945656118372,-6.430045271377657,1.8058580859604245,-16.290613050088908,-5.6604708408936615,6.641704266442872,8.123772542881657,-2.2964211960860634,6.045417370602589,-9.346297999894354,-1.4829142921954341,-1.4563222891284657,1.8939631788449511,-1.7563582178965849,10.338496059701368,-0.0045435451452604525,1.795170886415927,4.577807557304267,1.3134816135397713,1.7016071542298021,-5.163116183378559,-14.272556098748172,-0.5776509612738224
3.346244070074257,-8.07316130369038,-6.293034620570289,7.041648109210469,-3.0719869380790232,-1.5877048618056406,6.928187032337988,8.732670584154304,2.547176730607011,5.734885840214259,-7.396329181230298,-6.356234899029848,1.5782519402485782,12.128593587835985,-4.2901719164543435,1.9585421200938546,-0.590790493491649,4.277140334733273,-6.251753341136884,-10.934064039473977,11.018416848427321,-1.1352169870783353,0.3719157817060246,3.5665495423543314,-12.454479939966253,1.5070850178506212,-9.270146964619627,-0.24918164858099018,4.112269265379937,-18.743734784637326,-0.9446348209640307,4.9443546127621145,-0.21011863745967657,-3.8080760245775527,7.3303332279656175,-2.0375895756038878,0.635366674732256,-3.9603738564392783,3.2242006382675386,7.2880085563657655,-0.03181952159068957,-7.881340910081646,-1.6477418710250118,-10.371119839538496,-1.248034088194021,5.313115570926408,-4.335879187390754,-4.048163049016933,7.657414481300021,-1.6842547206091174
-5.098670593644056,1.4561018034751592,1.5585504358556075,-8.040735596225003,-6.391286641223812,6.9281870323379895,-5.033283592911168,1.3041133088719126,4.06466425461163,-8.339362057224186,4.583830745539132,6.837463924063059,-6.00216633901386,-12.284955965250049,2.3784336375155037,3.5472336395422084,-1.5171148376479204,5.841025650122894,1.4187132020039492,7.882101627355373,-7.005620694100395,0.8275930311437432,4.762759763815554,-4.778203872565065,-6.755013148572262,-9.150623863956183,2.573322704358252,1.2805109591946975,-2.569691240067396,12.872447865012509,1.2735120510716023,-3.4928655037766325,7.457738387826321,13.91081417600295,7.182884221309723,4.20272132186544,-11.793365817104132,-1.4578605199821009,-3.661987320774301,-2.0445857045352676,-3.067430358156239,6.532623739480073,7.702588257524626,13.068530830157371,6.0739375589740305,-4.914590416107726,-1.386635474926441,1.3662683034819654,5.422359774552024,-1.9004684944590091
-10.836585061129844,11.160049768779428,-2.9783646754728577,-11.252187055121476,-3.898622920284466,8.732670584154304,1.3041133088719117,-10.682610671928238,1.7010302555032786,1.2483159592421513,3.383128321265788,7.195637755605535,0.6015312297977151,-6.766174678361567,4.3789556464909065,4.975603414462299,11.023632819607688,8.19511637592327,3.7146860982818297,-1.0730927207647842,-11.725315551813841,4.800200561902891,-1.2763775181510764,-13.759068835999999,4.754874738125334,-7.276993475746893,3.9624191693542508,-1.2868193985320107,-1.5366215470064142,5.519745542348788,-8.325659229013432,-3.2217646616665023,5.363704589415903,-0.5656581938068264,2.3380170091737935,1.4470238318718116,-5.465558950626028,1.3453517360934328,-8.123367048448655,-9.267518281848965,0.7593586357907463,1.6364388823652938,1.9835678753266281,7.556560195169442,8.66193616232512,6.113225269601655,-0.4121494655171324,2.239699570829221,-15.807212114124342,-9.133897808513046
-2.403396697131317,-0.5332104250655679,0.46543957602923575,4.522370915123768,3.325263671989841,2.5471767306070117,4.06466425461163,1.701030255503278,5.920904445534222,-7.838924420424291,0.4490654849293346,10.332516190430855,-0.019342578193163096,1.1703977826051966,-3.3999640800301862,-0.7188504671046942,-0.21455325825584515,-0.3027169239710772,-3.126736578495453,-0.643376319092511,6.221458343707568,0.23062017983604177,-2.4608050365585163,-6.383637904332838,0.9953804566974048,-0.10450493767049096,-0.5686749086766228,-0.14244957444711837,10.43079785399836,-0.5725145384099444,-1.9314723724722107,1.416749418789783,-1.133092504593379,1.4820418065865906,-0.7560318834995133,-3.398960964285984,0.8893963727871669,0.41840342832446287,-0.4244400234709337,1.6265350491823765,-8.450629154667956,7.3448244427411336,-0.1741784446344885,0.04090452099760533,0.08386034337201087,-0.2145166545661381,-0.11148550706465304,0.09897945023868532,-1.3187476546405472,0.9672439424418293
-5.353683881223179,11.546310016084831,-3.81952166037625,-9.03373730064354,1.9520121336335179,5.734885840214259,-8.339362057224188,1.2483159592421513,-7.838924420424291,4.519924136607188,-3.268934736799879,8.821478249764043,6.239714486569617,3.1576301869993575,5.596417916170541,-0.5371300895410649,9.813731452921491,11.417171096581171,-4.211875599565836,4.949675458516557,-0.62193800551543,8.623474023574666,-6.798977780203396,-4.508945003854713,3.5918669145351987,4.445221473152863,-4.656081182400629,-7.091981922517058,6.193739623545263,4.629793983603074,1.9187505157821414,-3.529885695475561,1.295723655690678,7.804855284925478,5.686728797559371,15.058373166060726,-11.927409005800461,3.3598127855470787,1.615413399523085,-8.562243661277245,-9.576424769892974,3.86469692942791,6.436685584722174,3.5990988702503652,10.161497069360223,-1.0526976069623242,-5.177288060939201,-7.1539247886399595,-13.185781468532928,-2.622263403227286
-1.1202373392369847,-2.207728445623566,-0.6632518904304088,-6.493545368372048,-1.1014928120270109,-7.396329181230298,4.5838307455391325,3.3831283212657883,0.4490654849293332,-3.2689347367998796,5.721545913375754,-7.382703264269709,-0.13651856584122601,-0.6662093944970261,7.968426221709643,-0.23943987848334503,3.793357277285904,3.009877084834449,-0.655644701704622,-5.791049334635448,0.2506968309316684,-1.2403658901826664,-2.6815182520882606,3.4252135067739404,4.755458404233402,0.6979932679491355,-0.3146755731074547,0.2925420321274539,9.211606466985241,-0.3884804232186624,2.4073869267617853,-0.7922061597606629,8.843515936627444,-1.8344333961596684,-0.30742048301306163,7.189837474779103,-0.7176594701748176,0.08865720519163686,0.037911203099531166,-0.493730524589753,5.316511643071804,2.8757347355927934,0.04961644583454028,1.806120791994618,-6.897217298795244,0.67894975417956,-0.678441377753705,0.5142006733352411,5.000260698830512,3.460467786605404
13.02966193354511,-0.5274014219178067,-6.679505760358789,3.7935311083579997,6.380391220648895,-6.356234899029848,6.837463924063059,7.195637755605535,10.332516190430857,8.821478249764043,-7.382703264269708,8.170005142259935,2.9181857153358317,14.322247569076717,-7.48741076687935,-3.1845113572473482,-9.030822598760874,0.5570252712693702,-1.0735514636062604,0.5795390988680706,0.8900356285521603,-5.336885249669218,11.490029075426914,7.13474515484662,-0.3633254094057595,8.600628598099462,8.536287752196554,4.295766582409404,2.465676669171237,-2.0358996473825237,8.28128427852352,12.58464799953713,7.006617953908507,-7.4705938794817985,-1.7009308232770073,-9.167935077371144,8.411362577847774,-2.844348784315758,-6.437740452126407,7.888864243692933,1.951226349098187,-17.542039298121086,-6.053377125992997,-14.916186024759204,-9.715489578437682,-0.8776722663598666,-2.738025932263218,6.593664254030674,1.4049743436226123,-1.1845319760289743
-0.7646419792169488,-5.434668535687713,-0.19295242213542185,8.388404180677407,2.2687613342671717,1.5782519402485786,-6.00216633901386,0.6015312297977162,-0.019342578193161764,6.239714486569617,-0.1365185658412239,2.9181857153358304,5.058233915153242,0.6788734255828393,5.801715671864889,-0.38631512575366755,1.089050650751842,-3.6948653473516755,-1.7123625652466261,-7.550099082144892,-5.816216195053432,-0.5298489817861484,-2.9091785976777977,-0.4928462082849362,-1.9340797311038882,0.041306405375972716,0.6678523076022765,0.29501415467529446,1.5427438178381592,-4.129881942354099,9.728427069432298,-0.7830759561887523,5.933311170537388,-1.5401699668165283,-0.1865335730081477,0.5842219399816913,1.2037853932376197,0.33532577254626356,0.3984037517917738,4.816092424498109,-3.557783350454171,6.973867469822577,-0.020772564773721802,0.936654743540229,0.9751776528476862,0.25735589199327213,-0.8189636707326629,-0.28104797074156784,-3.111215770600241,2.026935814128249
-3.7517291645322084,5.219853807195488,3.4409578444898434,-9.625351109885242,-12.264603666922145,12.128593587835983,-12.284955965250049,-6.766174678361567,1.1703977826051961,3.157630186999356,-0.6662093944970254,14.322247569076719,0.6788734255828393,9.850184535011827,14.394298059710495,-3.890688793793335,3.9632500839729032,10.200174856660047,-1.0080557180303304,7.230429376923963,-7.31070612135167,-8.120397089376631,-12.857101949241315,-12.431455405594544,2.0674872336936776,1.0744968092673917,-0.4750789820909083,4.348543821691503,-8.020072793826953,1.2159036909034602,-6.294938154105591,-8.485718186636753,-0.270160926580994,0.10165373372467362,-4.160594221226068,13.174781171529395,0.8225460210700379,-2.0403561174858673,-6.526110306521018,1.9868624654598255,-1.427879128871762,0.40103836963184925,3.910800697528374,6.8922235031127315,0.3445351158401644,4.522211499056726,-6.942768776866191,2.2101658019799366,-19.05654895811059,-4.675501385506214
9.084990071685128,-9.881168592277426,6.952493113607145,0.4474863997289145,0.8002253738968248,-4.2901719164543435,2.3784336375155055,4.378955646490905,-3.3999640800301876,5.596417916170541,7.968426221709643,-7.48741076687935,5.801715671864889,14.394298059710497,2.527774634093932,-1.0279656905394927,-4.273997602934079,0.813163056152303,-2.4806681010316383,-13.803061058759603,8.365363298939373,7.34825094753107,14.867066068102496,13.627905022999514,3.458387263990507,-4.027206755266876,-5.842807364747838,-0.8857437895030073,-5.007116111097712,3.649260900620952,3.4826103216069653,10.979723145520406,3.4508170596119605,-8.253178935457953,8.245363205651845,-0.3522490535193076,6.3233197417252045,9.899471427062483,-1.7998227811295666,5.542732613434851,10.643634100234292,-0.8603848895266604,-7.878742905242074,-11.76854459422789,-5.91224344877186,-0.5219499662148837,-5.515885625887884,1.9673761600590405,9.825922192884812,6.166741182884572
5.302932894826597,2.4721604124676393,0.14602505339639393,-9.557385262332575,-1.0020100786751378,1.9585421200938544,3.547233639542208,4.975603414462297,-0.7188504671046939,-0.5371300895410653,-0.23943987848334447,-3.1845113572473496,-0.38631512575366767,-3.8906887937933363,-1.0279656905394923,5.5376054590385895,0.9079603418005422,6.34521597639739,2.602614138543519,5.681252729231316,-5.679863034155255,0.07939456812883172,-1.9565767094187132,0.9779529792191468,-0.7797369892093187,0.6062822305278106,0.0960773225424178,0.07277895185535321,3.536513448855561,-9.270001771643987,-2.8156501279745023,-2.6231946586967756,-1.11995578143927,-7.444602991605053,0.13349200085428925,-1.805607471381377,-4.059307402866719,1.0442719742412132,0.10180575510027567,-1.5292886613565215,4.982586706933502,1.7877120998601106,-0.878704650056912,0.16442301736151232,1.486858220222528,-0.07638890071870597,-0.40749217644507485,-0.32794413760055385,3.34146280574413,-0.3347000227226329
-7.116556311045169,-4.650303548370699,1.9460070400013267,14.58032305826779,3.0792611804395644,-0.5907904934916489,-1.517114837647921,11.023632819607686,-0.2145532582558447,9.813731452921491,3.793357277285904,-9.030822598760874,1.0890506507518418,3.9632500839729037,-4.273997602934078,0.907960341800542,-4.6572065452724445,3.180918193775699,-13.947919244027183,-5.336899963157705,11.387897468744878,6.240646041823586,8.49020538395635,6.708356578590667,-15.803934753425976,-1.5336705021651547,-2.195056411984843,0.9899389895944659,-0.13239525803265334,-4.210789518977765,3.6943270659792886,-4.3346504885531205,2.1715460196135865,-13.86000841764307,-3.555236889593534,0.8418585133186104,2.9397125165471394,-7.589783172857361,-6.4246555021518414,9.11150257541499,-2.3080801289392383,-6.8419237745116055,5.728503653706283,-6.618476921197593,-7.06859388919915,-2.8685512849964487,2.634912783362613,-2.171034796550626,11.597026268611465,2.158670791752103
10.533083698987811,-2.372275884246509,-3.6075503929379824,1.86087445925829,-3.75399097178809,4.277140334733273,5.841025650122894,8.19511637592327,-0.3027169239710774,11.417171096581171,3.0098770848344483,0.5570252712693697,-3.694865347351675,10.200174856660047,0.8131630561523044,6.34521597639739,3.1809181937756987,11.034306348299808,-4.270871160885206,-5.551749149480383,7.750982883635064,0.38242726731517196,7.407896024106548,2.7375774380703204,-7.347758876407024,-9.971107737565875,-6.954317980405506,-5.261620964072556,2.364176837853732,-7.5246687690249034,8.915992652046295,1.2390690219756157,-2.431248085033361,-4.131149398545435,-1.3992907950523055,-2.2546526651218883,13.324237632619443,-6.766282876908676,1.1474489753427535,12.275634419043316,8.144525252602598,-1.6307782330632414,-4.188379805268467,-5.221245080796528,-14.566085498738694,7.717406134167932,0.3888007689461277,6.312097785776434,0.6236765421747499,7.001759019061089
-2.660258223414753,-1.6240245113460512,-1.5783083187056146,3.0315480831095076,-4.817759918348077,-6.251753341136885,1.4187132020039492,3.7146860982818306,-3.1267365784954526,-4.211875599565835,-0.6556447017046219,-1.0735514636062604,-1.7123625652466257,-1.00805571803033,-2.480668101031638,2.60261413854352,-13.947919244027183,-4.270871160885205,-13.36094605313743,-3.2328481690136015,6.8981229065758285,6.117898973090016,4.192711304741666,11.552585138385957,3.040702997247969,-2.764575793012656,1.2485234077728664,1.1650927533825604,4.859538045952611,5.392120872856559,5.779458806771505,6.651406191333431,-3.0048952084483687,-19.2106795927438,4.636708275783433,-15.12752969967958,5.077243190211903,4.2133145761145085,-5.822297606054364,-0.9722771305875837,7.933931698071767,2.5361029008193507,3.481492774854207,-3.314563026731273,-9.423252738312978,2.1037429005274277,4.373559533058959,-3.6217986527056913,3.2611929168306504,4.213405071847995
2.4399547757546727,-14.904378950196568,1.0722002511998474,9.36894746111084,2.6706466753237827,-10.934064039473977,7.8821016273553735,-1.0730927207647838,-0.6433763190925119,4.949675458516556,-5.791049334635448,0.5795390988680716,-7.550099082144893,7.230429376923964,-13.803061058759601,5.681252729231316,-5.336899963157705,-5.551749149480383,-3.232848169013602,-14.516337236961874,-1.754143211849268,4.742418327879487,-1.06629383252396,-5.600717914384293,3.4997231920335046,-3.976174246492843,3.731911740861368,-0.9093711622304237,9.168413001227142,-2.9377842410093686,1.0601679253827716,1.144707454437223,3.056149083702923,-2.2022859396599554,-4.583874122842612,-7.1302808554984605,12.940704546208071,-9.13870520765102,5.317327494439382,9.15226676481488,0.3317742020997011,-6.8004505101394415,-0.2919782704441767,-12.575164309012198,-2.8097003983494724,0.1904109547091945,-4.023120147433188,-6.249415953686549,9.52118136510955,8.93739335760423
-2.096694069328891,5.031772844482785,3.1081312276273128,-1.8995984358660825,-13.954283556674245,11.01841684842732,-7.0056206941003945,-11.72531555181384,6.221458343707568,-0.6219380055154299,0.25069683093166906,0.8900356285521608,-5.816216195053432,-7.310706121351671,8.365363298939373,-5.679863034155254,11.387897468744878,7.750982883635066,6.898122906575827,-1.7541432118492681,10.5924970516315,4.742083464184862,-6.007910266764758,-6.861707902667572,-1.6272217884143827,-5.260700088172089,0.14897023591754976,-7.607304008411526,-8.957633333436535,8.518065251427116,1.0702719193673538,-4.9194815236042535,2.23076806575415,2.1657458780996004,2.3758794032100754,7.169718902863405,-9.549995575823973,-2.292579439723391,-3.230962745200313,-3.150641169047738,-1.7484492561496898,3.943269936256098,9.07921412032065,6.809971640338869,1.5058390437996003,5.58914320768071,-2.6443005650683302,-2.932857877330262,-12.187086923383049,-7.288621465721843
-5.896104089240141,0.12513973531663614,0.7111222928847509,0.5390062432952447,4.113998618576521,-1.1352169870783346,0.8275930311437432,4.80020056190289,0.2306201798360431,8.623474023574666,-1.2403658901826666,-5.336885249669218,-0.5298489817861491,-8.120397089376631,7.348250947531068,0.07939456812883436,6.240646041823586,0.3824272673151727,6.117898973090015,4.742418327879488,4.742083464184864,5.792980289417386,2.279349255611785,-3.5891268655291046,0.35410166565014944,0.507774187652835,0.35973471389903455,-0.11010163827000774,2.8481532114162538,7.874148625789919,4.295540488005351,1.1234424738835171,-3.3289868313103566,2.8071451603381217,0.05977217206417229,-3.8862354411259687,1.0560006184904285,0.3956961685955036,0.1143353672003724,-1.5718532188091308,-3.8613720804358187,-5.6801765258210715,0.5752958935991026,-0.8914370963492908,-5.7933655928071754,0.1822079649935991,-0.18947004894555297,-0.5713926584819791,4.091063205920802,6.707539165593281
-5.656544142147924,12.166113003267249,3.7656225865163737,-4.49085770848326,-4.3235573467626995,0.37191578170602435,4.762759763815555,-1.276377518151076,-2.4608050365585177,-6.798977780203397,-2.6815182520882592,11.490029075426914,-2.9091785976777973,-12.857101949241315,14.867066068102494,-1.9565767094187132,8.490205383956352,7.407896024106547,4.192711304741666,-1.06629383252396,-6.007910266764757,2.279349255611786,14.319706904779473,-5.1857839936791095,10.145390303888052,-5.98247367204747,1.0442893355307687,2.2255832114221468,-3.248816548855652,3.338914867725703,-0.6743285508066985,-2.462019158558304,8.194175109495324,13.755503749793718,3.1852303281024605,-4.281343331869356,-9.217035825041723,0.032128185081760297,-0.5860142742756433,-11.431649642847969,0.9448955492666112,2.9581340329955186,-1.2306432916464358,4.956058726899418,8.970914801223541,-4.812641974367409,-9.966503613719837,-3.1252839650421764,0.9741179130884263,1.8248305178889417
-10.900705494126619,14.229304161886358,3.4044477679501575,1.644594257317101,5.435173479894471,3.5665495423543323,-4.778203872565065,-13.759068835999999,-6.383637904332838,-4.508945003854714,3.425213506773941,7.134745154846619,-0.4928462082849372,-12.431455405594544,13.627905022999514,0.9779529792191468,6.708356578590666,2.7375774380703204,11.552585138385957,-5.600717914384293,-6.861707902667572,-3.5891268655291038,-5.1857839936791095,7.369479184191911,-3.775476258317108,8.370396631690298,3.7217038478956175,0.05663967484810717,-1.3194969658412044,11.00134631971382,0.9306117471192141,-2.466660433640316,4.386128166189206,4.978100441634629,-5.217399822166174,0.4020613936067258,-8.488944393632114,-0.5067692971403265,9.59553268658803,-5.273993485847791,-0.020257297883339298,8.477046181938196,2.3018685741159377,8.122485260435198,13.811197698009392,-3.584812577760681,-2.084349249631526,-2.69494558496346,-12.925832861080378,-3.79054695152026
5.4689484753182445,-5.977171439334132,-4.219738108065513,5.607101322652764,-6.4819379292561115,-12.454479939966253,-6.755013148572262,4.754874738125335,0.9953804566974052,3.5918669145351996,4.755458404233403,-0.36332540940575936,-1.9340797311038878,2.067487233693677,3.458387263990506,-0.779736989209318,-15.803934753425976,-7.347758876407024,3.0407029972479696,3.4997231920335046,-1.6272217884143825,0.3541016656501492,10.145390303888052,-3.7754762583171084,0.5325448887370383,-4.303846900153666,5.606974848456481,3.9503410194578574,6.664622501950452,3.509910564219041,10.750564465152896,6.535624414900306,-7.824746350274136,-4.2730052141773545,0.22641157724326566,-13.328308666984329,3.6694787289456885,-7.16072705702665,7.393245696988308,11.712805404223518,8.139733144971757,-6.833234313549529,-1.6362568266400601,-1.965414973869189,-18.159061077769234,-1.268476380008372,-1.7987365830013897,6.5854253759255315,12.30701157341101,6.064767501188526
2.465882455663089,-2.605918399420294,0.3524880858178813,-3.2519428699439876,2.1041897051651985,1.5070850178506219,-9.15062386395618,-7.2769934757468935,-0.10450493767049063,4.445221473152864,0.6979932679491365,8.600628598099462,0.0413064053759723,1.0744968092673903,-4.027206755266876,0.6062822305278094,-1.5336705021651538,-9.971107737565875,-2.764575793012656,-3.9761742464928433,-5.26070008817209,0.5077741876528361,-5.98247367204747,8.370396631690298,-4.303846900153666,5.479327908494025,0.46484966200130673,0.11137660198517807,0.09612823883861976,-8.98273376447414,-2.0392038557489363,-7.841855246784264,-4.205295284987314,8.839575974020446,-0.44719881979683684,-0.6564321078349167,-3.9170296713927146,-0.12517523956331789,-0.1387270833687262,-3.211877300870145,-1.5074227066376793,-3.680733909110502,-0.0394795612436144,-2.881088358402108,8.745677129354268,-0.5651082733045762,-0.022074811629208935,0.3204614940532453,0.7342577977144886,1.298060301047326
-1.797836557779386,-2.6774775861030444,0.2909953653056446,2.6731247747892777,-8.179250376286753,-9.270146964619627,2.573322704358253,3.962419169354252,-0.5686749086766236,-4.65608118240063,-0.3146755731074542,8.536287752196554,0.6678523076022783,-0.47507898209090915,-5.842807364747839,0.09607732254241858,-2.1950564119848432,-6.954317980405506,1.2485234077728655,3.7319117408613676,0.1489702359175485,0.3597347138990348,1.0442893355307685,3.721703847895619,5.606974848456481,0.4648496620013061,6.745989264479825,-0.59011288394197,-7.555666600288494,3.120613710284852,0.3138115723945474,-3.5645179674712253,8.32139367840967,-0.34500025642943155,-0.3825919501357848,2.0702707109747496,8.428130121373531,-0.18199795015801,0.3001940121544222,3.116736320663869,2.209185994267934,-2.5691518624242202,-0.5739130447623857,-0.011145803047579839,0.5504582571506781,-0.30730139955945246,-0.25557087281466884,0.0625923522179348,1.1279610236811772,1.3541310971568525
5.617726673031649,5.082938043579513,-0.2735822197627821,-1.2903847624867348,0.09979945656118594,-0.24918164858098965,1.280510959194698,-1.2868193985320098,-0.14244957444711814,-7.091981922517057,0.2925420321274548,4.295766582409402,0.2950141546752949,4.348543821691503,-0.8857437895030063,0.07277895185535313,0.9899389895944647,-5.261620964072557,1.16509275338256,-0.9093711622304228,-7.607304008411526,-0.11010163827000674,2.2255832114221463,0.05663967484810817,3.9503410194578588,0.11137660198517763,-0.5901128839419705,5.722006053227894,0.7838276242227078,4.200988635373768,4.7029607926270485,-0.5337027082798008,-1.9179838986433961,0.5948122262417751,-0.2022411321121021,2.390936251465962,-3.2979096901728333,0.17747483818977267,0.4045899799939785,-1.806095902229846,0.8682377796405631,2.578705756365976,-0.2161429530540044,0.39182504119328776,-7.047899374787839,0.11073930801646947,0.3432941116038852,0.14767311608470868,1.9497599529818719,-4.339195997965957
-5.907330928482723,5.00884973165595,2.8925767843704073,-6.842491516891977,-6.430045271377658,4.112269265379937,-2.569691240067396,-1.5366215470064142,10.43079785399836,6.193739623545262,9.211606466985241,2.465676669171237,1.5427438178381592,-8.020072793826953,-5.007116111097714,3.536513448855562,-0.13239525803265345,2.3641768378537322,4.85953804595261,9.168413001227142,-8.957633333436535,2.848153211416256,-3.2488165488556526,-1.3194969658412048,6.664622501950451,0.09612823883861887,-7.555666600288494,0.7838276242227082,4.881605426304747,6.144770492684081,-8.804067290268097,-6.1258095074561725,7.75250701078764,3.4981593394159516,-5.769777267735644,11.359313161858614,-12.020937149391113,-6.679893602891172,-7.064882198354826,2.5211641072125177,-12.660492089250086,-0.4367833081088034,-1.3660055330290721,-5.963133603181414,2.9391976705493312,2.336003445263003,-1.2270245239682327,2.016976728064397,-0.7531388806311012,-3.9966647880854183
-1.926636181011212,3.568248260058195,-8.799868140556892,2.901531865194607,1.8058580859604243,-18.743734784637326,12.872447865012507,5.5197455423487884,-0.5725145384099437,4.629793983603075,-0.3884804232186609,-2.0358996473825246,-4.129881942354098,1.2159036909034602,3.649260900620951,-9.270001771643987,-4.210789518977764,-7.524668769024904,5.392120872856557,-2.9377842410093677,8.518065251427116,7.874148625789919,3.338914867725703,11.00134631971382,3.5099105642190422,-8.98273376447414,3.120613710284852,4.200988635373768,6.144770492684082,-0.07968385080606843,1.6652122173845512,6.0502821224609,-8.58830925493225,-5.094806347326989,4.137238482420594,-2.040447570817027,-1.2341461604659125,7.244827133729412,-5.183289582534236,2.8472396265000732,3.5590755904648215,-6.4034379133889825,-7.610175130799976,0.7012222307776237,-3.532654219063674,5.325884918959866,-8.250191867484785,-3.686201076964631,1.7887410845557152,0.03445421793408321
-4.168138629280319,6.926531697915886,1.3806836980735535,-0.3846768892306181,-16.290613050088908,-0.9446348209640303,1.273512051071602,-8.325659229013432,-1.9314723724722118,1.918750515782142,2.4073869267617845,8.28128427852352,9.728427069432298,-6.2949381541055915,3.4826103216069653,-2.8156501279745014,3.6943270659792877,8.915992652046294,5.779458806771506,1.060167925382773,1.0702719193673549,4.295540488005351,-0.6743285508066993,0.9306117471192136,10.750564465152896,-2.039203855748936,0.3138115723945485,4.702960792627049,-8.8040672902681,1.6652122173845505,7.425483885879787,1.3119775888598035,7.0921347260335885,2.196383735904136,-0.7423424794483591,2.079714351983051,-6.345726033678686,-3.8755407453777684,1.256095346732821,-0.7061867525144341,-10.917746378732632,5.835152101992701,-6.9213049799954165,1.747651111160838,12.040487595805693,-3.2043820975479047,-7.110607941766307,-0.7467069695999129,-6.969852553726337,-5.186325370693904
-4.072464221623836,5.970018605922414,-7.621782319103082,-7.562872527796953,-5.6604708408936615,4.944354612762115,-3.492865503776633,-3.2217646616665006,1.4167494187897833,-3.529885695475561,-0.792206159760662,12.58464799953713,-0.7830759561887515,-8.485718186636754,10.979723145520406,-2.623194658696776,-4.334650488553121,1.239069021975616,6.651406191333431,1.1447074544372222,-4.919481523604254,1.1234424738835167,-2.462019158558304,-2.4666604336403153,6.535624414900308,-7.841855246784264,-3.564517967471225,-0.5337027082797998,-6.1258095074561725,6.050282122460901,1.3119775888598038,9.099352288800223,7.677234524451992,7.251464858716732,-7.840360645835112,4.82568513768225,-6.76192847409658,1.029135687007288,6.761814001804771,3.071366968669182,2.4190876858394024,7.221959529983918,-5.956282801410113,8.31709504837196,-4.045550592556788,1.5958851879453029,-1.9518127874338589,0.43926538659682096,-13.823939701388129,-15.641553766406869
9.776389255223616,-4.447804209189585,5.104915628348462,6.231432114095703,6.641704266442873,-0.21011863745967668,7.45773838782632,5.363704589415904,-1.1330925045933786,1.295723655690679,8.843515936627446,7.006617953908507,5.933311170537389,-0.27016092658099444,3.4508170596119596,-1.1199557814392687,2.1715460196135865,-2.431248085033361,-3.00489520844837,3.0561490837029233,2.23076806575415,-3.328986831310357,8.194175109495324,4.3861281661892075,-7.824746350274136,-4.205295284987314,8.321393678409668,-1.9179838986433955,7.75250701078764,-8.588309254932248,7.0921347260335885,7.677234524451993,-0.049950836235721496,-16.18499588665466,-1.184136713641444,-6.044523629614809,2.0217071912708593,8.450466992927623,5.689782794985367,8.834302105481719,8.393748253730529,-10.314551115545138,5.394575867277157,-1.1152168551454136,-5.802949385038974,7.045102654579205,9.583453324046994,9.662095263940017,4.027934880951938,8.921913912628222
9.023840663457927,5.373088399453779,-5.008326228275248,5.0729297531461395,8.123772542881657,-3.8080760245775536,13.91081417600295,-0.5656581938068264,1.48204180658659,7.804855284925479,-1.8344333961596675,-7.4705938794817985,-1.540169966816528,0.10165373372467224,-8.253178935457953,-7.444602991605054,-13.86000841764307,-4.131149398545434,-19.2106795927438,-2.202285939659956,2.1657458780995995,2.8071451603381217,13.755503749793718,4.978100441634629,-4.273005214177354,8.839575974020448,-0.34500025642943183,0.5948122262417761,3.4981593394159516,-5.094806347326989,2.196383735904136,7.251464858716734,-16.18499588665466,-5.893646106933772,2.261817908972091,7.060541419746148,3.577980707085691,-8.548313122943913,1.4916507782451838,15.458891448720383,13.15462039097155,-1.0048594208371708,-2.3360113437172783,-3.8241000134332888,-17.933005304223613,3.6614689078368055,-2.2096955104104157,-2.0496652871110053,1.5060564996844463,5.9838636594687955
4.085647355966212,2.3464920721302285,-0.26787352170113443,3.6496270083328746,-2.296421196086064,7.330333227965618,7.182884221309723,2.338017009173794,-0.7560318834995142,5.686728797559371,-0.3074204830130619,-1.7009308232770075,-0.18653357300814744,-4.160594221226068,8.245363205651845,0.13349200085428808,-3.5552368895935342,-1.399290795052306,4.636708275783434,-4.583874122842612,2.375879403210076,0.05977217206417296,3.1852303281024605,-5.217399822166174,0.2264115772432671,-0.4471988197968373,-0.3825919501357833,-0.20224113211210243,-5.769777267735645,4.137238482420595,-0.7423424794483588,-7.840360645835111,-1.184136713641443,2.2618179089720907,5.977154609356281,2.1293374006499772,-1.928601398411483,0.19443355950115593,0.0540959894665598,0.23290088702726214,2.7619082295496176,5.761686885029145,-0.2855256123583919,0.7490151907817335,4.248653900541376,0.32106986560515427,0.01676580960326257,0.6164702438870573,8.00456110081718,2.752811999937615
8.986456542049469,1.3404364052446573,-6.02799674159622,2.862781532010458,6.045417370602589,-2.0375895756038878,4.202721321865439,1.4470238318718107,-3.398960964285984,15.058373166060726,7.189837474779102,-9.167935077371146,0.5842219399816904,13.174781171529396,-0.35224905351930647,-1.805607471381376,0.8418585133186096,-2.2546526651218874,-15.12752969967958,-7.130280855498461,7.169718902863405,-3.8862354411259683,-4.281343331869356,0.40206139360672544,-13.328308666984329,-0.6564321078349167,2.070270710974749,2.39093625146596,11.359313161858616,-2.0404475708170278,2.079714351983052,4.82568513768225,-6.04452362961481,7.060541419746147,2.129337400649978,-2.6611251639122795,11.352792393180103,-1.338163678599376,1.035759864670835,4.668282454201244,16.032560432486875,-2.245934639565968,-4.439795686106686,3.6352568373599494,-7.0015011797124815,-2.923221328175508,9.33476039682702,1.0402011733519398,14.130333775872458,0.08995523823674878
-9.281523187163213,-2.089242954593104,-0.40558414399884557,-10.92602488881172,-9.346297999894352,0.6353666747322564,-11.79336581710413,-5.465558950626027,0.8893963727871671,-11.927409005800461,-0.7176594701748168,8.411362577847772,1.2037853932376184,0.8225460210700373,6.323319741725204,-4.059307402866719,2.939712516547139,13.324237632619445,5.077243190211903,12.940704546208071,-9.549995575823973,1.0560006184904283,-9.217035825041723,-8.488944393632114,3.6694787289456894,-3.917029671392715,8.428130121373531,-3.2979096901728338,-12.020937149391115,-1.2341461604659125,-6.345726033678686,-6.76192847409658,2.0217071912708597,3.5779807070856897,-1.9286013984114836,11.352792393180103,1.138052519577931,7.858036368377508,7.435450938515319,-0.20128643258442436,-1.6831180764092992,13.596117252375848,0.8892501009792297,10.244275022375536,5.918840841544277,6.086209043313369,-3.848186666041689,1.487375471813555,-10.949110258862326,-7.574286739575641
7.398966459234988,4.79721613447538,-0.1384460569870456,-5.142267013384079,-1.4829142921954344,-3.960373856439278,-1.4578605199821029,1.345351736093432,0.4184034283244626,3.359812785547079,0.08865720519163744,-2.844348784315759,0.33532577254626417,-2.0403561174858673,9.899471427062485,1.0442719742412123,-7.58978317285736,-6.766282876908677,4.213314576114508,-9.13870520765102,-2.2925794397233923,0.39569616859550305,0.03212818508175949,-0.5067692971403264,-7.160727057026649,-0.12517523956331644,-0.18199795015801007,0.17747483818977272,-6.679893602891172,7.244827133729414,-3.8755407453777684,1.0291356870072885,8.450466992927623,-8.548313122943913,0.1944335595011564,-1.3381636785993756,7.858036368377507,5.314124035419603,-0.0016155753683069207,-4.818969670496367,-8.499420921066958,-1.8244706701712745,0.14783336971767347,-0.9417449719692113,3.145813579531833,0.09537329074435719,-0.5708539863357739,-0.0035452563473006293,-5.480490197442814,0.6838922612266944
4.328496513455977,3.9953127726081368,-0.545315414491636,6.296370047763739,-1.4563222891284653,3.2242006382675386,-3.6619873207743012,-8.123367048448653,-0.4244400234709333,1.615413399523086,0.03791120309953135,-6.437740452126406,0.398403751791774,-6.526110306521018,-1.7998227811295655,0.10180575510027612,-6.4246555021518414,1.147448975342754,-5.822297606054364,5.317327494439381,-3.2309627452003125,0.1143353672003713,-0.586014274275644,9.595532686588028,7.393245696988307,-0.13872708336872586,0.3001940121544221,0.4045899799939785,-7.064882198354826,-5.183289582534237,1.2560953467328213,6.76181400180477,5.689782794985367,1.4916507782451836,0.05409598946655936,1.035759864670836,7.435450938515318,-0.0016155753683066987,6.269923240875427,2.526180707858014,-7.824220037801382,-3.406136701634188,0.13607870459932536,1.3461237450545216,-8.297002184878725,0.859187277863919,0.15122369956982185,-0.38623661355751193,-1.764294955216675,3.665054110513089
4.660637760102006,8.7096696071413,0.34471650174344726,-10.523736065737577,1.893963178844951,7.2880085563657655,-2.044585704535268,-9.267518281848965,1.6265350491823756,-8.562243661277245,-0.4937305245897541,7.888864243692933,4.816092424498108,1.986862465459825,5.5427326134348505,-1.529288661356523,9.111502575414992,12.275634419043316,-0.972277130587583,9.15226676481488,-3.150641169047737,-1.5718532188091296,-11.431649642847969,-5.273993485847792,11.712805404223518,-3.211877300870145,3.1167363206638687,-1.806095902229847,2.5211641072125186,2.847239626500074,-0.7061867525144343,3.0713669686691816,8.83430210548172,15.458891448720381,0.23290088702726292,4.668282454201245,-0.20128643258442414,-4.818969670496367,2.5261807078580136,10.347663178586462,-3.746643614259803,7.259791842831107,-2.165759717371071,13.234014870570784,11.764405654414963,0.8489829723392719,0.49325110470279454,-6.291688146849852,-15.461860855531077,-7.131939376662329
-2.0648864975542662,1.9332018170852543,0.23462283566001774,-16.150941019855505,-1.7563582178965842,-0.0318195215906893,-3.0674303581562388,0.7593586357907463,-8.450629154667956,-9.576424769892974,5.316511643071804,1.9512263490981887,-3.557783350454172,-1.4278791288717616,10.643634100234292,4.982586706933503,-2.3080801289392374,8.144525252602598,7.933931698071767,0.3317742020997003,-1.7484492561496903,-3.8613720804358187,0.9448955492666112,-0.020257297883340408,8.139733144971757,-1.5074227066376804,2.209185994267934,0.8682377796405639,-12.660492089250086,3.559075590464821,-10.917746378732632,2.4190876858394024,8.393748253730529,13.15462039097155,2.7619082295496176,16.032560432486875,-1.6831180764093001,-8.499420921066958,-7.824220037801382,-3.746643614259803,-7.597393147592875,4.8602388794743785,5.325902636583829,8.47722177159752,11.215536112301326,1.3524847192782061,-4.251926117996821,-3.993682521110648,-5.759966643682761,-3.497506381704042
11.520469235484338,0.9987678260406997,-0.5940590094700468,10.238690544111254,10.338496059701367,-7.881340910081645,6.532623739480074,1.636438882365294,7.344824442741134,3.8646969294279097,2.8757347355927934,-17.542039298121086,6.973867469822575,0.401038369631849,-0.8603848895266599,1.7877120998601113,-6.841923774511605,-1.630778233063241,2.5361029008193503,-6.8004505101394415,3.943269936256099,-5.680176525821073,2.958134032995518,8.477046181938196,-6.833234313549528,-3.6807339091105016,-2.5691518624242202,2.578705756365976,-0.43678330810880284,-6.4034379133889825,5.835152101992702,7.221959529983918,-10.314551115545138,-1.0048594208371713,5.761686885029145,-2.245934639565968,13.596117252375848,-1.8244706701712734,-3.4061367016341877,7.259791842831107,4.860238879474379,-2.727743034930854,2.27943159370905,-9.907847029829428,-4.0930929189422685,7.419905599946773,2.033943248214163,-7.60521440048185,-0.27210234676426714,10.584302159658147
-4.91865661036238,4.261835822557161,0.5990633920933163,5.964804699865755,-0.004543545145259564,-1.6477418710250116,7.702588257524626,1.9835678753266293,-0.17417844463448728,6.436685584722174,0.049616445834539946,-6.053377125992997,-0.020772564773721636,3.910800697528374,-7.878742905242073,-0.8787046500569098,5.728503653706282,-4.188379805268466,3.481492774854206,-0.2919782704441768,9.079214120320652,0.5752958935991024,-1.2306432916464358,2.301868574115937,-1.6362568266400606,-0.03947956124361407,-0.5739130447623858,-0.21614295305400422,-1.3660055330290726,-7.610175130799976,-6.9213049799954165,-5.956282801410115,5.394575867277158,-2.3360113437172783,-0.2855256123583929,-4.439795686106686,0.8892501009792293,0.14783336971767413,0.13607870459932592,-2.165759717371071,5.325902636583829,2.279431593709051,5.270620911521251,-8.580689917408248,-3.8100192063096863,1.2275253291569468,0.5660364758744254,0.24460938459159864,0.9909285522783094,-4.597743529353905
-5.91815709848984,-3.346287599301632,-4.359508460899093,14.40159056196506,1.7951708864159268,-10.371119839538496,13.068530830157371,7.556560195169442,0.040904520997606,3.599098870250365,1.8061207919946185,-14.916186024759206,0.9366547435402288,6.892223503112731,-11.76854459422789,0.164423017361511,-6.618476921197592,-5.221245080796528,-3.314563026731272,-12.575164309012198,6.809971640338868,-0.8914370963492912,4.956058726899417,8.1224852604352,-1.9654149738691884,-2.8810883584021085,-0.011145803047582059,0.3918250411932862,-5.963133603181414,0.7012222307776246,1.7476511111608364,8.31709504837196,-1.1152168551454136,-3.824100013433288,0.7490151907817335,3.63525683735995,10.244275022375536,-0.9417449719692117,1.346123745054522,13.234014870570782,8.47722177159752,-9.90784702982943,-8.580689917408247,-0.03124925894266628,-6.9109677584679,-5.141191567455861,-0.09516715468045533,-6.8650915574702704,8.659708925189207,-4.065173189041703
14.558018252389472,-8.314835186724014,-5.166907015719526,4.459680262982784,4.577807557304267,-1.2480340881940195,6.0739375589740305,8.66193616232512,0.08386034337200983,10.161497069360221,-6.897217298795243,-9.715489578437682,0.9751776528476856,0.34453511584016505,-5.91224344877186,1.4868582202225287,-7.068593889199149,-14.566085498738694,-9.423252738312978,-2.809700398349473,1.5058390437995994,-5.7933655928071754,8.970914801223541,13.811197698009392,-18.159061077769234,8.745677129354268,0.5504582571506775,-7.047899374787839,2.939197670549331,-3.532654219063674,12.040487595805693,-4.045550592556788,-5.802949385038976,-17.933005304223613,4.248653900541376,-7.0015011797124815,5.918840841544278,3.1458135795318327,-8.297002184878725,11.764405654414963,11.215536112301326,-4.093092918942268,-3.8100192063096876,-6.9109677584678995,-2.055244909900007,-5.51022083920706,-1.826301049435373,-3.2268590209261827,9.112058921266806,11.790107414740728
1.2923048560751487,-3.7024171772480656,-0.44689481909997264,1.5453554632937307,1.3134816135397693,5.313115570926409,-4.914590416107726,6.113225269601655,-0.21451665456613767,-1.0526976069623237,0.6789497541795593,-0.8776722663598666,0.25735589199327147,4.522211499056726,-0.5219499662148841,-0.07638890071870491,-2.868551284996448,7.717406134167931,2.1037429005274286,0.19041095470919434,5.58914320768071,0.18220796499359965,-4.812641974367409,-3.5848125777606814,-1.2684763800083725,-0.5651082733045776,-0.307301399559453,0.11073930801646892,2.336003445263003,5.325884918959865,-3.204382097547905,1.5958851879453018,7.045102654579205,3.6614689078368055,0.3210698656051538,-2.9232213281755075,6.086209043313369,0.09537329074435796,0.8591872778639191,0.8489829723392717,1.3524847192782057,7.419905599946774,1.2275253291569475,-5.141191567455861,-5.51022083920706,4.974740087913798,0.2321222975552818,-0.4107086889267686,8.628348496531446,3.4401695556645695
4.936805405656163,4.405364282209337,0.0696331010205045,1.636911026111699,1.7016071542298024,-4.335879187390754,-1.3866354749264407,-0.4121494655171325,-0.11148550706465266,-5.177288060939202,-0.6784413777537044,-2.738025932263217,-0.8189636707326625,-6.94276877686619,-5.515885625887885,-0.40749217644507296,2.6349127833626125,0.38880076894612803,4.373559533058959,-4.023120147433187,-2.6443005650683302,-0.18947004894555386,-9.966503613719837,-2.0843492496315252,-1.7987365830013893,-0.0220748116292091,-0.25557087281466795,0.3432941116038861,-1.227024523968233,-8.250191867484785,-7.1106079417663075,-1.9518127874338593,9.583453324046994,-2.209695510410415,0.016765809603262793,9.33476039682702,-3.8481866660416886,-0.5708539863357731,0.15122369956982185,0.49325110470279343,-4.251926117996821,2.033943248214163,0.5660364758744247,-0.09516715468045556,-1.8263010494353726,0.23212229755528146,4.835619315245545,0.1593501840675844,-2.869543935421871,-8.847943608015065
-3.5127980401308165,-9.145772481416188,-0.4161919747637663,1.9724062948766072,-5.163116183378558,-4.048163049016933,1.3662683034819658,2.2396995708292216,0.09897945023868504,-7.153924788639959,0.514200673335242,6.593664254030674,-0.2810479707415676,2.2101658019799366,1.9673761600590403,-0.32794413760055374,-2.171034796550626,6.312097785776434,-3.6217986527056905,-6.249415953686549,-2.932857877330262,-0.5713926584819786,-3.1252839650421778,-2.6949455849634596,6.585425375925532,0.320461494053245,0.06259235221793358,0.14767311608470846,2.0169767280643964,-3.6862010769646307,-0.7467069695999131,0.43926538659682074,9.662095263940019,-2.0496652871110044,0.6164702438870571,1.0402011733519414,1.4873754718135554,-0.0035452563473006293,-0.3862366135575119,-6.291688146849852,-3.9936825211106473,-7.605214400481849,0.24460938459159798,-6.86509155747027,-3.2268590209261827,-0.41070868892676893,0.15935018406758528,5.471577506548822,-1.6319584988287807,-3.016703489419222
-8.308731497722475,-3.4493163123911437,3.597628693303433,0.2541417107687891,-14.272556098748172,7.657414481300021,5.422359774552024,-15.807212114124344,-1.3187476546405486,-13.185781468532928,5.000260698830511,1.4049743436226119,-3.111215770600241,-19.05654895811059,9.825922192884814,3.341462805744131,11.597026268611467,0.6236765421747504,3.261192916830651,9.52118136510955,-12.187086923383049,4.091063205920801,0.9741179130884265,-12.925832861080378,12.307011573411012,0.7342577977144883,1.127961023681178,1.9497599529818723,-0.7531388806311012,1.7887410845557148,-6.969852553726336,-13.823939701388127,4.027934880951938,1.5060564996844472,8.004561100817181,14.130333775872458,-10.949110258862326,-5.480490197442815,-1.7642949552166751,-15.461860855531075,-5.759966643682762,-0.2721023467642672,0.9909285522783102,8.659708925189207,9.112058921266806,8.628348496531448,-2.869543935421871,-1.63195849882878,-10.295886811472833,4.728697501075526
-5.332148295266631,9.277921344729961,1.790715218254543,-12.378331800293994,-0.5776509612738223,-1.6842547206091163,-1.9004684944590093,-9.133897808513046,0.9672439424418294,-2.622263403227285,3.4604677866054034,-1.1845319760289743,2.02693581412825,-4.675501385506214,6.1667411828845715,-0.33470002272263377,2.158670791752103,7.001759019061088,4.213405071847996,8.937393357604229,-7.288621465721842,6.70753916559328,1.8248305178889415,-3.7905469515202603,6.064767501188527,1.2980603010473253,1.3541310971568525,-4.339195997965956,-3.9966647880854183,0.03445421793408361,-5.186325370693904,-15.641553766406869,8.921913912628222,5.9838636594687955,2.7528119999376153,0.08995523823674878,-7.574286739575641,0.6838922612266946,3.66505411051309,-7.13193937666233,-3.4975063817040417,10.584302159658147,-4.597743529353905,-4.065173189041702,11.790107414740728,3.4401695556645695,-8.847943608015065,-3.016703489419222,4.728697501075526,-3.052584689529265
