n
50
c
-195.27700076513156 -131.33508369250882 -157.24025781274506 134.66507918474068 161.2674815070616 121.52202536682661 -14.218478604695438 159.37730027345577 -130.21259884903554 -176.7638414821547 -159.1333720344851 212.59125281503057 -10.389522617374901 -115.41168484136605 -170.27445792039327 176.76122663577968 26.32302038672241 -153.72259826979612 -170.61905991754026 -47.81159809435697 15.196257194131809 -166.70657370322394 -25.919826703744526 -0.6262157319859333 -19.663816720117644 -186.474302163645 -129.38618996677286 -207.58338403179243 137.08244585783302 153.7901826797334 123.459177361018 180.70925998458176 -145.12971582779224 -198.458241771846 192.93655678685977 -165.38314751376817 -41.75149674208727 -158.75256748573523 -18.153574919262162 115.93734049432403 -150.91802165483685 -24.276219488029007 143.43441537642641 104.06972720130301 133.79795046063265 -168.10674274507818 -17.06397136046856 12.696198255289765 -4.508230100408351 -174.3322739677249
Q
-9.152357736958706,-1.8625518746672343,6.81825090227065,12.113014908446278,6.152917119844109,1.6853989981595412,1.65036543887215,9.143248403557083,-0.3460006121950474,-16.769556209775363,-5.28289853885027,-0.5771949764397124,0.8590971310274742,-5.139847413560129,-7.955123315551945,-4.940352361409653,6.950070662407276,-10.951284532575833,2.8441272673191618,-1.6201649044820936,-4.684107063440145,-8.14293558598623,7.008710162262935,-5.868369172841681,-2.4717543372801996,-5.221424283293421,-5.992498693390738,-8.320645842773068,10.890263324706412,0.7366326988018956,18.28751566754043,4.847979296969922,-9.282257262437248,4.534828999296342,7.359611109905806,-8.079351413816253,-5.688586098879931,-10.488379775705054,-0.9690395433420815,-5.747423633580129,-6.573682279236399,3.826622889874832,10.960860381034392,10.569578627678995,6.708366108396185,1.9502653044879354,4.565122836436247,5.6559003377276555,-1.294302487776918,-0.2129978602757785
-1.862551874667237,-1.8464801123430243,-1.590423905375144,1.0081277314621313,17.68442043871818,-2.9541455779739287,-7.943520463130942,-0.5969443050627741,-11.36758627999929,-2.1015625267124585,3.7622718953317325,8.20637279385515,-1.184084653422433,-8.617727841412206,-1.520859278849932,4.079208601823243,-4.3504032789780664,-8.000195097094032,-2.193977343131613,0.38487718976474694,-4.659914469004433,-6.3028238313359015,-5.9136718099027705,-2.300245098020742,-1.7225679056590053,-16.184553292942027,-12.035783631385453,-6.070640596323198,4.153865815184576,13.750244260702846,2.478806861042299,-3.013814770694742,-8.793429741983479,1.9660279492699193,3.975209075552264,-17.565922370943845,5.569459566051901,0.9104315835450733,9.254687114480793,7.451832539158223,-10.491827983274234,-0.5640826637610153,2.1542083001508567,16.360479276606174,7.685951328062364,3.9741248771865467,2.2528344134026317,-4.839350545518989,-5.369248543923575,-1.8190094648804993
6.818250902270651,-1.590423905375144,1.0231265895597668,2.7606603354336388,-4.272263238944353,2.794493912324641,-5.927234826239276,8.521969332720962,-10.563390008090963,-1.6200580023689344,-4.9141873207163735,6.888577931770806,-7.899647525289904,-7.654987569705327,7.686961137815651,10.861503432113985,-6.541272734443087,-3.5765757485674343,-1.3366182499895363,4.7543056916128,-0.9087637041648193,-10.040734903373474,3.353055534280882,-1.6101609523190392,4.551826798148351,-9.063797768578226,-10.585229891722669,-8.491294085244595,7.536265267519154,0.12185837232385349,0.7676169086928759,-2.764223372429525,0.25972703151585264,2.278003300469953,-2.763168485776869,-12.833667790285514,5.872083907322097,-6.456881886491757,0.9286389787632825,-3.967556553572547,-4.580221827149757,-3.655224198508538,2.11635926109952,6.6370242005853095,2.494252315320457,-3.3299939797565554,1.6844350572151772,7.785585123431816,0.2341711941067302,-7.992098548103225
12.11301490844628,1.008127731462129,2.7606603354336388,-2.765619566877006,-6.683671619234715,-9.176874776923386,4.130918238665595,-7.284336840509922,12.742739125545667,0.45253567397842,4.645162185207679,-12.563192595418865,6.384646058667704,10.73866066430309,15.761426114823696,6.7374355974964475,0.3083172135471563,8.113919764810404,1.3443611970165321,-4.344484885644347,2.59623958474193,11.138920392906492,-0.4898556090747143,2.1548582580072586,-1.0248511696377198,11.90217116120743,10.841825719844419,15.254623435704179,-10.198060167882396,-8.78112275878465,-16.094014723622713,-2.2753880266719406,11.321866023076456,4.6069519898445295,-11.306498919802511,11.171153613893395,-0.8606312491587491,10.19983541112588,-6.08886998873918,-3.757961660995112,1.4937986507906316,-7.424676283785532,2.188287616073536,-5.084883580121109,0.10137517307156152,-3.3739618684523185,-6.245239780775623,-6.058621972607985,7.655591084849579,0.8715301891854077
6.152917119844108,17.68442043871818,-4.272263238944354,-6.683671619234715,-1.0662033151504406,-2.306413793140887,3.977785627376922,-1.4078119774502742,3.485918405663365,-6.575147960462074,11.379028047869985,-13.38850364182511,1.078108792792667,13.879252345933827,5.96985779879828,0.8307305831704301,-4.895075530328429,-1.1428388661606936,4.847620602874006,3.452254408495156,2.815842612266205,-5.100397629070998,-3.9147555329016828,-8.50807332135055,1.5900348584043702,12.206871219750035,3.7071833085794523,1.0211801616153668,-12.634186857427155,-4.54168632557303,-0.5315528317350541,-13.155054602126455,2.828397576629622,14.910852334918973,-2.1542654516845343,6.849690701986775,2.3561067634635675,4.413358283812531,3.9336177425963634,-4.721433320008197,-3.3309827637591334,-0.1633397490781361,-4.305992265068523,-8.501110771076313,-6.231381271694917,6.215822638428448,-1.2947612675356557,3.4132242725449107,4.358877454707924,2.2587007478213406
1.6853989981595412,-2.954145577973929,2.7944939123246413,-9.176874776923386,-2.3064137931408877,13.59048146979833,-6.098501554989915,-3.7607184825017796,5.95445671088121,11.75173126639282,18.029568217903893,-4.55350403064875,-3.7873177242052547,4.616893354693445,-0.617102701913735,-0.3288538935321129,0.26594858490580064,10.46422547906749,6.058260195801669,-5.2075228739041615,-5.720800495652406,8.393628430302206,4.225992381936726,0.7184267038065584,4.573867058292376,5.103037957188221,1.8981818226522778,10.431444936977684,-7.382118754927362,-5.713870479974403,-10.54689706164082,-14.506094179214857,6.982670468220247,13.761213674636606,-9.389856178937611,-0.02700294245225146,-5.6919267622615095,9.549919577201749,-3.855403902218497,2.767689187169735,8.273216215280913,-3.9319466816629602,-2.1834482273568057,-5.249396124006486,-9.488726562915776,2.791320912636711,5.525172320522772,8.895812805404406,2.833265687507861,0.36493629535290184
1.6503654388721496,-7.943520463130942,-5.927234826239276,4.130918238665594,3.9777856273769214,-6.098501554989915,6.3151903216791805,0.3365322876112274,2.101582020998453,2.167067380463896,-1.9146132947172128,0.7775254920825501,0.18488530055158447,-6.344863696449849,-1.5454242736176655,-8.36760601238726,0.10687519934852607,9.090257712240108,-0.17492391146381503,-0.9099038074285049,-0.2838870852507309,-1.4129555903326159,-0.11735265984746025,-0.07683850654775026,-0.21673427946067525,3.61842435901986,2.7872800376404063,-0.35853428049482705,-5.134108214765711,6.562793469049588,-4.059966539661356,-2.188039814271902,8.880875021932058,4.086376949268857,-3.9494406545760867,-3.0172051672126243,-0.06048157599887127,0.7226003470327891,-0.6655601776477044,6.9032238436995454,-4.3295576183076925,0.4445967096922048,-2.0578039135839608,4.794385445391643,-6.673910247716752,5.860010002239121,0.05626409187161152,-0.05977117039465796,-0.4523145145000502,1.7173138082935817
9.143248403557084,-0.596944305062774,8.521969332720962,-7.284336840509922,-1.4078119774502724,-3.760718482501779,0.3365322876112251,0.6109666605591073,4.939906875458392,8.230036610083548,7.279552586583517,3.7445956555020086,2.039561154459133,9.755286820225466,6.09040599251968,-11.863926919875164,-6.884318978424537,10.385140810776953,5.024649399827947,-3.3213398564870897,-4.647822047643984,-0.0260308811324641,6.753104418180835,9.785853096354158,2.274121105132031,2.7014044461975333,10.482858515561912,6.490482439357793,-3.32966299645246,7.955655367826305,1.2225419281958632,0.11767342106619716,8.927390928784519,9.240393335042032,-7.591042441409206,10.466844789295186,-3.365841688101091,15.772920359465843,2.098979488726984,1.0688859269674562,6.462460113627223,3.620591250700172,-8.096478325281796,-8.796367892397058,-11.34218009944769,-2.312876174814101,-3.1490633031252493,8.177505870524051,2.262021120841381,0.31260378167115044
-0.3460006121950481,-11.36758627999929,-10.563390008090964,12.742739125545667,3.485918405663364,5.95445671088121,2.1015820209984515,4.939906875458393,-3.367107806812035,-5.111087634970572,-10.118322386057233,0.8756935550532521,3.5798604102498794,-2.337988078461724,-8.2314207735081,6.986661752451389,-8.995971445421025,-7.232407172111957,-3.603350146850738,2.0231716869818914,-0.8379642750766598,1.6387825821822104,-4.013135409028667,-3.2395161801397068,3.895870926074224,3.2286112767236452,0.798851790348655,-0.5806323332275797,5.747478271135731,5.426024343468547,5.364028748924707,4.254388685469095,-6.355671336074726,-6.751588229195153,10.562553593472625,0.7779896033367196,1.085224907818286,-4.191840731067915,5.851273280331869,-1.7542216657138692,-13.485479132872658,-4.327217897099763,0.4445413408407036,6.636879412503216,10.19980022029729,-9.574050556930125,-7.870345190965632,2.988423196496332,0.215280925097786,-4.370867206421526
-16.769556209775367,-2.101562526712456,-1.620058002368934,0.45253567397842015,-6.575147960462073,11.75173126639282,2.1670673804638962,8.23003661008355,-5.111087634970572,-7.378103666545596,-10.431663426101819,-1.2175466073835,3.463539757404479,-6.656398384296888,-11.485350396666082,6.5765854427909725,-0.8876309839988097,-3.838627500978741,5.3876669250925175,-0.1532124335902334,-5.964125450215896,-8.535578674756614,-2.463206909289614,-1.4020767646521746,6.066837124035784,3.796928226782096,-5.659583970197966,-1.3902725155967208,2.27161376231705,12.83407831287061,12.511902762019336,11.329967548722312,-10.794796993647363,2.4527562885423237,2.9092540857769915,2.279144482115478,-2.144007362941633,-6.4984224616550295,0.9700607165960914,13.304466761658533,2.7613504565066624,1.9264522402983897,-4.756048938856461,6.247344794726296,-2.773970519110029,-9.578130980695075,2.3530822083751075,-5.344069491899724,2.276758351339925,-7.148355463129494
-5.282898538850267,3.7622718953317342,-4.914187320716372,4.645162185207679,11.379028047869985,18.029568217903893,-1.9146132947172134,7.279552586583515,-10.118322386057233,-10.43166342610182,-2.7215418877400666,2.6256428551541697,8.149596372211489,-15.361991239089791,0.044531493762608565,11.012138537046013,-6.602777521485048,-6.705336746625243,-9.292762671430115,10.272432241351067,-5.548492823794847,-3.529272269151278,0.5989139207738611,-3.0382256399546685,7.229789465439016,-8.817172310060156,-8.690320971123224,3.547343943006955,6.772095022735529,19.2143302723994,-4.810148939571603,5.553231435670445,-7.299076920269497,-7.448117908562173,4.935015385188827,-13.310898886123203,6.516119280237831,2.3475489210934692,-7.6556269657371185,5.973510976910732,-3.8444733216336044,-4.018682400061943,0.6778925571208377,2.5562936573569184,11.70156767772712,-8.378599630633579,-0.8421492231425152,-2.8797825788756457,-1.7906637235593215,-1.5938524156759952
-0.5771949764397118,8.206372793855149,6.888577931770808,-12.563192595418865,-13.38850364182511,-4.5535040306487495,0.7775254920825518,3.7445956555020072,0.8756935550532522,-1.2175466073835004,2.62564285515417,-5.241555889296806,-2.5098072488836705,1.0736641061247545,4.72523871001119,-6.0593101419900135,-4.232747873981836,4.982834655171101,10.780680084204157,-0.45277560045003407,-6.038009267961124,5.801158271788887,-0.3018076474452829,-0.1860970225092402,0.4614632675598329,4.87519792337313,7.421719946983307,3.7123182434049706,-15.088971526274968,-9.28543747636701,-10.110613375261499,0.8986207026734996,7.505882540128951,0.1727464799182033,-4.389166999351511,11.210161234535462,2.5910940780758938,-1.4661259137290492,-5.054168517371305,-4.90234250513693,7.035163487239824,-0.7903232810866219,-7.819092340175,-3.760926427367792,-6.051420105363473,-1.4144748833190002,1.3533450697483171,-6.3582229293356995,6.1010997994602185,-1.0218317482555688
0.8590971310274744,-1.1840846534224327,-7.899647525289904,6.384646058667704,1.078108792792666,-3.787317724205254,0.18488530055158325,2.0395611544591326,3.579860410249879,3.4635397574044773,8.14959637221149,-2.509807248883671,5.1242241932456185,-5.470039556640194,-4.910168728133711,0.04118905099219239,-0.10843912038461867,0.5743718355224308,-1.8099925130047834,0.3897951820086425,0.7610551988978812,-1.748423803063786,0.4318750829313217,-0.3467547281056691,-0.40708675599712785,-1.3928623024982505,3.577118991801372,-5.287383520817789,4.891901579144046,-5.17634558954425,-2.250435984543303,0.4295472216173376,2.419591243891061,5.08357158577657,1.15989531853762,-1.9889904263471032,-0.11694956648981036,2.5570976192854333,0.43169639145585714,-3.867799203507679,9.455867339127304,-0.3533582136762671,5.490938474054591,4.941129158225691,-1.2004657970813444,-6.997977673880182,0.4464057791787982,-0.21113430248624945,-0.16130383862614023,7.803127847224983
-5.139847413560127,-8.617727841412206,-7.654987569705326,10.73866066430309,13.879252345933827,4.616893354693445,-6.344863696449851,9.755286820225466,-2.337988078461725,-6.656398384296888,-15.361991239089791,1.0736641061247536,-5.470039556640194,-0.9772349607631261,-10.554583860085286,4.387355922536164,1.9774997507753014,0.23703238977697488,-4.840113116532632,4.321667404159553,1.63964863200184,-8.533246522591677,-0.11586790676964431,7.385375316099285,5.84979639239663,-12.325371291895697,-10.184827824087247,-0.7685989102014864,8.913126267306419,4.267992723607076,8.676168354712175,12.803692288383846,-1.212374936927029,-9.192329645826172,0.627742407824028,-9.711236345156424,8.133686405706207,-14.473099441435366,2.409296586891426,5.988134969948433,-18.18512054558532,0.9650735493189901,11.76143238272027,6.981104284246674,3.624698712997553,-5.703137667144806,-1.8128993982369843,5.466610403488025,2.5223917938934943,-15.213110481250991
-7.955123315551944,-1.5208592788499309,7.686961137815649,15.761426114823696,5.96985779879828,-0.617102701913735,-1.545424273617665,6.090405992519679,-8.231420773508102,-11.485350396666082,0.04453149376260723,4.7252387100111894,-4.91016872813371,-10.554583860085286,-8.673718674691374,11.416596862172673,3.801069058850526,-2.2996458291475776,-10.21980042076029,5.0468256335806725,0.5959531274475476,-3.0889959252042085,0.613230309934694,1.154818995453467,2.0582471710958457,-5.500420511376348,-2.524158365644076,-4.260937572413267,5.8745786502749056,1.8251134987013309,0.07074019795287756,-4.5241735766690265,-0.525543875645194,-2.479708495401443,4.280005245484169,-7.9432710597875,-1.4906072228612461,-2.3942012170775246,-0.07099375021210269,8.117864647239967,6.373869207563129,-3.0573959122234915,1.6755769581200337,5.527157451871138,5.71121948031125,-1.08073763944387,4.099470549343148,0.34678976222864244,-1.6078420271961282,0.3978060712159617
-4.9403523614096505,4.079208601823243,10.861503432113985,6.737435597496446,0.83073058317043,-0.328853893532113,-8.367606012387258,-11.863926919875164,6.986661752451389,6.5765854427909725,11.012138537046015,-6.059310141990013,0.04118905099219172,4.387355922536164,11.416596862172675,13.945760779666852,0.0651540003507658,8.393654868861775,3.9086459727674296,0.16311584005714286,6.378446376232118,7.889551798286894,0.7707850315478623,0.10515889034726511,0.9737047690229176,5.2265191548939125,7.108591971245346,2.9838446019656977,-1.6543214144684275,-13.371160003643142,-15.146395512748867,-9.623026804088058,-1.5747834494004702,3.4229905262140963,-9.412311154642781,-1.553328093742503,-5.125864277992844,9.047159960237904,-0.05389623972321503,-8.70437983914049,-1.914564886826204,5.567205628576545,-8.987041264479616,-3.034439830982265,-3.716115886888953,9.738975211486828,-5.754871823114048,-0.38560308664574605,3.621113972086118,16.425520216459216
6.950070662407276,-4.3504032789780664,-6.541272734443088,0.3083172135471557,-4.895075530328429,0.2659485849058014,0.10687519934852663,-6.884318978424538,-8.995971445421024,-0.88763098399881,-6.602777521485047,-4.232747873981836,-0.10843912038461909,1.9774997507753018,3.801069058850527,0.06515400035076646,6.115670116193924,1.6205280559104367,-2.5986375882538253,-0.13737137206288752,-0.7786752172418909,-0.6853500247951032,0.5090495443805028,0.3391759252393772,-0.05154117195516872,-6.409148380991503,-1.3400048745616833,6.645683427257298,1.29580844167388,-4.88281494747913,7.335504216560352,-1.5022723534821971,-1.0827809610334773,-0.4702384499167167,4.6683879818084,-9.050185605118328,-0.04529963173870255,-7.471677619642704,-0.10500666543586179,-0.18544015353679827,-0.8357294360839311,0.36551838522373903,6.542993290118355,-9.186826237245478,7.468167814264934,6.240109946940154,0.0684848926785891,0.6079684955085843,-0.5913490600859147,-1.379077344344209
-10.951284532575833,-8.000195097094032,-3.576575748567434,8.113919764810404,-1.1428388661606927,10.46422547906749,9.090257712240108,10.385140810776955,-7.232407172111958,-3.838627500978741,-6.705336746625243,4.982834655171099,0.5743718355224307,0.23703238977697516,-2.2996458291475776,8.393654868861775,1.620528055910436,-4.135596773763683,6.792615328786864,0.6138453370648779,-6.617428843979699,-9.012081460880843,7.189451176189582,-3.9085608454118197,-6.453413277639383,-6.368081591326855,-5.6457400736008285,-1.1392383676798792,7.944752609540488,6.8782061284406595,7.252341465761359,-0.5318840419440201,-9.378750769542307,2.7986631450718216,-1.233402699354289,-14.864542937866466,1.2857930970710685,-2.7392443257708217,0.16354708658433487,-2.6663675673623173,-3.839991848413806,-0.6173194268990481,0.8024373593366037,2.643741657567503,4.228183115378354,-1.4671721940216798,4.223881761244679,-4.716504316535517,-2.1762065232617998,-5.382914202364247
2.8441272673191618,-2.193977343131614,-1.3366182499895372,1.3443611970165321,4.847620602874006,6.058260195801669,-0.17492391146381525,5.024649399827948,-3.603350146850739,5.387666925092519,-9.292762671430115,10.780680084204157,-1.8099925130047827,-4.840113116532633,-10.21980042076029,3.908645972767429,-2.5986375882538244,6.792615328786864,-2.9507768499878573,2.426423695706337,-0.16013597105333988,-9.01179105101251,7.484342102937708,2.4064469882611013,-6.463056178738121,-2.250598524198323,1.646008123676594,-6.244038930544643,13.938301332508837,-0.9107243025795317,3.5120568952845725,1.4889847394202884,-1.0248034884317323,-8.040143490791982,10.690418061533968,-9.520149464068886,-2.126564115893329,-5.054990422973067,9.543279614998971,9.829290760007328,-7.003068604700463,0.9223093740946624,0.6929454255784537,6.333301926518709,6.546502984022002,-6.020355222589874,2.510534931708476,-7.32523867200322,-0.08794494039791252,-7.963097705654166
-1.6201649044820932,0.38487718976474605,4.754305691612802,-4.344484885644347,3.452254408495155,-5.207522873904161,-0.9099038074285055,-3.321339856487091,2.0231716869818914,-0.15321243359023484,10.272432241351067,-0.4527756004500365,0.38979518200864244,4.321667404159552,5.046825633580674,0.16311584005714297,-0.1373713720628884,0.6138453370648784,2.426423695706337,5.718200902400929,-0.45387273136905465,-0.26019393567360993,0.4266908882835373,-0.6507132263272053,0.3689485828165467,-0.10548447453806475,2.384716384161905,1.701527821996394,-8.432937299419935,-2.060425200325741,-9.301805116627815,-8.523610478508049,4.700328267334486,-0.6857606601241342,-7.7905424539845995,4.1168033493985705,0.4165649044556562,6.745228325508298,-0.4625012514316691,3.829024234719498,-3.6166815409001147,-0.19807668985222104,1.7195537254565518,-1.8683528233318571,2.0072300842603488,-4.288565800731438,-0.017113490464311376,-0.09525652518544625,0.17362360619352563,5.100645468445127
-4.684107063440145,-4.659914469004434,-0.9087637041648187,2.5962395847419293,2.8158426122662044,-5.720800495652406,-0.2838870852507307,-4.6478220476439835,-0.8379642750766596,-5.9641254502158985,-5.548492823794847,-6.038009267961124,0.7610551988978805,1.6396486320018402,0.5959531274475468,6.378446376232118,-0.7786752172418904,-6.617428843979699,-0.1601359710533391,-0.4538727313690542,5.813084907814481,7.261016331903177,-0.34484911623262077,-0.07446690912606446,0.1393769614595448,3.734990110542125,6.3646345534279565,2.969270778082553,7.53377828820293,3.1036085620572393,-1.033724107759115,5.17672929771123,-3.5206665417082763,5.305005202546199,4.310572550734091,-10.134851027709285,0.023031595676471728,4.262469695702108,0.27894951986551153,3.7442838433085557,-2.4865684268207713,-0.22667648283562383,-8.757681002382572,0.32632146704401843,-1.3122212626494325,-4.79423061124641,-0.06234162952963482,0.02545313177856956,-0.016528503514287918,1.6852941958278853
-8.14293558598623,-6.3028238313359015,-10.040734903373473,11.138920392906492,-5.100397629070999,8.393628430302206,-1.4129555903326168,-0.026030881132463206,1.63878258218221,-8.535578674756616,-3.529272269151277,5.8011582717888865,-1.7484238030637844,-8.533246522591677,-3.088995925204207,7.889551798286897,-0.6853500247951025,-9.012081460880843,-9.01179105101251,-0.2601939356736116,7.2610163319031775,8.73595077846355,5.067141319765818,2.65723919044883,-2.870028927845767,-4.975992746329515,-14.950817450696833,0.6683517723319156,3.9873613738840636,16.252854999286143,8.442244851953465,2.0806787290650544,-7.452350141771816,-4.017668610085847,-10.065152736919694,-1.097748165583296,6.505589185289425,-4.7157213354456875,-3.7072382984715526,12.985836833968746,2.1946837630531117,-2.0071807736248086,14.933415033012466,4.300421501000156,-7.319059802248175,-6.7367255996720115,-0.5910975141412826,-0.6282709409688203,-0.7668345488675014,-3.023281366289513
7.008710162262935,-5.913671809902771,3.353055534280882,-0.48985560907471576,-3.9147555329016828,4.225992381936726,-0.11735265984746035,6.753104418180835,-4.013135409028666,-2.4632069092896125,0.5989139207738614,-0.30180764744528266,0.4318750829313214,-0.11586790676964395,0.613230309934693,0.7707850315478624,0.5090495443805038,7.189451176189582,7.484342102937708,0.42669088828353796,-0.34484911623262043,5.067141319765818,5.673241302215387,-0.12870107400765163,0.009661552536723517,2.94879939460415,2.584787370969051,-0.19802196030851954,-1.6426941589754336,0.33686609524761557,-1.0340401639214558,-1.4593707043361124,2.327604161706923,-0.32675891907425253,0.5663056132869408,-5.212084504609287,0.0778036293304345,2.9352984654793386,-0.05127985630716292,-4.393651183677192,-1.601166134646394,-0.207119143435093,8.340361952622036,-0.7748589010287901,3.3781275799706885,6.883394660322949,0.21433112838325297,-0.547972169454639,-0.13911932721024,-7.699304624539638
-5.86836917284168,-2.3002450980207403,-1.6101609523190412,2.1548582580072577,-8.50807332135055,0.7184267038065592,-0.07683850654775043,9.785853096354158,-3.239516180139708,-1.4020767646521732,-3.0382256399546677,-0.18609702250923976,-0.3467547281056683,7.385375316099284,1.1548189954534664,0.105158890347264,0.33917592523937823,-3.9085608454118197,2.4064469882611013,-0.650713226327205,-0.07446690912606435,2.6572391904488297,-0.128701074007652,5.802689785148687,-0.6331601820749984,5.429144849957677,6.710812436569167,1.3515855375068404,0.21186968450862242,-6.501480943693627,-0.9550618476950067,3.6425898391885125,2.8154943676614064,-2.7017012563943203,7.984683458614215,-4.828590054194874,-0.285183874200586,-4.364235170723957,0.693467197595909,-3.667498239759222,9.619374659054497,-0.2324713545677161,4.305978214732882,-4.637804177382444,6.973263889321026,-2.161593030064645,-0.7266228081161028,-0.4909666430653985,-0.3240658852310165,-2.9361416423658717
-2.4717543372802004,-1.7225679056590064,4.551826798148354,-1.024851169637721,1.5900348584043713,4.573867058292375,-0.21673427946067503,2.2741211051320316,3.895870926074225,6.066837124035784,7.229789465439016,0.4614632675598336,-0.40708675599712785,5.8497963923966285,2.0582471710958465,0.9737047690229171,-0.05154117195517015,-6.453413277639383,-6.46305617873812,0.36894858281654686,0.1393769614595437,-2.8700289278457674,0.009661552536723711,-0.6331601820749984,5.498648538196859,-1.02349779089309,-0.16486494182964995,-8.894777983298981,-0.5898978173247549,5.515700222080927,-0.19798534391028308,1.0069348532611442,-0.30628897896226914,0.5579267613685521,2.9473778303064493,4.4983053307981224,0.15465798537914388,-0.5867430599673302,0.013922369312874994,-2.609126324468677,1.9390487516454709,0.05004601547656429,2.0980779263965026,4.40159525495355,9.27029962957165,5.426465947470772,0.7985846543379995,-0.23448000748696152,0.27164738804345345,4.169813572732543
-5.2214242832934215,-16.184553292942027,-9.063797768578228,11.902171161207432,12.206871219750036,5.103037957188221,3.618424359019861,2.7014044461975333,3.2286112767236457,3.7969282267820965,-8.817172310060156,4.875197923373131,-1.392862302498251,-12.325371291895697,-5.500420511376346,5.226519154893912,-6.409148380991503,-6.368081591326855,-2.2505985241983235,-0.10548447453806309,3.7349901105421246,-4.975992746329515,2.9487993946041495,5.429144849957678,-1.0234977908930905,11.855282552147285,-1.8342167605533621,-1.533682303902863,10.341617208692545,8.949181761647283,7.466724113014264,5.695854798837395,2.491389471496755,-5.7202823068070945,6.476721818524665,3.4019641205348266,0.9906306167541071,-0.8821481112273601,-1.3792336352328143,14.31353413448075,-5.367612529559275,4.352840296146009,7.075848531136328,5.078412522361108,6.179969583085276,-7.990894394539053,-8.181043945562628,4.919079741686622,-3.2495804815241165,-0.9999754508117107
-5.992498693390737,-12.035783631385454,-10.58522989172267,10.841825719844419,3.707183308579453,1.898181822652278,2.7872800376404063,10.482858515561912,0.7988517903486545,-5.659583970197964,-8.690320971123224,7.4217199469833055,3.577118991801372,-10.184827824087245,-2.5241583656440767,7.108591971245344,-1.3400048745616833,-5.6457400736008285,1.6460081236765944,2.384716384161905,6.364634553427957,-14.950817450696832,2.5847873709690505,6.710812436569169,-0.16486494182965095,-1.834216760553364,-12.79464817755325,-8.699071909115156,4.728928787635633,2.6240496725830385,6.877932990765235,2.5383385417968034,-1.7205037139345194,1.4563998483470024,-5.034609124765435,-2.315580020790791,0.31512907437427295,-12.10694865583863,-6.929229061050162,1.0868263469250485,-8.958863231062251,3.1997738232491657,8.044579411921273,6.74421523431017,2.476514649741382,-6.950490100531166,-8.330617432206903,-3.0916936029365556,0.9461134024927008,-6.165122499095486
-8.320645842773068,-6.070640596323194,-8.491294085244595,15.254623435704179,1.0211801616153675,10.431444936977686,-0.3585342804948253,6.490482439357793,-0.5806323332275796,-1.3902725155967226,3.547343943006955,3.71231824340497,-5.287383520817789,-0.7685989102014859,-4.260937572413267,2.9838446019656972,6.645683427257298,-1.1392383676798787,-6.244038930544642,1.7015278219963945,2.969270778082554,0.6683517723319157,-0.19802196030851932,1.3515855375068404,-8.894777983298981,-1.5336823039028626,-8.699071909115155,10.208168209785505,7.542128855675124,6.142257493772293,10.35715582769224,5.690586539501841,5.996291516788988,-8.741682733058152,0.5576140732722689,-3.722213499395184,6.76687137136118,-6.850872501599195,2.98519054912428,17.3201686192372,-13.382378845773683,0.7568624670501809,1.55013714399736,9.155796601952211,16.74130324487404,-0.12116293328608851,4.1230410537839655,-2.7879239439585186,6.106126179613791,1.0330664002615
10.890263324706412,4.153865815184576,7.5362652675191555,-10.198060167882396,-12.634186857427157,-7.3821187549273635,-5.13410821476571,-3.329662996452459,5.74747827113573,2.2716137623170503,6.772095022735529,-15.088971526274968,4.891901579144047,8.913126267306417,5.8745786502749056,-1.6543214144684273,1.295808441673881,7.944752609540488,13.938301332508837,-8.432937299419935,7.533778288202931,3.9873613738840645,-1.6426941589754334,0.21186968450862254,-0.5898978173247561,10.341617208692545,4.728928787635633,7.5421288556751245,-5.91374458302272,-11.04409961351256,-8.149736496364913,-6.013356332737368,12.679246284779977,7.1603960925265,-3.0369695589452617,12.02771735487524,-7.34782775248568,5.948521535981357,-7.022268808080211,-9.079059244705016,4.940270589245546,-2.083602085145695,-6.175812936070238,-7.7400233588470355,0.938368021273228,11.57106004086741,-3.211617421134651,-5.291840255201206,-0.37999920605873894,8.70857870347922
0.7366326988018985,13.750244260702846,0.12185837232385358,-8.78112275878465,-4.54168632557303,-5.713870479974402,6.562793469049586,7.9556553678263064,5.426024343468546,12.83407831287061,19.2143302723994,-9.28543747636701,-5.176345589544251,4.267992723607077,1.8251134987013313,-13.37116000364314,-4.88281494747913,6.8782061284406595,-0.9107243025795313,-2.0604252003257404,3.1036085620572393,16.252854999286143,0.3368660952476143,-6.501480943693627,5.515700222080927,8.949181761647283,2.6240496725830385,6.142257493772295,-11.04409961351256,-3.162318842407636,-0.4256479502696535,-5.791915198264902,5.505533203329738,2.5750748032778046,-9.558969850644687,9.376303060385032,-1.2984723111927052,6.943921590332241,-0.6580182091924316,1.8150493362330786,-5.070974992194992,-3.6910369188102106,-5.482933024264249,0.13695282868932684,0.0027245904662030473,6.267334708918369,1.527548245551116,-2.828938175467183,-4.115025196628191,4.681953840881648
18.28751566754043,2.478806861042298,0.7676169086928768,-16.094014723622713,-0.5315528317350535,-10.54689706164082,-4.059966539661356,1.222541928195863,5.3640287489247065,12.511902762019336,-4.810148939571603,-10.1106133752615,-2.2504359845433033,8.676168354712175,0.070740197952878,-15.146395512748867,7.335504216560353,7.252341465761359,3.512056895284572,-9.301805116627815,-1.0337241077591153,8.442244851953465,-1.0340401639214551,-0.9550618476950061,-0.19798534391028264,7.466724113014262,6.877932990765235,10.35715582769224,-8.149736496364913,-0.42564795026965285,-8.658891786465865,-17.19680631378368,-4.077915733137347,4.891773833431588,-5.012588243395664,7.75419729707613,-2.018333913074543,8.382730981085752,8.025490837114083,-4.432010514635338,7.551266918189574,1.0337895900077256,-11.865122891550431,1.4412126294003818,-13.273489248860846,11.965779174761755,-9.631207835239088,-4.725283875297731,7.10982395703158,5.451695372956937
4.847979296969923,-3.0138147706947405,-2.7642233724295266,-2.2753880266719406,-13.155054602126455,-14.506094179214857,-2.1880398142719013,0.11767342106619894,4.2543886854690935,11.329967548722312,5.553231435670444,0.898620702673499,0.42954722161733905,12.803692288383846,-4.5241735766690265,-9.62302680408806,-1.5022723534821973,-0.5318840419440191,1.4889847394202886,-8.523610478508049,5.176729297711231,2.0806787290650535,-1.4593707043361124,3.6425898391885134,1.0069348532611428,5.695854798837395,2.5383385417968043,5.690586539501841,-6.013356332737368,-5.791915198264901,-17.19680631378368,-2.6665247131338328,4.512012594938087,4.679761503837301,-7.017381193159291,1.5818486682022685,2.2373273462498915,7.5465432949752325,-2.1016666360641283,-12.924312568495939,5.577680947576372,1.005252515316517,-1.546236059075096,0.5409521589514168,0.20769345990564594,0.03519931613665078,-0.29089045051786516,5.652261756863883,6.165558258546536,5.564099040263178
-9.282257262437248,-8.79342974198348,0.2597270315158524,11.321866023076456,2.8283975766296217,6.982670468220247,8.880875021932058,8.92739092878452,-6.3556713360747255,-10.794796993647363,-7.299076920269498,7.505882540128951,2.4195912438910616,-1.2123749369270276,-0.5255438756451938,-1.5747834494004707,-1.0827809610334755,-9.378750769542307,-1.0248034884317323,4.700328267334487,-3.520666541708278,-7.452350141771816,2.327604161706924,2.8154943676614064,-0.30628897896226837,2.4913894714967544,-1.7205037139345198,5.996291516788988,12.679246284779975,5.505533203329738,-4.077915733137347,4.512012594938086,5.227652738600316,-5.939241796517545,5.205984887197944,-12.564223182563193,-3.467816020295716,-13.886376855554493,-6.644247910624522,0.2219294898860203,-5.7098413653339035,-0.10630472130661506,14.693893354382466,11.656816417289614,5.962805093300548,-12.663466227583523,0.1333346722336271,-0.8863888571730634,-1.6196242495908475,-2.4004260478248707
4.534828999296343,1.9660279492699206,2.278003300469953,4.606951989844529,14.910852334918973,13.761213674636604,4.086376949268857,9.240393335042032,-6.7515882291951534,2.4527562885423224,-7.448117908562175,0.1727464799182026,5.08357158577657,-9.192329645826172,-2.479708495401443,3.422990526214096,-0.47023844991671915,2.798663145071823,-8.040143490791982,-0.6857606601241351,5.3050052025462,-4.017668610085848,-0.32675891907425314,-2.7017012563943212,0.5579267613685512,-5.7202823068070945,1.456399848347003,-8.741682733058152,7.160396092526499,2.575074803277804,4.891773833431588,4.679761503837301,-5.939241796517544,4.357468278565607,-2.519386386633358,-6.2010835131041695,2.272238805658517,-2.46198298848096,5.549391045225741,0.5288814872983908,-1.8952103941202174,8.133488507194295,5.290096789721364,15.490405180007466,14.710480825845949,-7.801971976031091,4.283727173909168,4.825733455250158,2.3754374006147123,-10.083508616265291
7.3596111099058055,3.9752090755522653,-2.763168485776868,-11.306498919802511,-2.154265451684534,-9.389856178937611,-3.9494406545760863,-7.591042441409206,10.562553593472625,2.909254085776991,4.935015385188827,-4.389166999351511,1.1598953185376177,0.6277424078240286,4.280005245484168,-9.412311154642781,4.6683879818084,-1.233402699354289,10.690418061533968,-7.7905424539846,4.310572550734093,-10.065152736919694,0.5663056132869402,7.984683458614215,2.947377830306449,6.476721818524665,-5.034609124765437,0.5576140732722688,-3.0369695589452617,-9.558969850644687,-5.012588243395664,-7.017381193159292,5.205984887197945,-2.5193863866333595,-3.7350698958970288,4.580406730745865,-2.987056401367557,-6.469480146065859,2.7752121748071623,-3.2635251989361516,15.703189848154015,1.2161220693029513,-0.331075161777433,-6.672067924942647,3.059517394327139,4.9382037600790065,-6.893114707807133,2.356887845741237,9.480454321776168,0.3571660684963536
-8.079351413816255,-17.565922370943845,-12.833667790285514,11.171153613893395,6.849690701986775,-0.027002942452251877,-3.0172051672126243,10.466844789295184,0.7779896033367193,2.2791444821154783,-13.310898886123203,11.210161234535462,-1.9889904263471037,-9.711236345156424,-7.9432710597875,-1.5533280937425031,-9.050185605118328,-14.864542937866467,-9.520149464068885,4.11680334939857,-10.134851027709285,-1.0977481655832948,-5.212084504609286,-4.828590054194874,4.498305330798123,3.4019641205348266,-2.315580020790792,-3.722213499395183,12.02771735487524,9.376303060385032,7.75419729707613,1.581848668202269,-12.564223182563193,-6.20108351310417,4.580406730745865,10.406699741502802,0.7744079791397465,0.26795394419775465,3.6782619181617084,4.416395123105062,0.15603725259526943,5.965965731098028,3.0760470832202547,5.350258504166105,10.037806427116912,-6.561909563830169,3.450708570645401,-7.308673832310295,4.261328160824077,-1.5190842441544339
-5.68858609887993,5.569459566051901,5.872083907322097,-0.8606312491587491,2.3561067634635675,-5.691926762261508,-0.06048157599887083,-3.3658416881010913,1.085224907818287,-2.144007362941632,6.51611928023783,2.5910940780758946,-0.11694956648981059,8.133686405706207,-1.4906072228612453,-5.125864277992846,-0.04529963173870155,1.2857930970710683,-2.1265641158933275,0.4165649044556561,0.023031595676471506,6.505589185289424,0.077803629330434,-0.2851838742005845,0.15465798537914321,0.9906306167541072,0.3151290743742734,6.76687137136118,-7.3478277524856805,-1.2984723111927052,-2.0183339130745415,2.237327346249892,-3.467816020295716,2.272238805658518,-2.987056401367557,0.7744079791397456,6.094276183210471,3.7630852975131805,-0.6502316332129294,1.4883073626114955,-0.6834044094894973,-0.00018355420199245298,4.139538654054203,-1.586247307570476,3.7485749094950385,1.4561728529992153,0.20285729540248454,0.37895128821342017,0.5694580849080829,0.9785778437738285
-10.488379775705054,0.9104315835450758,-6.4568818864917565,10.199835411125882,4.413358283812532,9.549919577201747,0.7226003470327889,15.772920359465843,-4.191840731067915,-6.4984224616550295,2.347548921093472,-1.4661259137290485,2.557097619285434,-14.473099441435364,-2.3942012170775255,9.047159960237904,-7.471677619642705,-2.739244325770822,-5.054990422973068,6.7452283255082985,4.262469695702109,-4.7157213354456875,2.935298465479338,-4.364235170723957,-0.586743059967331,-0.8821481112273606,-12.10694865583863,-6.850872501599195,5.948521535981355,6.943921590332241,8.382730981085754,7.546543294975233,-13.88637685555449,-2.4619829884809596,-6.469480146065858,0.26795394419775376,3.76308529751318,-1.8260949927812966,-2.3717778282348374,-4.083998956106596,-7.629203516376338,7.553872091681735,8.611403251773908,12.181170003606038,-4.916589548415858,-2.789087627325542,2.600665983825032,-4.639201884065154,-1.0787923950915232,2.672534910783556
-0.9690395433420826,9.254687114480795,0.9286389787632809,-6.08886998873918,3.933617742596364,-3.8554039022184967,-0.665560177647704,2.098979488726984,5.851273280331868,0.970060716596091,-7.6556269657371185,-5.054168517371305,0.43169639145585686,2.4092965868914265,-0.07099375021210275,-0.0538962397232165,-0.10500666543586235,0.16354708658433437,9.543279614998971,-0.46250125143166754,0.27894951986551186,-3.707238298471552,-0.05127985630716328,0.6934671975959088,0.01392236931287473,-1.3792336352328145,-6.929229061050163,2.9851905491242805,-7.022268808080211,-0.6580182091924323,8.025490837114083,-2.1016666360641287,-6.644247910624522,5.549391045225741,2.775212174807163,3.6782619181617093,-0.6502316332129301,-2.371777828234837,6.024973303786932,6.152511150330094,-0.03068282087195695,-1.1237845125006687,-5.743781476874496,-1.3084832784746165,-4.125966566285642,6.505314160397812,0.5140446572792714,-0.36413755602785775,-0.789567151962377,-0.4323474742814232
-5.747423633580128,7.451832539158223,-3.967556553572547,-3.757961660995112,-4.721433320008197,2.7676891871697338,6.9032238436995454,1.068885926967457,-1.7542216657138696,13.304466761658533,5.973510976910731,-4.9023425051369305,-3.867799203507679,5.988134969948431,8.117864647239966,-8.70437983914049,-0.185440153536798,-2.666367567362318,9.829290760007327,3.8290242347194976,3.7442838433085566,12.985836833968744,-4.393651183677191,-3.6674982397592224,-2.6091263244686784,14.31353413448075,1.0868263469250476,17.320168619237197,-9.079059244705016,1.8150493362330786,-4.432010514635339,-12.924312568495939,0.22192948988601952,0.5288814872983894,-3.2635251989361533,4.416395123105062,1.4883073626114958,-4.083998956106598,6.152511150330093,0.08945762281875069,0.9443523771891378,-7.097040896122357,-0.10878201426625767,-0.07770023887157684,2.924876671116029,5.222922815254897,2.2921727198967625,4.586371651991927,6.579487377734102,13.05286218892402
-6.573682279236399,-10.491827983274234,-4.580221827149755,1.4937986507906316,-3.330982763759134,8.273216215280913,-4.3295576183076925,6.462460113627223,-13.48547913287266,2.761350456506662,-3.844473321633605,7.035163487239824,9.455867339127304,-18.18512054558532,6.3738692075631285,-1.9145648868262017,-0.8357294360839311,-3.8399918484138054,-7.003068604700464,-3.616681540900115,-2.4865684268207717,2.1946837630531126,-1.6011661346463937,9.619374659054497,1.9390487516454726,-5.367612529559274,-8.958863231062251,-13.382378845773683,4.9402705892455465,-5.0709749921949925,7.551266918189574,5.577680947576372,-5.709841365333903,-1.8952103941202176,15.703189848154015,0.156037252595269,-0.6834044094894982,-7.6292035163763385,-0.030682820871957533,0.9443523771891386,-4.7618665761897,-0.44665417213950764,12.222852826674705,6.354882564421531,-0.9567144887007806,-10.426562462573331,4.085040211641647,1.596221135239912,0.8869336537434105,-7.033018409454747
3.826622889874833,-0.5640826637610158,-3.655224198508538,-7.424676283785533,-0.16333974907813564,-3.9319466816629602,0.44459670969220455,3.6205912507001727,-4.327217897099763,1.9264522402983901,-4.018682400061944,-0.7903232810866219,-0.35335821367626713,0.9650735493189907,-3.0573959122234915,5.567205628576544,0.36551838522373964,-0.6173194268990465,0.9223093740946614,-0.19807668985222038,-0.2266764828356238,-2.007180773624808,-0.20711914343509297,-0.2324713545677164,0.0500460154765649,4.352840296146009,3.199773823249166,0.7568624670501807,-2.083602085145694,-3.691036918810211,1.0337895900077259,1.005252515316517,-0.10630472130661528,8.133488507194295,1.2161220693029509,5.965965731098027,-0.00018355420199345218,7.553872091681734,-1.1237845125006685,-7.097040896122355,-0.44665417213950653,6.821898596940561,2.5033756817630812,4.70483837764097,-2.2274254275277237,-3.4902900136354873,-0.19296781674424324,0.44978097735296574,0.11354898342457531,4.159526333889769
10.960860381034392,2.154208300150858,2.1163592610995208,2.1882876160735343,-4.305992265068523,-2.1834482273568065,-2.057803913583961,-8.096478325281796,0.44454134084070296,-4.75604893885646,0.677892557120838,-7.819092340175,5.490938474054592,11.76143238272027,1.675576958120034,-8.987041264479618,6.542993290118355,0.8024373593366023,0.6929454255784536,1.7195537254565525,-8.757681002382572,14.933415033012466,8.340361952622036,4.305978214732882,2.0980779263965035,7.075848531136328,8.044579411921273,1.550137143997361,-6.175812936070238,-5.48293302426425,-11.865122891550431,-1.546236059075096,14.693893354382464,5.290096789721364,-0.33107516177743235,3.0760470832202538,4.139538654054203,8.611403251773908,-5.743781476874495,-0.10878201426625694,12.222852826674705,2.50337568176308,-8.85446082147925,-1.8063366810806178,1.465275619938336,12.591067259467017,-4.042035502612811,-1.4932962093905795,-2.1029405226927267,0.7562445125601915
10.569578627678995,16.360479276606174,6.6370242005853095,-5.08488358012111,-8.501110771076313,-5.249396124006487,4.794385445391644,-8.796367892397058,6.636879412503216,6.247344794726296,2.5562936573569184,-3.7609264273677914,4.941129158225691,6.981104284246674,5.527157451871138,-3.034439830982265,-9.186826237245477,2.643741657567503,6.3333019265187085,-1.8683528233318558,0.32632146704401865,4.300421501000156,-0.7748589010287901,-4.637804177382446,4.401595254953551,5.078412522361108,6.744215234310171,9.155796601952211,-7.7400233588470355,0.13695282868932682,1.4412126294003818,0.5409521589514158,11.656816417289614,15.490405180007466,-6.672067924942646,5.350258504166105,-1.5862473075704755,12.18117000360604,-1.3084832784746163,-0.0777002388715769,6.354882564421531,4.70483837764097,-1.8063366810806183,-1.9806828869557478,-5.224388622628944,8.151115956456204,1.2439284177229961,1.5352778143132775,-4.997302530682712,0.23854399226562972
6.708366108396186,7.685951328062364,2.494252315320457,0.1013751730715613,-6.231381271694918,-9.488726562915776,-6.673910247716753,-11.34218009944769,10.199800220297288,-2.7739705191100303,11.70156767772712,-6.051420105363473,-1.2004657970813442,3.624698712997552,5.711219480311249,-3.7161158868889523,7.468167814264932,4.228183115378354,6.546502984022002,2.007230084260348,-1.312221262649433,-7.3190598022481765,3.3781275799706894,6.973263889321026,9.270299629571651,6.179969583085276,2.476514649741382,16.74130324487404,0.9383680212732279,0.002724590466203436,-13.273489248860848,0.20769345990564614,5.962805093300548,14.710480825845949,3.05951739432714,10.037806427116912,3.748574909495038,-4.916589548415858,-4.125966566285642,2.9248766711160274,-0.9567144887007806,-2.227425427527723,1.4652756199383363,-5.224388622628945,3.6672050362660125,8.697771354575442,-6.019936069305759,2.2989969087010818,3.3958461918112675,10.022968259936615
1.9502653044879363,3.9741248771865467,-3.3299939797565563,-3.3739618684523185,6.215822638428447,2.791320912636711,5.860010002239122,-2.3128761748141016,-9.574050556930125,-9.578130980695075,-8.378599630633579,-1.4144748833190017,-6.997977673880183,-5.703137667144804,-1.0807376394438704,9.738975211486828,6.240109946940155,-1.4671721940216798,-6.020355222589874,-4.288565800731439,-4.794230611246409,-6.736725599672012,6.883394660322949,-2.1615930300646458,5.426465947470772,-7.990894394539054,-6.950490100531167,-0.12116293328608913,11.57106004086741,6.267334708918369,11.965779174761755,0.03519931613665139,-12.663466227583521,-7.8019719760310915,4.938203760079008,-6.561909563830169,1.4561728529992157,-2.789087627325541,6.505314160397812,5.222922815254897,-10.42656246257333,-3.4902900136354864,12.591067259467017,8.151115956456204,8.697771354575442,8.23202431412101,-1.7137853248243282,-3.8659772213402546,3.6776683713356095,-19.03255531595719
4.565122836436249,2.252834413402633,1.6844350572151778,-6.2452397807756235,-1.2947612675356557,5.525172320522772,0.05626409187160908,-3.149063303125249,-7.870345190965632,2.3530822083751057,-0.8421492231425143,1.3533450697483187,0.44640577917879765,-1.8128993982369848,4.099470549343149,-5.754871823114048,0.06848489267858793,4.223881761244679,2.5105349317084746,-0.01711349046431221,-0.06234162952963557,-0.5910975141412822,0.21433112838325227,-0.7266228081161032,0.798584654337999,-8.181043945562628,-8.330617432206902,4.1230410537839655,-3.211617421134651,1.5275482455511158,-9.631207835239088,-0.29089045051786505,0.13333467223362624,4.283727173909169,-6.893114707807133,3.4507085706454017,0.2028572954024849,2.600665983825032,0.5140446572792723,2.292172719896761,4.085040211641646,-0.19296781674424301,-4.042035502612812,1.2439284177229961,-6.019936069305759,-1.713785324824328,5.8041072739882456,-0.29432434616529524,0.32141733321498633,3.281386751888612
5.6559003377276555,-4.839350545518988,7.785585123431817,-6.058621972607985,3.4132242725449102,8.895812805404406,-0.05977117039465796,8.177505870524051,2.988423196496333,-5.344069491899724,-2.8797825788756444,-6.3582229293357,-0.21113430248624931,5.466610403488026,0.3467897622286428,-0.38560308664574516,0.6079684955085849,-4.716504316535518,-7.325238672003221,-0.0952565251854457,0.02545313177856945,-0.6282709409688201,-0.5479721694546398,-0.4909666430653985,-0.234480007486961,4.919079741686622,-3.091693602936555,-2.787923943958519,-5.2918402552012065,-2.8289381754671816,-4.72528387529773,5.652261756863883,-0.8863888571730638,4.82573345525016,2.356887845741238,-7.308673832310296,0.3789512882134209,-4.639201884065155,-0.36413755602785647,4.586371651991929,1.5962211352399114,0.44978097735296485,-1.4932962093905795,1.5352778143132766,2.2989969087010818,-3.865977221340254,-0.2943243461652952,5.733979427865414,0.32268843415066484,-1.3146278283191974
-1.294302487776918,-5.369248543923574,0.23417119410673193,7.655591084849577,4.358877454707923,2.833265687507862,-0.45231451450005083,2.2620211208413807,0.2152809250977873,2.276758351339925,-1.7906637235593208,6.101099799460219,-0.16130383862613984,2.522391793893494,-1.6078420271961278,3.621113972086118,-0.591349060085916,-2.1762065232618006,-0.08794494039791212,0.17362360619352524,-0.016528503514288806,-0.7668345488675015,-0.13911932721023867,-0.32406588523101676,0.271647388043454,-3.2495804815241147,0.9461134024927009,6.106126179613792,-0.37999920605873916,-4.115025196628191,7.10982395703158,6.165558258546536,-1.6196242495908493,2.375437400614712,9.480454321776168,4.261328160824078,0.5694580849080819,-1.0787923950915235,-0.7895671519623768,6.579487377734102,0.8869336537434089,0.11354898342457445,-2.1029405226927267,-4.997302530682712,3.395846191811268,3.677668371335609,0.3214173332149872,0.32268843415066417,6.397088079617756,-0.7095372431239118
-0.21299786027577672,-1.8190094648804982,-7.992098548103225,0.871530189185407,2.2587007478213406,0.3649362953529024,1.7173138082935817,0.3126037816711503,-4.370867206421526,-7.148355463129495,-1.5938524156759966,-1.0218317482555683,7.803127847224982,-15.213110481250991,0.3978060712159615,16.425520216459212,-1.3790773443442081,-5.382914202364248,-7.963097705654165,5.100645468445126,1.6852941958278855,-3.0232813662895137,-7.6993046245396375,-2.9361416423658713,4.169813572732542,-0.9999754508117107,-6.165122499095486,1.0330664002615004,8.70857870347922,4.681953840881647,5.451695372956936,5.564099040263177,-2.40042604782487,-10.083508616265291,0.3571660684963531,-1.5190842441544339,0.9785778437738275,2.672534910783555,-0.4323474742814238,13.052862188924019,-7.033018409454747,4.159526333889769,0.7562445125601913,0.23854399226562956,10.022968259936615,-19.03255531595719,3.281386751888612,-1.3146278283191972,-0.7095372431239108,16.743082812656723
