n
50
c
158.7560964642898 -171.26661624571335 -186.12903574305966 -16.11669008469891 -40.330469445187305 -159.55364714855685 -221.21744159041964 145.61444633168736 121.57175177461339 -167.60279574697017 -23.797666357145093 -176.69364542449352 -208.71263309196252 138.98916092239702 -4.256689203348642 122.88918738823894 149.059172690437 -153.4962503801786 11.565063314096832 -198.70374270028404 -8.772645891699991 10.96361252962883 -193.85472445704332 159.4756071452587 -167.1964942398348 -131.92859800119425 130.20507690717906 -22.32490514356848 -0.4976168902364604 -146.32183855954486 15.932725169424543 17.46937795984565 -18.658424115761775 157.0228210701937 145.82834524526572 -164.70458047541925 164.39956381613902 -20.814621077444322 232.98283766102398 -172.6962069470606 -168.15341815517172 -24.79669813143852 -158.94258522170225 -18.574239421276186 127.38491683105964 -176.33952667043079 184.13780474140648 -186.91647070711278 9.405524377876556 -8.598610731734636
Q
-5.407603366683611,2.455733311269828,7.639724372238346,-9.036927766131521,6.038672273104499,11.327663958680354,3.6359838477978466,-12.688152628545819,-6.412871807805581,8.659072254747475,1.9407190621634869,-5.285896449781286,10.152994313839862,5.169635785940314,-3.8256612666361978,1.6863797341918054,0.968884213320022,3.404771184631437,-3.065756065030032,10.256571230245711,-1.111231547332589,2.622846043169739,10.527358167028689,2.6740792584207256,9.061242934484538,-8.7705427136994,-8.523075612877314,-7.477709137484248,-5.108423101376055,10.067682036657477,5.0203671649781,0.8265574348108663,-0.9465869102389314,-9.749918826378481,-2.4456663473963687,7.387386060665566,-17.467135760432964,8.680495086249621,-3.7461227097035383,3.2807726484439095,-2.4213490475856103,3.661113455905799,10.439783482231201,-4.991202880143472,-16.51933433407456,5.985155379101231,-3.1074094671313475,2.8921405614551903,3.4733649581672172,-0.9673049791749846
2.455733311269828,9.841429230416121,-12.610846506273534,1.6851937146137013,2.399332642483466,-0.9206405525801481,-4.609351013703452,10.95771636500104,5.66461207500273,-10.967447555397356,7.017024277322665,-9.057061084015613,2.767509340894318,1.8081195763247728,8.168946956355288,0.051860576613682347,2.4579796222144403,0.7246317985568065,7.716948168173102,-8.267816416839194,1.0240860169722161,-0.37325769847453494,3.5929066727590904,6.430393038509875,-0.6392527110952693,0.9606094391806973,3.421199351272282,-0.15445670033863196,6.16797651907676,-8.544841519838672,0.10072536065301163,0.9222613504283441,5.248832235605387,10.7221028409027,6.124922608363754,-2.495810139393553,1.139279731206143,7.571046001030956,3.8430697141216723,-4.894109646527207,-11.15033727304298,-3.6250159322445517,-11.056792644186809,4.499428988752811,3.949272280931642,-3.7731617422865744,4.6305393352768895,-0.5451900753696524,1.2402607495148141,3.988476820221201
7.639724372238347,-12.610846506273534,-1.7755670229817948,3.88347547867189,1.011077044558768,-4.956732329420889,8.126595786521019,10.14317926892413,-0.4083816984995736,2.813498013684635,0.595985220697365,-0.7770197722244231,-1.9794806385106007,12.260301617468562,-6.841664659949639,3.2208159258203217,0.005455596293377218,1.8789109597056064,-3.351787376362367,-2.5179784820997995,9.357126064381752,0.6088559600884141,-8.08373511900963,10.85463839346536,-3.694483176724235,-8.921001665366989,11.709015064628428,1.2129540982624116,2.5927389140550465,-0.9348824186460439,-4.07303180395359,-9.774806049433604,5.336946629516208,-4.062159781910756,5.457289729161184,-16.24655996738677,8.761044738979693,-6.181950011642809,-0.005943419492576485,-4.277754917393628,7.4131611350895135,0.8772160164181054,-7.92159987945199,-8.258951537244906,5.227313415210866,2.848144206732548,0.8700946024710235,-7.216507677325072,5.237387594432931,-1.5923132749858775
-9.036927766131523,1.6851937146137033,3.8834754786718904,6.072979537723312,0.04558205673075877,-2.3298329514833043,2.094204161779384,-6.637565603810771,3.0568780013447574,0.7856006084363969,-0.10949242317196023,3.7419523456611463,-1.7440164174114814,6.240959087131063,0.38763939690428484,-5.219545535133361,3.6139807235704033,3.192122785350495,0.4118583872148496,4.610828563109169,0.7111318026938372,0.0431691699763215,2.300723988264579,-2.85028709956388,-5.864319495061905,-1.185088345458158,-2.2361963711287016,0.8601862118780421,0.30216015578534444,1.2319452803716566,0.44285673402783776,-0.23850820471018558,0.014390177477284716,2.991557579372969,6.725219307243197,-1.5667016104604041,1.3388752660701737,0.12442868135931562,6.706691605416181,2.687438085939945,3.1790049368023237,-0.8710495417932074,-2.690935570455437,-0.8580214844253782,0.4773325583232842,-1.7164208432339976,-1.675417154646267,1.6254532863615596,-0.3851558836040814,-0.8094598063326784
6.038672273104498,2.399332642483466,1.0110770445587687,0.045582056730759546,5.606371245806778,2.8176089634987904,8.104394897738068,-6.135343792304273,1.2203214036308325,-0.7240566551598275,-0.44450515200798835,-0.9616967425005647,2.3584332087845845,3.741693552477068,-0.8720529431953804,1.7376846348764154,-6.542960265140628,-3.3432861691157587,-0.13210094066692535,-2.6686679740335113,0.10394967317761741,-0.19469308722984713,-1.8033577878475144,-3.332220180410695,7.899078193769608,8.428133402809046,-4.90884112434532,-0.02889863879601673,0.07436061782416145,5.518453388820302,-0.11877216398149915,-0.2610618618035272,0.35811927003672483,-0.10976940187363937,-2.4196540194326066,6.397449229042013,2.470661555351409,0.04675089740920568,2.0470158996323216,8.592176254119568,-8.128125690297354,-0.11198440347289218,3.5992856731100695,0.3234334082613589,3.13633842692794,-0.926966987158287,-0.9590341033989653,-1.300944605109095,0.6584430405697743,0.09997976264396896
11.327663958680354,-0.920640552580148,-4.956732329420889,-2.329832951483304,2.8176089634987913,2.4632164161516563,4.445411115401783,-6.077236201862783,5.884822853403196,-4.529064641977278,0.9455820752080004,-1.070076548146383,0.5816121616017464,-5.799621614300401,-3.396138476722612,6.627402628951627,4.024823220411782,-11.393330419632637,2.5931819273572643,-10.147299298476304,6.1612662016869955,1.3844014099669333,-3.7970026517879605,6.868109849833937,1.1675467689854506,-13.259913153837624,5.881181661976025,1.1416654473274113,3.981898767181093,-7.509059379335546,-0.01236431276564115,-0.3637887214378115,1.9383128166208357,5.481161387327841,-5.623192964761999,-1.672927241884336,3.0758667749606836,8.296061876618081,5.706938495178564,-11.602491722858103,-9.142219484371896,6.405526993535441,1.6282065942907478,-10.708344720708531,8.502019875595346,-3.1904458411217673,6.397387050068413,-6.373941674217401,-2.009572321361288,-8.197239789599966
3.6359838477978466,-4.609351013703451,8.126595786521015,2.0942041617793863,8.104394897738066,4.445411115401785,6.004844691510859,2.4152672493327754,7.847983813685087,-2.7533242183792406,3.3286550457823516,0.7011569233653943,-5.428658697137436,-4.023764156038446,-0.009702551695685069,5.678570944621161,18.405223252315178,-6.69621853496241,7.408419523841568,-3.2616960792925975,-3.2459357771543327,-4.217847823851361,-2.1087499765487956,-1.967303120392795,1.2905608463410267,-0.6637916499793803,10.22209357567931,-3.296395334879505,6.0606584668723364,-5.690859507541489,0.8157037654170727,3.925213332961719,0.5518433467812225,-1.3038215316157893,3.9621194876337364,-7.115587198853436,-0.09411034152195026,3.5949650163728633,-1.9502255634452166,-8.509319296604394,-2.5910296036911102,2.072306602338255,-10.898698558135465,7.212457855659204,5.951912775692533,-3.857813433379147,5.617561738754018,-0.6871501527113808,-4.057128193819876,0.23805850371370263
-12.688152628545819,10.95771636500104,10.143179268924127,-6.637565603810771,-6.135343792304273,-6.077236201862783,2.4152672493327763,-10.774727611849732,-3.2526730311243592,10.558840525377294,3.9861631127445185,11.49913708549472,5.253982415820139,-6.643568525375181,-0.969063970661267,-2.8910745423103785,-0.7926058070859892,16.9789586328393,-5.459171009857349,8.37876528897821,0.16230237309284723,-4.287726594774115,12.014691872965667,-10.355605510679801,-6.575228498376221,8.600718713358265,-12.395681451059904,3.056231222442851,-8.306059158510731,11.421020870612683,-4.772164968893153,-5.016221172777123,-0.06355152567332278,-8.971011508361155,-3.6255510447184047,-0.596243097607504,-8.302244439471833,5.69920978212286,-10.179839962825723,-4.300900379013044,-4.257558708874012,4.139139033417833,5.694036142880889,1.2077957260147736,-5.915205487462055,11.332991330913933,-0.6887843300678533,10.962695725175195,8.534252553567754,-1.3289223721925287
-6.412871807805581,5.664612075002731,-0.4083816984995732,3.0568780013447583,1.220321403630832,5.884822853403197,7.847983813685087,-3.2526730311243597,3.8663055788129537,4.541149322473494,-0.9009629918181434,9.07326074357411,11.697174417397616,-13.016202016979241,-4.556466957999054,2.935669005896139,-3.60928916669943,5.948613847936497,-1.6622577129716107,10.840370594981795,5.862535673790073,-3.039391776272247,9.188939225994742,6.157560559214472,4.157322995614773,9.395440472089994,6.983156652515058,-6.5626292886936906,-2.195971172723358,1.9084760881815648,2.2912261719264704,8.151354471972486,-5.447868816692179,-9.121581514125072,-7.521388184954716,9.798411973234984,-0.6248826859650655,-5.14709451962082,-9.48301153384929,7.125796663590103,8.718952375647557,-3.598988870741903,11.212136724404115,8.687867572436645,8.319739742178026,10.931900872769251,-3.8789567515427725,-1.224090866477891,0.6527889058259093,-0.06495495152312225
8.659072254747475,-10.967447555397358,2.8134980136846357,0.7856006084363976,-0.7240566551598273,-4.529064641977277,-2.75332421837924,10.558840525377295,4.541149322473493,-4.472117813871032,1.4453799922873434,-6.612424364955071,-10.625561630352788,4.0435084347446795,-3.3767068603351382,11.140560897887536,6.94372530629827,-8.684631482879382,-3.7110028716494456,2.8295284118544877,-1.2759188172238556,-0.2505579873201089,-1.5903061968529544,1.7697579342070737,-9.539511492559486,-8.362433911876996,10.564537999949465,4.742050277173228,-2.321616886248364,-7.5436975928192025,1.776060152241054,2.1178691864057786,-0.21255642134313701,10.599396748855087,4.0920717354223495,-2.487746502345525,7.212590515826522,3.269569196271149,5.565575413140467,0.9432908546948079,-10.200306786884294,2.236428663290522,-0.8629711902463386,0.266580325750866,1.0383254842929874,-11.706246239899642,5.011292101872808,-9.486595343678774,-5.950270705483494,4.007563757636405
1.9407190621634869,7.017024277322665,0.5959852206973661,-0.10949242317196028,-0.44450515200798724,0.9455820752080014,3.328655045782351,3.9861631127445176,-0.9009629918181431,1.4453799922873438,5.069597310117999,7.973848159052756,0.3947147411645745,0.24635993521346544,0.18416183950337567,-2.2464604709724516,3.324049366573033,-3.4703348839894557,-0.4151953232229133,1.5571917740076595,-0.35486860828100175,0.006999802346962208,3.8903097977371477,2.094704451722177,2.992180298478697,-5.336784163229926,-2.4007873113547418,-0.5811237693759315,-0.7129821742245621,-8.08246910956298,-0.2773995765609357,-0.23291709507943315,0.19838620570366944,-8.566566848940957,10.205533743393154,0.7792514419186214,-4.010545845893687,0.404843469405623,1.0968845888299141,9.086319509516875,-2.260272880481773,0.2072689359654033,-5.7923784669294545,-0.2314421616619923,9.859528133945695,1.9300058964655964,2.868235912336923,7.883577146645453,0.5767264519396265,-0.46865258084828065
-5.285896449781286,-9.057061084015611,-0.7770197722244228,3.741952345661146,-0.9616967425005643,-1.070076548146383,0.7011569233653943,11.49913708549472,9.073260743574112,-6.6124243649550705,7.973848159052757,-3.82609823173987,2.7501727277288923,9.016573672093589,-2.2996200401170985,6.593238337455133,9.865581807275111,-0.15714126793265715,-4.508995339538709,-0.9549234822199149,-5.61148331438554,0.3373983594229417,-2.4053882362117296,9.727117978721937,-11.301060653030948,-6.499452023780233,2.75976787724363,3.0569794935459553,-4.493596226053081,-2.339467157304842,0.5655307574622693,-7.733187869900957,3.6620405785691084,5.189362025567508,-3.5273122017529523,-5.865370958094043,9.430356106863627,-7.480312030868719,2.1926905550244475,-5.2399114741056705,-4.160901058820872,1.5682523977246559,-0.5107985677201909,-7.912560487558928,10.885338555189856,-9.609632153181074,5.116956318085112,-1.824276959309175,3.755141201260306,2.79608015225575
10.152994313839862,2.767509340894318,-1.979480638510601,-1.7440164174114803,2.3584332087845863,0.5816121616017473,-5.428658697137436,5.253982415820139,11.697174417397614,-10.625561630352788,0.3947147411645746,2.750172727728892,2.0734480835508506,16.57724710367839,4.183765886727289,7.988637366629813,11.871964541929518,-12.583738173793433,0.9407087604487474,-7.065416558143802,3.1033937817107344,8.82513652574093,-5.378660045407244,11.327523559368041,2.5458220446467323,-1.1302289406938653,15.051743610320809,9.240690699281629,0.3372912302109703,-4.681428025095851,-8.952774124407739,3.356282870068869,5.6333648048906575,12.512301399068132,-0.8209698181224416,5.725602561624694,6.44429175168544,2.654300855869237,0.19540658745304862,-4.227062478403753,-8.424062755140971,3.5836806672259143,-6.031053842472831,0.5866159671761073,9.086252635353825,-0.5134304961416221,7.538238629801141,-3.9385918016606665,5.464744425051801,-4.907516205488758
5.169635785940314,1.8081195763247746,12.260301617468562,6.240959087131063,3.741693552477068,-5.799621614300402,-4.023764156038446,-6.643568525375182,-13.016202016979241,4.0435084347446795,0.2463599352134651,9.016573672093589,16.57724710367839,-6.843627914068554,-1.2944673879145823,-3.503918797539799,-3.326692590840436,5.5610799936095034,-0.2424474794249673,12.241655141573892,4.074308839524051,1.604198671089468,4.813826913167642,-3.8505881456604754,9.301876797733824,3.1427660373653636,0.940090646692977,-2.8821216611477842,4.2876674207989325,1.0024237365305937,-8.666423966183789,7.05006561173078,-0.29276731514719756,-6.336694504696604,-7.31565889397713,4.404246760247103,-5.597326449823243,2.849705635143214,-18.397453880161752,5.135616887059862,17.342294590662448,6.24318462306724,3.00250868733666,0.28379928932766874,-15.554945092782617,7.9436720511476615,-7.934872591468726,3.551215005211124,5.664224039885449,3.942758156425339
-3.8256612666361973,8.16894695635529,-6.841664659949639,0.38763939690428284,-0.8720529431953801,-3.3961384767226113,-0.009702551695685763,-0.9690639706612667,-4.556466957999055,-3.3767068603351373,0.18416183950337683,-2.2996200401170985,4.18376588672729,-1.2944673879145818,5.361651374905421,3.5103755593970796,-7.5986588069019545,0.6655524072400532,0.851529410239698,5.533240593894888,0.08351103317033282,-0.09436970492352911,4.191420736048146,-2.0920382017478896,-7.238039545989455,-3.7548553392379174,7.895851672616235,-0.4488291527825784,0.037874277447788096,2.817717089488265,0.5540524637029323,0.10362638445525918,-0.47175324599555246,-1.119523334168238,-5.263342217034274,-2.122034951178535,5.339556487869122,0.4526090831220144,-4.893895255463355,3.0847417191316513,-0.439863234403426,-0.07738413817107659,1.1621752225502644,0.12630014653184707,-1.8901530645610536,-2.3281674052846766,-1.0859000846111613,3.2288060813452586,0.552965209704794,0.19849149344864458
1.686379734191807,0.05186057661368268,3.2208159258203226,-5.219545535133361,1.7376846348764161,6.627402628951627,5.678570944621162,-2.891074542310378,2.9356690058961394,11.140560897887536,-2.246460470972453,6.593238337455134,7.9886373666298125,-3.5039187975397987,3.510375559397079,8.207712569493477,-10.243864540069218,2.2831692189682937,-1.2050547998785976,6.318091289541874,3.1581608186884984,1.5228927709764721,14.39595418010446,5.944971903631949,8.219680122858332,-0.1093697158393303,-1.190972992265677,1.1093750725740423,2.603012983919194,-0.9744537563460721,-3.293305999261973,1.6371955410539856,-6.713542874754298,-7.359079423028959,-9.1972778717735,-0.4809344853460149,3.593280704538227,-1.9329690010939675,1.6684198128407899,9.818654361210077,4.671184697208933,-5.02463307639759,-1.6561907162978913,-0.3293321708971454,-4.620602442100021,3.660607500605246,-6.6666778051922515,4.778538581820927,5.0838161813549325,6.683710333574969
0.9688842133200206,2.4579796222144403,0.005455596293375775,3.6139807235704033,-6.542960265140627,4.024823220411782,18.405223252315178,-0.7926058070859896,-3.609289166699429,6.943725306298269,3.3240493665730333,9.86558180727511,11.871964541929517,-3.3266925908404357,-7.598658806901953,-10.243864540069218,-1.6744577260749036,2.1458513104444625,4.695093197455086,9.344066556142016,-8.588227041220193,-0.8046063267197774,-2.048765686975975,-7.827869477101099,3.474642942000463,3.5742911958779198,-7.408200035543622,7.44789494931214,9.194718562684741,5.4271037749316156,-0.10268549976502411,-8.28712115098534,-7.251178899909009,-13.359134017711936,-0.692799013830877,9.300824551483446,-7.427939747084145,2.165213214108698,8.183478228148779,1.4675882482743177,6.4208779757711385,-2.204576116505929,16.199469553147765,-1.7918445163317656,0.3627925752615062,11.269738919292374,-0.8458708600930804,0.14827082794471777,1.5166505138388575,4.980841781298008
3.404771184631439,0.7246317985568067,1.878910959705608,3.1921227853504943,-3.3432861691157587,-11.393330419632637,-6.696218534962411,16.9789586328393,5.948613847936496,-8.68463148287938,-3.470334883989456,-0.15714126793265648,-12.583738173793433,5.5610799936095034,0.6655524072400527,2.283169218968293,2.145851310444462,-0.2262507908427045,-1.3540891316396557,-9.370094954154888,-7.710539579813135,-0.18209938051554406,-3.9808051692183994,2.383137637895428,-5.591002622120924,-15.38178623388178,7.334474906599581,2.503587675253806,0.9550375981551165,-8.998346093171829,3.288310632792939,6.517519478750897,-3.8445731318443683,4.1049560225055925,2.9840828245122246,-16.695477926910907,-0.6853275748263254,-3.751845119964204,-3.5688964295740084,7.981587444439883,-2.7401708675152596,-5.550219585153995,-10.977362797147748,-3.6416876028705376,5.352423554288627,-2.3809908322932114,-7.549006963411453,-4.88368261338534,-9.912291848776452,1.450340287753567
-3.0657560650300315,7.716948168173103,-3.3517873763623665,0.4118583872148486,-0.13210094066692657,2.593181927357264,7.408419523841569,-5.459171009857349,-1.662257712971611,-3.7110028716494456,-0.41519532322291347,-4.508995339538709,0.9407087604487478,-0.24244747942496736,0.8515294102396983,-1.2050547998785994,4.695093197455087,-1.354089131639654,5.764453705709661,-5.035674155258135,-0.1135828246948396,-0.07981753035367323,-5.241829305921655,-2.9449657810843846,-5.328650104021743,4.9604025886971055,4.318922698257214,-0.5403070569117414,-0.012624749296632598,4.7179112392931355,1.0084542965130683,-0.023447754987863778,0.12881827912390886,2.9115449591440394,2.6838103193552043,-3.2366856811408224,-4.704008297892456,-0.21857358942560823,-0.2482481278269259,-7.513569595442661,0.7791183110207307,-0.15920209062220597,-7.217829127207023,-0.19336590607134774,-4.412993182935955,0.10392859978441704,-7.136821663148752,2.6863554550909337,-0.26269577012210776,-0.35758960837280546
10.256571230245713,-8.267816416839196,-2.5179784820997995,4.610828563109169,-2.6686679740335113,-10.147299298476305,-3.261696079292598,8.37876528897821,10.840370594981795,2.8295284118544877,1.557191774007657,-0.9549234822199147,-7.065416558143804,12.241655141573892,5.533240593894886,6.318091289541874,9.344066556142016,-9.37009495415489,-5.035674155258135,1.1698419427328774,-2.2864308148331647,2.9200462403620047,-3.2750350722675017,3.139810240348799,1.9385816377875056,0.14953071703098142,0.8499780437572124,-9.036430746191154,7.8741134325349025,-13.383417942588956,-9.69296557250879,6.287382830286441,-3.3739801014469135,7.720554677155874,2.76349344641798,-1.9947152173667058,-3.016022222458666,2.6791415439222637,6.183078858342386,-1.7877920965958634,-5.499825203588399,-1.9029301947554869,5.616866867478741,3.4703278517018994,5.241713885085902,0.305389763310846,13.468293937721606,-3.0728310437738076,1.8124062252483875,2.835072485284629
-1.111231547332589,1.024086016972217,9.357126064381752,0.7111318026938368,0.10394967317761727,6.161266201686993,-3.245935777154334,0.1623023730928469,5.862535673790072,-1.2759188172238556,-0.35486860828100175,-5.611483314385539,3.1033937817107344,4.074308839524052,0.08351103317033279,3.158160818688497,-8.588227041220193,-7.710539579813134,-0.11358282469484016,-2.286430814833166,5.863364612741428,0.5730345255636313,-0.5504802700056592,0.6800355727886487,-4.963133141243557,1.4600955374053552,2.4824020376826863,-0.1090807212440984,-0.7978976305176535,3.63058371312806,-0.3449853485291794,0.32923686848367817,-0.5089282487012864,1.6392032905387746,5.710073407039536,8.673317175142794,0.44229727558794263,0.09568275810477705,2.632924683859844,-1.8546205391265962,-5.25628753101317,-0.17312674402053285,1.9787066456489875,0.4982668380313384,-1.581151910988222,6.717995058626158,-1.6988272154413777,-1.5195310341458124,0.6562569797601038,0.17849301715983235
2.6228460431697385,-0.3732576984745348,0.6088559600884137,0.04316916997632195,-0.19469308722984693,1.384401409966934,-4.217847823851361,-4.287726594774116,-3.039391776272246,-0.2505579873201087,0.0069998023469617365,0.3373983594229425,8.82513652574093,1.6041986710894687,-0.09436970492352953,1.5228927709764726,-0.8046063267197773,-0.18209938051554553,-0.07981753035367305,2.9200462403620024,0.57303452556363,4.513556284725527,1.0700553463980844,-0.2371790860082097,-3.8777318192637065,-1.7204898075740405,-8.08255132244867,-0.30245144743286556,0.19366475911536218,6.85202805471854,-0.19909343260675552,-0.2271831158955571,0.15462417601938322,-7.961200754547073,1.3904909586165686,-0.8771149285708819,3.6236885242924455,0.6893755987553616,-6.611680209169152,-10.136625246754623,-6.254232215894084,0.9544486265516954,1.4489399255710662,-0.44128901970278944,0.2276736744137665,-7.054768123728422,6.9235912584309265,-2.9802899764715667,-0.5742052495582424,-0.32769709219544113
10.527358167028689,3.59290667275909,-8.083735119009628,2.300723988264579,-1.8033577878475144,-3.7970026517879596,-2.1087499765487943,12.014691872965665,9.188939225994742,-1.5903061968529548,3.8903097977371472,-2.405388236211728,-5.378660045407245,4.8138269131676426,4.191420736048146,14.39595418010446,-2.0487656869759747,-3.9808051692184003,-5.241829305921655,-3.275035072267502,-0.5504802700056579,1.0700553463980838,-3.78310069598259,12.134144837917479,4.068359285531644,-0.37080132246610886,7.383870351194098,-3.865997348103296,-2.597323875378655,-12.664984011944453,-1.073033228726651,-2.7630328586461284,-2.128850218766953,3.984926935685074,8.881365498790682,-12.538769038588788,11.82709243615296,-2.8186197536694237,11.69621663069472,-6.777427976166694,-5.877598914679994,-3.582112767243811,-8.754039149272367,6.7370756969327035,8.401793264002864,0.6601219281146047,7.288123008282466,-4.796341256851256,-3.543121382009797,7.612958013959285
2.6740792584207247,6.430393038509876,10.854638393465358,-2.8502870995638805,-3.3322201804106943,6.868109849833937,-1.9673031203927964,-10.355605510679801,6.157560559214472,1.7697579342070737,2.0947044517221776,9.727117978721937,11.327523559368043,-3.850588145660476,-2.0920382017478887,5.9449719036319495,-7.827869477101099,2.3831376378954294,-2.9449657810843846,3.1398102403487993,0.6800355727886482,-0.23717908600820925,12.134144837917479,-6.307118397535891,8.20716786250163,-1.2712614054573546,-15.265764689479946,-6.637309614199085,-3.5892214184289926,8.689078290275678,2.558608185445158,-1.3845245310727408,-2.1353418616538806,-10.496318631951265,-5.894065639502286,11.874072637929693,4.646418279437322,0.6418945913931908,-11.047238985331896,2.507874280395517,7.514157169580101,0.5426056553967915,12.234543593218696,1.8250057400852138,-4.722158794371078,-0.19192821085569456,-5.298618606928227,8.762491437196136,-3.1261335743372203,-4.64517430593252
9.061242934484538,-0.6392527110952689,-3.694483176724236,-5.864319495061906,7.899078193769605,1.16754676898545,1.2905608463410256,-6.575228498376221,4.157322995614773,-9.539511492559486,2.992180298478698,-11.301060653030948,2.5458220446467337,9.301876797733824,-7.238039545989454,8.219680122858332,3.474642942000462,-5.591002622120924,-5.328650104021743,1.9385816377875054,-4.963133141243557,-3.8777318192637074,4.068359285531644,8.20716786250163,1.4563651791142531,-8.05947086385224,11.394828547138317,1.8998131826192872,-2.9222096301758502,0.2119122199765597,-0.5704356247497361,3.031827893480206,7.787763186793161,12.75720446599432,10.178498551776444,-10.00332194333721,0.33751079441348775,5.881822451878882,-0.8032031253424299,-3.3483220146555297,-6.906871844328345,4.376143376102986,-2.167880263627607,-2.9411975536893906,5.017618819617686,-12.011757161550394,4.4321379468874,3.11289693877376,-7.7534322914287275,-4.012245605736587
-8.7705427136994,0.960609439180698,-8.921001665366987,-1.185088345458158,8.428133402809044,-13.259913153837624,-0.6637916499793806,8.600718713358265,9.395440472089994,-8.362433911876995,-5.336784163229926,-6.499452023780233,-1.1302289406938655,3.142766037365363,-3.754855339237917,-0.10936971583933064,3.5742911958779193,-15.38178623388178,4.960402588697106,0.14953071703098175,1.4600955374053548,-1.7204898075740405,-0.3708013224661084,-1.2712614054573548,-8.05947086385224,6.178358457096062,9.2017784215646,1.17723166279966,-0.10717997069395113,-2.9431475384873145,-3.0045296723939394,-6.530532653968646,-1.0291343155080837,8.131473906339703,12.486338527628345,-10.743556011560857,15.125975630535978,-4.931804409919212,1.2391401414306393,-6.480540207872425,-8.415812117665572,-5.005110866429067,-2.42781420195052,7.694210309254585,6.037745832525834,-7.095209826607692,8.113371091988704,0.27317023950397834,7.83233438868953,5.862026963377692
-8.523075612877314,3.421199351272283,11.70901506462843,-2.2361963711287003,-4.90884112434532,5.881181661976025,10.22209357567931,-12.395681451059904,6.983156652515056,10.564537999949465,-2.400787311354742,2.7597678772436294,15.051743610320809,0.9400906466929768,7.895851672616233,-1.190972992265678,-7.40820003554362,7.334474906599582,4.318922698257215,0.8499780437572125,2.4824020376826876,-8.08255132244867,7.383870351194097,-15.265764689479948,11.394828547138317,9.2017784215646,-2.128752874121343,6.109480626682108,-1.6867137482711128,5.851727635617414,2.9753090531588233,3.6235164093730177,6.727342683316607,-1.4110860167857797,4.376635384815364,4.0238248709341295,-7.962002582746024,3.6545306812117744,-11.84862626178689,8.209286489165093,10.626850789907428,2.189892978647761,6.712927858852564,3.2057702797951606,-12.521932730481343,5.640223060400524,-9.48904211709984,1.9758771826504775,3.52171911936931,6.46068954150942
-7.477709137484249,-0.15445670033863249,1.2129540982624112,0.8601862118780426,-0.028898638796017062,1.1416654473274117,-3.296395334879505,3.056231222442851,-6.5626292886936906,4.742050277173229,-0.5811237693759312,3.056979493545955,9.240690699281629,-2.8821216611477833,-0.44882915278257857,1.1093750725740414,7.447894949312139,2.503587675253806,-0.5403070569117413,-9.036430746191153,-0.10908072124409829,-0.30245144743286584,-3.8659973481032965,-6.637309614199084,1.8998131826192886,1.17723166279966,6.109480626682108,5.294973459892134,-0.41355851851855285,4.443369976416596,0.18599870716636102,-0.24830513808287602,0.5775743671798743,-5.358887637847748,2.1690628480579752,0.23087489574954612,2.834365685730579,0.20241159239939682,-4.594042720948652,0.30008498540689754,2.7044150633061377,0.40698667455200044,3.081033977381445,0.008754099321959141,-3.493921327789708,4.605494524936541,3.594924606785546,-5.849845684917687,0.6478592839657135,-0.4869270618092143
-5.108423101376054,6.167976519076761,2.592738914055046,0.30216015578534466,0.07436061782415893,3.981898767181092,6.0606584668723364,-8.306059158510731,-2.1959711727233584,-2.321616886248365,-0.7129821742245614,-4.49359622605308,0.33729123021096996,4.2876674207989325,0.03787427744778893,2.603012983919192,9.194718562684741,0.9550375981551157,-0.012624749296631821,7.874113432534902,-0.7978976305176536,0.19366475911536302,-2.5973238753786543,-3.5892214184289926,-2.9222096301758502,-0.10717997069395091,-1.6867137482711128,-0.4135585185185532,5.112989897455735,-4.57128965247144,-0.0854426574440616,0.6655047275013919,-0.14986766447042887,4.760666232978316,3.531093287881724,-0.11478603337963678,3.3982493440037906,0.11481267060167322,4.027763325286981,-8.944362089275733,3.331483414763321,0.33836043307856034,-0.08342446956924293,-0.1826376357209918,7.3782157998226685,-3.7276889544828697,5.433020597244494,-5.306697285660708,-0.20770180125723836,0.5698901425314196
10.067682036657477,-8.544841519838672,-0.9348824186460438,1.2319452803716557,5.518453388820301,-7.509059379335546,-5.690859507541489,11.421020870612683,1.9084760881815643,-7.5436975928192025,-8.082469109562982,-2.3394671573048416,-4.68142802509585,1.0024237365305932,2.8177170894882653,-0.9744537563460722,5.427103774931616,-8.998346093171829,4.7179112392931355,-13.383417942588958,3.6305837131280585,6.85202805471854,-12.664984011944451,8.689078290275678,0.21191221997656018,-2.943147538487315,5.851727635617415,4.443369976416597,-4.571289652471439,-5.101687206116406,1.3102627141575414,0.6590052259153001,-0.9325334585649114,14.977866143042217,7.898448802791072,-3.4317073314792443,9.78906570567062,-3.757644204014505,-4.069405067235642,-6.587782407826937,3.067746357028808,-1.2864124929976268,-6.82286657426849,1.4304424240161253,-6.123895540466925,-8.678874725589996,1.2966267160014442,-4.22709803082516,-10.482200845265217,2.2782640780897436
5.0203671649781,0.10072536065301159,-4.073031803953591,0.4428567340278373,-0.11877216398149892,-0.012364312765641365,0.8157037654170741,-4.772164968893153,2.291226171926469,1.7760601522410533,-0.2773995765609353,0.5655307574622689,-8.952774124407737,-8.666423966183789,0.5540524637029318,-3.2933059992619738,-0.10268549976502217,3.288310632792939,1.0084542965130678,-9.692965572508788,-0.3449853485291807,-0.19909343260675527,-1.0730332287266513,2.5586081854451574,-0.5704356247497355,-3.0045296723939408,2.9753090531588224,0.18599870716636102,-0.08544265744406226,1.3102627141575411,5.758516141786997,-0.22393490636036395,-0.6198247666296699,3.541593392413678,6.0693166180274485,-8.18151527294025,8.147146615108761,-1.0531083402962926,0.6810038623584654,1.2488705568202267,1.2033736219418247,0.07280043126486513,-0.4939679978012357,0.6033633276728503,-7.96190820795395,6.477387344554083,-6.901705319841426,-1.3106382368305352,0.41210757023186717,-0.28255093114612795
0.8265574348108659,0.9222613504283442,-9.774806049433604,-0.23850820471018597,-0.26106186180352864,-0.36378872143781066,3.925213332961718,-5.016221172777124,8.151354471972486,2.1178691864057795,-0.23291709507943326,-7.733187869900956,3.3562828700688696,7.050065611730779,0.10362638445525954,1.6371955410539847,-8.28712115098534,6.517519478750898,-0.023447754987862862,6.2873828302864405,0.32923686848367906,-0.22718311589555715,-2.763032858646129,-1.38452453107274,3.031827893480205,-6.530532653968647,3.6235164093730177,-0.2483051380828762,0.6655047275013921,0.659005225915301,-0.22393490636036395,5.964985391875922,-0.4389494507487469,0.3053334566999384,4.448098757564245,-4.326128871404616,2.1563144112381925,-1.0228587929580608,-5.960207985302493,1.6057833556044854,-5.797169751683317,0.9294384355556966,5.435586994665599,0.16423192406339931,9.468985540247765,-5.972501311601801,0.12685463625964655,-8.333142443659113,-0.5090386137885421,0.29742220910134454
-0.9465869102389319,5.248832235605386,5.336946629516207,0.014390177477285215,0.35811927003672517,1.9383128166208352,0.5518433467812232,-0.0635515256733239,-5.4478688166921785,-0.21255642134313757,0.1983862057036696,3.662040578569108,5.633364804890656,-0.2927673151471981,-0.471753245995553,-6.7135428747543,-7.251178899909008,-3.8445731318443683,0.12881827912390897,-3.3739801014469135,-0.5089282487012857,0.15462417601938416,-2.128850218766954,-2.13534186165388,7.787763186793162,-1.0291343155080839,6.727342683316607,0.5775743671798741,-0.14986766447042874,-0.9325334585649114,-0.6198247666296721,-0.43894945074874736,4.270446687714172,-0.9631618230886809,2.0407208583347605,-7.068328981381066,3.1408312751705276,-0.08910042222644918,9.003705792343437,4.2799494661855695,-0.5435995619779577,-0.09726244022745462,-0.49759534626337265,-0.39274263050373415,-0.7494760840022696,-1.3114278670372663,-1.9664182849746772,3.621099279213086,-0.2952652225397704,0.21573894196328974
-9.749918826378483,10.722102840902698,-4.062159781910757,2.9915575793729694,-0.10976940187363882,5.48116138732784,-1.3038215316157897,-8.971011508361157,-9.121581514125072,10.599396748855085,-8.566566848940957,5.189362025567508,12.512301399068132,-6.336694504696604,-1.1195233341682387,-7.359079423028959,-13.359134017711936,4.1049560225055925,2.91154495914404,7.720554677155875,1.6392032905387746,-7.961200754547072,3.9849269356850736,-10.496318631951265,12.757204465994318,8.131473906339703,-1.4110860167857786,-5.358887637847748,4.760666232978315,14.977866143042217,3.541593392413678,0.3053334566999386,-0.9631618230886803,-7.197477617893968,-11.070176073778253,11.623026484038933,-3.8899980497880917,3.207288452165793,2.940525106201844,12.768279829043005,8.395555684453017,3.5677107327359563,-4.266615552846995,-2.538317384213377,-4.843289035960462,6.415942567512993,-15.842424974573392,8.280641667336011,-3.1775327181031168,-0.7488581948130771
-2.4456663473963687,6.124922608363754,5.457289729161185,6.725219307243197,-2.419654019432607,-5.623192964762,3.9621194876337364,-3.6255510447184056,-7.521388184954718,4.0920717354223495,10.205533743393156,-3.5273122017529532,-0.8209698181224414,-7.315658893977129,-5.263342217034274,-9.1972778717735,-0.6927990138308775,2.9840828245122255,2.6838103193552043,2.76349344641798,5.710073407039537,1.3904909586165688,8.881365498790682,-5.894065639502287,10.178498551776444,12.486338527628346,4.376635384815364,2.1690628480579743,3.531093287881725,7.898448802791072,6.0693166180274485,4.448098757564245,2.04072085833476,-11.070176073778253,13.348317698923633,7.753013314031979,-2.908027113996691,-7.530319553775406,-4.688606818428431,3.6287228566073852,-0.3885091469063926,-4.865083387098417,11.864415289862103,2.7235817256936334,-6.027436632935178,-2.5869981632046386,-10.140438056586335,-0.058498650411196396,-2.0410381993043876,2.3621175932594727
7.387386060665565,-2.495810139393554,-16.24655996738677,-1.5667016104604055,6.397449229042014,-1.672927241884336,-7.115587198853436,-0.5962430976075047,9.798411973234986,-2.487746502345526,0.7792514419186205,-5.865370958094043,5.725602561624695,4.404246760247103,-2.122034951178535,-0.480934485346016,9.300824551483446,-16.695477926910907,-3.236685681140822,-1.9947152173667058,8.673317175142794,-0.8771149285708832,-12.538769038588788,11.874072637929693,-10.00332194333721,-10.743556011560857,4.02382487093413,0.23087489574954706,-0.114786033379637,-3.4317073314792443,-8.18151527294025,-4.326128871404616,-7.0683289813810655,11.623026484038935,7.753013314031979,-10.9691374691426,3.436898931342636,-2.7881466144581704,-5.159908982091255,-7.507629250832364,-10.687591008607592,7.485809946972337,-7.255527075591775,4.638086397987353,11.556365397918672,-3.0301857648145205,1.6124505485528462,3.646178021860327,8.787595958593958,-0.9539130439734105
-17.467135760432964,1.1392797312061433,8.761044738979695,1.3388752660701742,2.4706615553514113,3.0758667749606827,-0.0941103415219508,-8.302244439471835,-0.6248826859650662,7.212590515826523,-4.010545845893687,9.430356106863627,6.44429175168544,-5.597326449823243,5.339556487869122,3.5932807045382273,-7.427939747084146,-0.6853275748263252,-4.704008297892456,-3.0160222224586675,0.44229727558794263,3.6236885242924446,11.82709243615296,4.646418279437322,0.3375107944134874,15.125975630535978,-7.962002582746024,2.8343656857305786,3.398249344003791,9.78906570567062,8.147146615108761,2.156314411238193,3.1408312751705267,-3.8899980497880913,-2.908027113996691,3.436898931342636,-13.476322718404088,-2.166208029329233,-3.9333627501562622,6.8539685695374635,5.991539721849218,2.322181653776365,12.776836910786873,-3.9996882808803287,-3.9352853620684454,2.4166205228242146,-5.396752352873254,13.791588925583047,-3.6968623600203463,1.1556853964794722
8.680495086249621,7.571046001030957,-6.18195001164281,0.1244286813593165,0.04675089740920524,8.296061876618081,3.5949650163728646,5.699209782122859,-5.147094519620819,3.269569196271148,0.404843469405622,-7.480312030868719,2.654300855869236,2.8497056351432146,0.45260908312201475,-1.9329690010939684,2.165213214108699,-3.7518451199642042,-0.21857358942560845,2.679141543922264,0.09568275810477789,0.6893755987553625,-2.8186197536694237,0.6418945913931908,5.8818224518788815,-4.931804409919212,3.6545306812117735,0.2024115923993971,0.1148126706016725,-3.757644204014505,-1.053108340296292,-1.0228587929580604,-0.08910042222644993,3.2072884521657925,-7.530319553775406,-2.78814661445817,-2.166208029329233,6.588415677801017,-5.110430604325255,5.811720727461162,8.426967652414136,0.3396250006716075,-0.19043549006322313,-0.16082644707162735,5.472528738521529,5.92167984677735,0.2763279958672892,-2.801249533567615,0.35354978225199796,-0.03060065783601945
-3.7461227097035397,3.8430697141216723,-0.005943419492576929,6.706691605416182,2.047015899632321,5.706938495178563,-1.9502255634452152,-10.179839962825724,-9.483011533849291,5.565575413140467,1.0968845888299141,2.1926905550244475,0.1954065874530464,-18.397453880161756,-4.893895255463354,1.6684198128407903,8.183478228148777,-3.568896429574009,-0.2482481278269255,6.183078858342386,2.632924683859844,-6.611680209169152,11.69621663069472,-11.047238985331896,-0.8032031253424292,1.2391401414306402,-11.848626261786888,-4.594042720948653,4.0277633252869816,-4.069405067235642,0.6810038623584662,-5.9602079853024925,9.003705792343437,2.940525106201844,-4.68860681842843,-5.159908982091255,-3.9333627501562622,-5.110430604325254,0.9740757005796459,1.4379220675828868,1.8021797958728367,0.2256656705345369,9.634917115771598,1.7680740490177032,-7.420763699733663,-4.8199451828035755,-13.102099263392473,10.469687231117089,-2.0842467463404017,-6.669326194928252
3.2807726484439095,-4.894109646527207,-4.277754917393627,2.687438085939945,8.592176254119568,-11.602491722858103,-8.509319296604394,-4.3009003790130445,7.125796663590101,0.9432908546948081,9.086319509516875,-5.239911474105671,-4.227062478403753,5.135616887059861,3.0847417191316517,9.818654361210076,1.4675882482743172,7.981587444439885,-7.51356959544266,-1.7877920965958622,-1.8546205391265969,-10.136625246754623,-6.777427976166695,2.5078742803955176,-3.3483220146555284,-6.480540207872425,8.209286489165093,0.30008498540689843,-8.944362089275733,-6.587782407826938,1.2488705568202279,1.6057833556044856,4.27994946618557,12.768279829043003,3.6287228566073835,-7.507629250832363,6.8539685695374635,5.811720727461161,1.4379220675828872,-9.041957912922639,-14.520667295378168,8.685083469154078,-14.844934964557064,0.6063414688207772,3.9085364305300887,6.073177769197949,-0.5975642346822352,-11.41588937327698,0.4416718985723991,-0.3018271680199287
-2.421349047585611,-11.15033727304298,7.413161135089513,3.1790049368023237,-8.128125690297354,-9.142219484371894,-2.5910296036911107,-4.257558708874013,8.718952375647556,-10.200306786884294,-2.2602728804817724,-4.160901058820873,-8.424062755140971,17.342294590662448,-0.43986323440342723,4.671184697208933,6.4208779757711385,-2.7401708675152596,0.7791183110207296,-5.499825203588398,-5.25628753101317,-6.254232215894083,-5.877598914679993,7.514157169580102,-6.906871844328346,-8.415812117665572,10.626850789907428,2.7044150633061372,3.331483414763319,3.067746357028808,1.2033736219418247,-5.797169751683319,-0.5435995619779578,8.395555684453017,-0.38850914690639315,-10.687591008607592,5.991539721849218,8.426967652414138,1.8021797958728372,-14.520667295378168,-0.5659954286272839,4.114342062965596,-2.0620266256872357,2.761918960449966,-2.2636958187815894,0.4118870099028026,7.756233880316538,5.082436384646243,-0.893756832829398,-2.0243348255669895
3.6611134559057983,-3.625015932244552,0.8772160164181058,-0.8710495417932069,-0.11198440347289251,6.405526993535441,2.072306602338254,4.139139033417833,-3.598988870741901,2.236428663290523,0.20726893596540397,1.5682523977246556,3.583680667225913,6.243184623067239,-0.07738413817107703,-5.02463307639759,-2.20457611650593,-5.550219585153996,-0.15920209062220603,-1.9029301947554869,-0.17312674402053319,0.9544486265516954,-3.5821127672438116,0.5426056553967916,4.376143376102986,-5.005110866429066,2.1898929786477606,0.4069866745519998,0.33836043307856056,-1.2864124929976266,0.07280043126486457,0.9294384355556965,-0.09726244022745512,3.5677107327359563,-4.865083387098417,7.485809946972337,2.3221816537763655,0.33962500067160817,0.2256656705345369,8.685083469154078,4.114342062965597,5.256923187226739,-7.384575377012908,0.21883298955212882,-1.9498402027151338,-0.5436236895685359,-5.390278952851538,8.26947811206608,1.484023817994351,0.24914839432246125
10.4397834822312,-11.056792644186809,-7.92159987945199,-2.690935570455438,3.599285673110071,1.6282065942907469,-10.898698558135465,5.694036142880888,11.212136724404115,-0.8629711902463397,-5.792378466929455,-0.5107985677201912,-6.031053842472831,3.00250868733666,1.162175222550265,-1.6561907162978904,16.199469553147765,-10.977362797147748,-7.217829127207024,5.616866867478742,1.9787066456489875,1.4489399255710658,-8.754039149272366,12.234543593218696,-2.1678802636276067,-2.4278142019505196,6.712927858852564,3.081033977381445,-0.08342446956924277,-6.822866574268491,-0.49396799780123457,5.435586994665599,-0.4975953462633722,-4.266615552846994,11.864415289862103,-7.255527075591776,12.776836910786873,-0.19043549006322238,9.634917115771598,-14.844934964557064,-2.062026625687237,-7.384575377012908,-4.6203197887195895,2.6347607635035555,-2.683675574319349,-7.944443511029791,4.119056299310477,-9.9164211348668,-6.789714131537048,-0.4495637800103349
-4.991202880143472,4.499428988752811,-8.258951537244908,-0.8580214844253801,0.3234334082613589,-10.708344720708531,7.212457855659203,1.2077957260147731,8.687867572436645,0.2665803257508653,-0.23144216166199316,-7.912560487558928,0.5866159671761084,0.28379928932766907,0.12630014653184662,-0.3293321708971456,-1.7918445163317664,-3.6416876028705376,-0.19336590607134774,3.4703278517018994,0.49826683803133887,-0.4412890197027886,6.7370756969327035,1.8250057400852133,-2.9411975536893906,7.694210309254584,3.2057702797951606,0.008754099321959252,-0.18263763572099112,1.430442424016125,0.6033633276728498,0.16423192406339937,-0.3927426305037342,-2.5383173842133764,2.7235817256936334,4.638086397987353,-3.999688280880329,-0.160826447071627,1.768074049017703,0.6063414688207771,2.761918960449965,0.2188329895521287,2.6347607635035546,4.629565915381154,-1.8051004609159258,3.687791206107712,1.5306686700386196,3.0414200344197364,0.10140714856498517,0.5953089973920993
-16.51933433407456,3.949272280931641,5.227313415210865,0.47733255832328303,3.136338426927941,8.502019875595346,5.951912775692533,-5.915205487462055,8.319739742178026,1.038325484292988,9.859528133945695,10.885338555189856,9.086252635353825,-15.554945092782617,-1.8901530645610534,-4.6206024421000205,0.36279257526150666,5.352423554288627,-4.412993182935955,5.241713885085902,-1.5811519109882215,0.22767367441376657,8.401793264002864,-4.722158794371077,5.017618819617685,6.037745832525834,-12.521932730481343,-3.4939213277897077,7.3782157998226685,-6.123895540466925,-7.961908207953951,9.468985540247767,-0.7494760840022698,-4.843289035960462,-6.027436632935178,11.556365397918672,-3.9352853620684445,5.47252873852153,-7.420763699733664,3.908536430530088,-2.26369581878159,-1.9498402027151334,-2.68367557431935,-1.8051004609159242,0.17041366707321526,8.977099541168242,2.9738766376745795,6.968801277341877,5.257518127212757,0.41388492894575124
5.98515537910123,-3.7731617422865744,2.848144206732546,-1.7164208432339965,-0.9269669871582862,-3.190445841121767,-3.8578134333791474,11.332991330913933,10.931900872769251,-11.706246239899643,1.930005896465595,-9.609632153181074,-0.5134304961416207,7.943672051147661,-2.328167405284676,3.660607500605245,11.269738919292374,-2.380990832293212,0.1039285997844166,0.30538976331084555,6.717995058626158,-7.054768123728422,0.6601219281146037,-0.19192821085569445,-12.011757161550392,-7.095209826607693,5.640223060400524,4.605494524936541,-3.72768895448287,-8.678874725589996,6.477387344554083,-5.972501311601801,-1.311427867037266,6.415942567512993,-2.586998163204638,-3.030185764814521,2.4166205228242155,5.921679846777347,-4.819945182803576,6.073177769197949,0.411887009902802,-0.5436236895685356,-7.9444435110297915,3.6877912061077116,8.977099541168242,4.4715227413821665,12.176632622328487,-6.122939427336288,4.77979344258252,-3.3889606226838436
-3.107409467131347,4.6305393352768895,0.8700946024710234,-1.6754171546462668,-0.9590341033989653,6.3973870500684145,5.617561738754019,-0.6887843300678536,-3.878956751542771,5.011292101872807,2.868235912336923,5.116956318085112,7.538238629801141,-7.934872591468725,-1.0859000846111604,-6.666677805192252,-0.8458708600930804,-7.549006963411452,-7.136821663148751,13.468293937721608,-1.6988272154413773,6.9235912584309265,7.288123008282466,-5.298618606928227,4.4321379468874,8.113371091988705,-9.48904211709984,3.594924606785546,5.433020597244494,1.2966267160014449,-6.901705319841425,0.12685463625964657,-1.9664182849746765,-15.84242497457339,-10.140438056586335,1.6124505485528469,-5.396752352873254,0.2763279958672892,-13.102099263392473,-0.5975642346822351,7.756233880316538,-5.390278952851538,4.119056299310478,1.5306686700386205,2.9738766376745795,12.176632622328487,-1.459642060264823,3.5424056166909583,-3.2564333046126874,1.2212535086327518
2.892140561455191,-0.5451900753696521,-7.216507677325072,1.6254532863615598,-1.3009446051090952,-6.373941674217401,-0.6871501527113828,10.962695725175195,-1.2240908664778922,-9.486595343678772,7.883577146645453,-1.824276959309175,-3.9385918016606665,3.5512150052111235,3.2288060813452604,4.7785385818209285,0.14827082794471713,-4.88368261338534,2.686355455090934,-3.0728310437738067,-1.5195310341458121,-2.9802899764715653,-4.796341256851255,8.762491437196136,3.1128969387737597,0.27317023950397784,1.975877182650478,-5.849845684917688,-5.306697285660707,-4.22709803082516,-1.3106382368305352,-8.333142443659113,3.621099279213085,8.280641667336011,-0.05849865041119773,3.646178021860327,13.79158892558305,-2.8012495335676144,10.469687231117089,-11.41588937327698,5.082436384646245,8.26947811206608,-9.9164211348668,3.0414200344197364,6.968801277341877,-6.122939427336289,3.5424056166909583,-11.373367179039858,0.013320123613525192,2.367474296144433
3.473364958167217,1.2402607495148126,5.237387594432932,-0.3851558836040805,0.6584430405697743,-2.0095723213612873,-4.057128193819876,8.534252553567754,0.65278890582591,-5.9502707054834945,0.5767264519396252,3.755141201260306,5.4647444250518005,5.664224039885449,0.5529652097047933,5.0838161813549325,1.5166505138388553,-9.912291848776453,-0.2626957701221069,1.8124062252483868,0.6562569797601044,-0.5742052495582429,-3.5431213820097986,-3.12613357433722,-7.753432291428728,7.83233438868953,3.521719119369311,0.6478592839657136,-0.20770180125723764,-10.482200845265217,0.4121075702318674,-0.5090386137885421,-0.2952652225397707,-3.177532718103117,-2.0410381993043885,8.787595958593958,-3.6968623600203463,0.35354978225199746,-2.0842467463404017,0.44167189857239963,-0.8937568328293992,1.4840238179943506,-6.789714131537049,0.10140714856498523,5.257518127212756,4.7797934425825215,-3.2564333046126857,0.013320123613525359,5.896721016686537,0.6288628832076051
-0.9673049791749851,3.9884768202212006,-1.5923132749858764,-0.8094598063326782,0.09997976264396902,-8.197239789599966,0.23805850371370327,-1.328922372192529,-0.06495495152312158,4.007563757636405,-0.46865258084828065,2.79608015225575,-4.907516205488758,3.942758156425339,0.1984914934486448,6.683710333574969,4.980841781298009,1.4503402877535665,-0.35758960837280496,2.8350724852846287,0.17849301715983196,-0.32769709219544163,7.612958013959285,-4.645174305932521,-4.012245605736586,5.8620269633776925,6.460689541509421,-0.4869270618092124,0.5698901425314192,2.2782640780897423,-0.2825509311461283,0.29742220910134387,0.21573894196329024,-0.7488581948130788,2.362117593259472,-0.9539130439734104,1.1556853964794718,-0.030600657836019063,-6.669326194928252,-0.3018271680199289,-2.0243348255669904,0.24914839432246078,-0.44956378001033587,0.5953089973920982,0.41388492894575113,-3.3889606226838427,1.2212535086327518,2.367474296144434,0.6288628832076056,5.77396642249496
