n
50
c
-21.02560518849363 -202.87319454462477 -12.639708879758327 -158.70717046245446 207.25862340439838 -215.67195761541493 184.33164937400977 -9.19000537101167 -15.882555561251474 182.2641803505788 -17.44957257179584 177.33533141088213 8.95341116896369 -150.09795297814517 19.2831284968497 194.3486512037484 -11.85481877857855 25.085361878796853 18.574384608265746 11.334983227869524 -8.195498124907495 -205.01481430238726 150.87457966243215 -223.99360788370697 -162.0570161266052 18.38604509308662 229.50702743246168 -144.71094773959226 -26.993997787740025 200.43962698585486 -200.8851565762526 204.89471795794435 29.205846761503683 202.0085005490618 208.95179430288678 156.0783322949507 -182.02621214233167 -27.355519584085513 210.30318353169662 -204.8797411486962 -11.164116021768976 -221.26403449081232 193.1426239298572 -174.03285037061517 -13.339850480300758 164.73460289403306 171.84829613607712 -51.6386997738396 -1.5275071510711205 215.30671772073407
Q
5.158128139776617,5.985936722881154,0.018637352697246312,-6.581102039473816,-1.5544940871237798,-5.336256154434924,-5.69058236384303,-0.15074812971924223,0.5742744017149645,6.435067821798217,-0.29694922709751387,-1.2541292368247314,0.17212626726988633,4.632558109685189,0.17210100976675657,5.070102450610684,0.6649992393373401,-0.8320896429275297,0.1341824127704202,0.22430546186815348,-0.07459285991926615,-7.605402975027931,8.353202245090621,7.917708660871311,6.951449056455731,-0.2554868801446923,0.09720741279058664,-2.7435714506701245,-0.30032818556265894,-5.13427069052107,3.243534416308072,4.611023911328209,0.16429210084003976,-1.732987914816015,-1.6177638077610452,3.723621013831248,8.178373654688613,0.08553162208958939,-8.470226793355595,4.88129347826238,0.18507312590502611,-3.157547383025304,-3.0699014373474083,-0.7733745890437274,-0.4740624803835662,-6.482437660035056,0.28367902495173747,1.0094640635638243,0.37322393819275557,0.971046073458008
5.985936722881155,12.335598215669211,-3.136985691441835,-10.814539446932361,16.179538062587362,-4.31268302958005,13.102011273394796,6.0418302508606425,-2.3704645191766094,5.7962437685234764,4.083240020957983,3.9044099109808017,-1.0748689859933234,-13.040977124744916,-5.958751121921373,3.4220419530072705,-2.1378440685663316,-4.473223841091258,-4.61136151578631,-4.354366511412591,2.661403890540584,-7.7138066944293975,5.7210398936744085,-1.625251380896437,0.9336905369103469,-0.29113895480892166,-6.270631808284752,-8.655293862863518,3.9605356217335626,-3.679118476851444,-5.064707897543264,11.5580183759325,-3.952110977305622,7.402365467712686,-0.31727687188364534,10.153581489641063,-4.71034841577798,-3.097611654125784,5.422759259060136,1.0809887575406931,0.12567686089475583,-7.6042246044355375,1.3749250441183105,-5.7850235646984345,-0.8452685286405269,0.8084146142998776,12.973021552368678,0.009148122168528006,-1.468603894369842,5.088568159088423
0.01863735269724598,-3.136985691441836,5.450267819023144,2.2126557469365786,-0.5246501189133415,-0.21463108860230135,-8.51755551094152,0.4749236082745159,-0.15597497647000513,-3.812354265507554,0.3173042677615498,-6.555235099695686,0.15147216704669197,-3.826568507891709,0.43169279156509033,-3.991960852379506,0.14799040530819307,-0.23447136288376424,0.21067588121126346,0.21361711087551782,0.005130912755592187,-0.10899702394139588,-1.7195710589361903,-2.2970477208476403,-6.541693170095729,-0.2050375269557053,9.098433550136546,9.294424397443757,0.5296680727114588,4.394657164949052,5.040310501124074,4.7407731949337135,-0.5375139620242151,-8.205497920678399,2.6191294612681304,1.3271613727952745,2.438759150636868,-0.46762427183985267,-0.8651451128777605,-4.449920963249397,0.1030669112780568,3.18669822770998,7.393018085866718,6.6599348786493495,-0.4380326814564648,-4.882767655439121,-8.966165623389477,-0.42139149192145264,-0.42512851902905746,-0.5284889912921714
-6.581102039473816,-10.814539446932363,2.212655746936579,9.934001999017461,0.981951027628361,-0.865253253065754,-2.3786009496064437,-2.6304121237443354,0.033029637819643326,8.317761902693238,-2.1829851887689236,1.4130324977590247,-4.3987320430861825,-6.856395709714688,-3.197276786705215,2.3413941492171966,-7.141850114210568,-8.853327873119218,-4.686671827211962,-0.5661433558921574,1.4997769835882808,-6.284391029303636,5.413080956197379,-6.139066312047182,-10.312792775813637,4.169477646745478,8.169210615036045,-10.454193247819731,6.645396702515809,-2.7242976011924234,-9.443132582898444,16.93472334137427,-7.480357454805777,3.466751974532565,11.816783170896173,-0.8247858167206267,-10.038730245759762,-4.005072231607685,6.784534678197138,-8.082283355074797,7.315823373779353,-5.116938680831516,10.03379194230905,-9.868892285663375,4.663688870685413,9.812123027704839,8.402091137072599,9.350263296889787,0.4208964535835139,7.769713934653256
-1.5544940871237793,16.179538062587362,-0.5246501189133399,0.9819510276283605,1.6906398858506648,9.253642142614606,6.311347802969588,2.0388118862051425,6.690392520298783,4.822699310990628,-4.535313595323318,-6.850985510806102,7.9534791549854775,3.9154554951340628,0.1360651047553132,-5.42124635197719,1.8410261130736942,-8.56382508306162,-2.5052078829085622,-4.38536742364208,-0.6756248936345424,-3.6428153713558835,-11.821038723601697,2.08278716297423,5.139162840995186,-1.093727705897363,-7.509351474332946,12.285097352010364,0.11910880368123833,-15.826177363339575,-1.469890420651275,-11.46477381403449,0.13969424070547423,-5.204994140958041,-15.178755649226726,-5.413501321108353,14.366918600168713,4.86835793888999,-9.451897800202918,0.9389617945436697,-4.155459020039955,6.187138291148536,2.5996858571088794,-0.6121468406398138,-2.351041446953621,-0.5921826924754385,-11.340296277925923,7.062387384894667,3.000605261243204,3.9400198715957506
-5.336256154434924,-4.312683029580051,-0.21463108860230062,-0.865253253065754,9.253642142614604,-4.721085183600473,4.2022210899326655,-4.459749278349571,9.63749333661218,8.288532769725602,-2.239947307510973,-8.211669411687174,-1.01333778941866,-9.456280406209675,1.1249083585011066,3.012075875818974,10.014578181265897,-0.8216276683389043,2.4151621518360455,-5.986229556306743,-4.472904269091254,-8.815141088218303,3.5260559532724756,-2.5937253429970513,-10.987792179366862,-4.281794380194607,-0.5150425301586563,-15.463733875956796,0.47128847354064096,7.47744342980943,-5.9196445200500944,12.57694674806992,5.864297222356296,0.2593798979225807,8.145700368149852,-0.394130771635698,1.0892600466083187,3.832957247743995,5.647119723322027,-7.222072070811115,9.08802580155523,-3.058192640141154,1.6857370464616572,-4.09041662509997,1.1411894371795086,6.747186108002244,-1.839272140473018,5.827479409795762,-5.7318540704686445,7.03171942711152
-5.69058236384303,13.102011273394794,-8.517555510941516,-2.3786009496064437,6.311347802969587,4.2022210899326655,9.740133660114896,-6.335420883859826,1.223693665905081,-13.847729753276532,-6.018429950400901,-0.5802125954910679,-4.100532998211886,3.4805866664424214,0.48411508768490863,-5.958361069855675,3.0673615780147685,-1.1575183158996465,1.5564621170709305,-0.0944183513255134,2.790690375607541,7.8364730901742305,-1.757427076785502,1.5729334273533158,3.495544413007699,0.2481064497910273,-1.9055779143024618,-0.612714744964633,4.045213861188039,-6.894693881480648,4.69225321820726,-6.566993236162203,-0.8955507044211736,-4.866257628069347,-5.057295332034995,-6.33597083637594,4.353027298342231,5.722973638215888,-2.5459548276021624,1.4954719519924122,1.5406764708029843,4.7364770762612896,-1.9646771498420388,2.802882841083925,-4.187515625017108,-1.610993005724707,-16.573979094822484,0.47488031206696274,1.045838480486208,-5.6850647771366445
-0.15074812971924167,6.041830250860643,0.4749236082745161,-2.6304121237443363,2.038811886205142,-4.459749278349572,-6.335420883859827,5.425612143136285,0.11247002355275407,-4.599709585553127,-0.2612968412769511,0.9819629025421404,0.9325962461901725,2.6060093243422533,0.5156205299225983,-0.30224311492652095,0.12151664664503509,0.2365205913716686,0.09305326124599245,0.0024497756195882014,0.2505430607257494,5.069511318280249,-1.3460292967638399,0.22986662154245313,-3.755115267070457,-0.17736010146590986,-5.145346910177225,2.5107414482371664,0.07035272163498085,-1.9457454838103043,2.162283382775995,-0.8588920217612362,0.3719400713926689,2.9510823300377904,9.19655426249128,3.3875919736435582,4.26152074575503,-0.13345899811309458,-4.492511343011081,-4.36939800008473,1.0583693655886173,-1.0071353204375184,1.7750838196082437,0.10937499536348394,0.32190643794323326,-4.364032708715386,4.811454575390699,-0.6800582452875722,-0.031306079120766994,-0.8331389580284858
0.5742744017149644,-2.370464519176609,-0.15597497647000536,0.033029637819643465,6.690392520298783,9.63749333661218,1.223693665905081,0.11247002355275393,5.658960081670547,-9.105099136144467,-0.06177982757851605,-0.8604685404446815,0.6344850042585259,1.1434406339350565,0.2561761400222423,6.267788888705141,0.018051749004573958,-0.4260135031826582,0.4338970230084231,0.21474254646043822,-0.5470438954907996,3.766454292042941,-7.248240596933719,-4.095413270955513,-2.7887385142737644,-0.07303967961205382,-6.370320367189473,-1.7591692335728117,-0.5311986829962984,6.975973512662382,-2.681377006845507,-3.4682541591939557,0.14430567837005714,-6.281371688051767,-6.715980479446702,5.8241941517038,-3.021912282339924,0.16182869321779947,7.822389472215735,1.7706526438709835,-0.5449487831336557,7.380341199427173,-1.2187766116017738,4.2396742273793855,0.07246356391237496,-4.092590250169949,-2.333414840121356,-0.8466137302262348,1.2785304408050313,-6.215698444138434
6.435067821798216,5.796243768523476,-3.8123542655075546,8.317761902693238,4.822699310990629,8.288532769725602,-13.847729753276532,-4.599709585553127,-9.105099136144467,-10.209614404396788,-2.1639571129025668,-7.423096732998881,2.8434594765778423,0.06869935891492623,-7.095208454203466,-7.0107348772771365,1.413023020847911,-2.2387902181921033,7.269259810663725,6.831618071830782,1.4634729216271638,17.929043845771428,-8.599423298616273,7.055324841230471,10.429742759654278,-0.492498146176229,-7.253859061968218,-0.043144549997983395,-5.376019034305212,-1.5235424824543826,-2.85424408745254,0.08976103175669768,-7.500523299876846,-9.046280796775887,-3.6717534070285773,-2.6927736545513685,8.062656190245075,-0.8476299603840693,1.840245043486318,11.643486704390686,-7.006601630947667,7.662418281059314,3.1199126275837963,10.303472408496035,2.5580116951471634,2.7456027358353143,-16.903046431973227,2.8019749337397166,3.7716237988815333,-13.73499246705631
-0.29694922709751215,4.083240020957983,0.31730426776155163,-2.1829851887689227,-4.535313595323318,-2.239947307510973,-6.018429950400901,-0.26129684127695096,-0.06177982757851547,-2.1639571129025668,5.6305449476899945,4.334842365070169,-0.4013132154569616,6.025978888127675,-0.18940065272535112,3.263342915505889,-0.18575552851436727,-0.11422284363276702,0.6888073476081779,-0.036968457150631906,0.6055379222264344,-5.811490839623607,3.9463344531088698,7.490362422572334,1.241831964988628,-0.5977576564862223,4.032531486777813,0.8886516135966548,0.40229697340647674,0.6145779295837663,-0.4078504390302586,-1.6915009675104775,0.13120376861041583,8.91267463531086,-8.99870602682811,6.622973579204807,0.5182095859673063,-0.048817811832439995,-0.8128639260413301,0.5845756059415094,0.5795330180983096,-1.8076960619521985,-0.24505590227828244,4.66291445839478,0.04956469837664616,6.114130187720435,-3.9943847439188267,-0.23049981322334956,0.22024700445145406,-0.513269403985861
-1.2541292368247317,3.904409910980801,-6.555235099695688,1.413032497759024,-6.850985510806103,-8.211669411687174,-0.5802125954910684,0.9819629025421408,-0.8604685404446811,-7.423096732998881,4.334842365070168,12.123661911608977,-0.422595787186531,12.10105388580561,-0.8087761748633862,-3.4158433494199523,-4.181570896034708,7.627885478114119,8.938722212413172,0.4930610771508146,3.6339849796773653,11.797637091055986,7.099732487717718,-5.895944971419771,2.279133569735442,-2.7567768174746736,4.608906820011371,13.3602153702227,-0.06588391999615606,-0.4452391095934923,7.547692040823429,-2.619189293913286,-2.6824481208743145,-4.026356890077051,-2.807563298990493,-6.863269859656025,9.576719673069396,2.8232286112083833,2.2003865754646403,11.615983914640807,-2.2796431986293686,3.3530774710664044,2.7620903733879336,-5.277540388455664,-2.5849602091877815,-3.39156176429924,-1.6868389440518168,-2.3578219412352284,-5.959411702963723,-9.881150334167323
0.17212626726988556,-1.0748689859933231,0.15147216704669353,-4.398732043086182,7.953479154985476,-1.0133377894186604,-4.100532998211885,0.932596246190172,0.634485004258526,2.8434594765778414,-0.4013132154569602,-0.42259578718653157,5.958574384037292,-6.5671168960707265,0.1795959206855824,-7.49710651053118,-0.16287734394145995,0.5254677394930825,-0.2657468593858139,0.44664009395737364,0.4347266632747134,-1.8590453866907208,-2.2009965545148766,-3.2799752483919207,0.2715676465743255,-0.7378693089629937,-5.588763154775101,-4.614629340228121,0.5921796233281196,3.0539803714817197,6.262520321286122,-1.3232928931866792,-0.027034973994302547,5.106742371512615,0.11720207774012431,1.3545823652888367,-2.33235262672765,-0.4427976383749789,0.8364080239274854,2.839733659707898,0.4128763885342366,2.5063237958855087,-2.2051082310286825,0.7015351000595981,-0.04864563545061515,1.472076926252414,3.923608050867347,-0.37046223073678003,-0.6895320528892879,1.4748073997855102
4.632558109685189,-13.040977124744916,-3.826568507891711,-6.856395709714689,3.915455495134063,-9.456280406209673,3.480586666442421,2.606009324342254,1.1434406339350562,0.06869935891492651,6.025978888127675,12.10105388580561,-6.5671168960707265,-5.871691127833134,-5.922144199314648,7.988243127990094,-2.3466344648003985,-0.9230409175405598,-0.06706135787921153,3.3350212082578357,5.163759343462589,-10.365967099607492,7.080290405973817,-1.5728836836226336,-13.038575241128985,-3.0792738202090235,8.064623586399758,-5.915122771040786,3.727512582930898,4.385368443866221,-11.961845620115087,5.092736720088168,-6.427683659928867,5.28843904617557,7.568530468965215,9.552637460735827,-8.229989992316101,1.8482412177322833,0.3771105457765768,-3.3424314602826044,3.334868138290509,-0.9337506711116315,6.412108445663694,-14.619812656033279,-2.4206939370257374,0.9026119120170921,9.696043212494105,9.19269443300626,-2.2326249918573122,0.5136289709020685
0.17210100976675613,-5.958751121921373,0.4316927915650901,-3.1972767867052143,0.13606510475531342,1.1249083585011075,0.4841150876849086,0.5156205299225984,0.2561761400222423,-7.095208454203467,-0.18940065272535267,-0.8087761748633864,0.1795959206855831,-5.922144199314649,5.301695250123818,3.6758010404646395,-0.48553070110520774,0.6480471436439301,0.19787232881256647,0.1636225177703452,0.449220989291216,2.8958878341983767,2.241662360718077,3.3673067425462846,1.1498992464274005,0.042504221882187276,-6.448739669835045,-6.943155298944403,0.3721448311036656,9.30594142573582,-6.247006819921488,-1.1881289164051907,-0.5936868820148985,2.735091092504729,7.568299697058151,-0.3082943748392779,-4.456517497656565,0.3153957349193782,-1.7733540727571973,3.9268097707962686,-0.24816319210019577,0.5849027247124685,-3.6996238771864007,-0.9863373106952877,0.14861817619439277,-2.319637144838423,1.666185885999732,-0.26505252202198915,-0.2025739831564941,4.681119695478142
5.070102450610683,3.42204195300727,-3.9919608523795067,2.341394149217196,-5.421246351977189,3.0120758758189736,-5.958361069855675,-0.30224311492652084,6.26778888870514,-7.010734877277136,3.2633429155058886,-3.4158433494199523,-7.497106510531179,7.988243127990095,3.6758010404646395,0.35729806442079415,7.76127237606543,-7.161962160396857,0.10822991112771363,-1.3043598654008162,3.8982923251310453,6.708961397202396,-4.244995458611117,10.263930074791014,1.9123891701898852,-3.0804362849074605,-0.13981718193759868,1.1097690401403424,-6.069565902237941,1.6240826861746225,4.157595351455098,-6.180825937959823,-1.964930295031234,-5.310702413909391,-8.819131746142837,-7.3096754103511765,-0.2160261456864363,-4.711862841757698,-2.5835346769942515,8.163259389135499,-3.785650461256787,5.974793885677605,-4.842268846281966,4.857937033541131,2.12359268676579,-0.5456591375132691,-8.575567053189902,-2.5773544663845582,8.938555388997186,-9.579522730376487
0.6649992393373401,-2.1378440685663325,0.14799040530819363,-7.141850114210568,1.8410261130736956,10.014578181265897,3.0673615780147694,0.12151664664503514,0.018051749004574014,1.4130230208479106,-0.1857555285143673,-4.181570896034708,-0.1628773439414608,-2.3466344648003985,-0.48553070110520735,7.761272376065431,4.676797474026767,0.21734411644773943,-0.2997550605683631,-0.5808941280022106,0.14143283206965018,-3.931472002620282,-2.864384317547356,5.290198130613625,7.430398725842231,-0.1307720185886524,3.475662550620971,6.581975830454077,-0.06378118192283644,-1.1232143174763678,-5.219005887169299,-3.547871503936027,-0.07611924567841444,1.7829149952485221,3.6739703215125274,-8.182572477457803,5.275833275701476,-1.0274196358774998,6.485606282199573,-4.130626111363087,-0.011811721944379738,-1.5665714740149772,-0.02749977114943665,0.36131558743704506,-0.6231026293149828,-1.1606310522109433,0.39699706700209547,0.30017342129003655,-0.23030984393691667,-8.876256128342211
-0.8320896429275288,-4.473223841091258,-0.23447136288376433,-8.853327873119218,-8.56382508306162,-0.8216276683389043,-1.1575183158996458,0.23652059137166925,-0.42601350318265696,-2.2387902181921047,-0.1142228436327675,7.627885478114119,0.5254677394930843,-0.9230409175405585,0.6480471436439301,-7.1619621603968575,0.21734411644773965,5.560784577316479,-0.17409001311418054,-0.20400837384567505,0.27383261165099426,-8.2493156567494,4.125683778602227,2.5134294071793635,7.282865797471347,0.2873005128857765,-7.30510971271866,0.5981243337528488,0.25483105887297186,7.609658583118536,-2.5665232502436366,0.7509614961520082,0.28038436809295886,-5.305264899658841,0.9764887902237392,5.8029781368960665,0.4286875003802819,-0.6251459250352107,6.460106424284257,1.8679314412454542,0.08463169773141446,-10.160436923382516,9.329456924700589,-1.2449620889970778,-0.19144508711846409,1.967521181581988,0.2528890511346982,-0.43045889856236963,0.07488520081392258,4.355149612455715
0.13418241277041987,-4.61136151578631,0.21067588121126402,-4.686671827211962,-2.505207882908563,2.4151621518360455,1.5564621170709307,0.09305326124599275,0.4338970230084226,7.269259810663725,0.6888073476081776,8.938722212413174,-0.26574685938581427,-0.06706135787921141,0.19787232881256656,0.10822991112771363,-0.29975506056836365,-0.17409001311418038,5.240393187806038,0.03132133604821474,-0.36386273401898167,-1.5718895319642334,0.9827618566734422,-0.29430254273515605,0.7235060766325694,-0.2710442839415992,-0.48772875507114033,-8.016810897221802,-0.4007149453535037,-3.939266911724143,-2.1433683988108867,0.6442909623368722,-0.18156811407635387,6.655868777848912,-0.7643695372472987,5.505415932699729,0.493606303561265,0.6135086705389903,4.341198218660832,-4.957091110024028,0.24133252318374476,-3.5617029663673314,-7.779289844224795,3.170150378881595,0.5172221720020458,-2.0608187900514006,3.0178232985050912,0.07958018115213078,0.39496640085406665,-1.5854352101986111
0.22430546186815414,-4.354366511412591,0.21361711087551827,-0.5661433558921571,-4.38536742364208,-5.986229556306744,-0.0944183513255138,0.0024497756195872578,0.2147425464604389,6.831618071830782,-0.03696845715063224,0.49306107715081393,0.4466400939573733,3.335021208257835,0.1636225177703452,-1.3043598654008155,-0.5808941280022111,-0.204008373845674,0.03132133604821485,4.210586232010991,0.46146419978002584,-3.0107345428750287,-2.2641361389634276,-7.384286547243625,0.36507242686311026,0.24231365242723527,-4.826417689685585,2.716895777465826,-0.0483630749448144,-3.457531669772453,-3.107847218218108,-2.4349901979288644,-0.041677044979838374,6.913726936130026,9.190667601076248,1.6075449263162853,-0.27150075990154143,-0.08445898172721206,-6.823150844141873,1.8169427693442732,-0.3401486678382081,-2.4004543794515056,-1.3603656687263217,6.140294850509925,-0.5867334870624062,-3.9142351478502944,-4.3015233522134375,0.18922573807088547,-0.5903060952094943,0.7989158117901968
-0.07459285991926778,2.6614038905405835,0.005130912755590966,1.4997769835882813,-0.6756248936345419,-4.472904269091254,2.790690375607542,0.25054306072574983,-0.5470438954907981,1.4634729216271625,0.6055379222264345,3.6339849796773653,0.4347266632747132,5.163759343462589,0.4492209892912167,3.8982923251310453,0.14143283206964974,0.273832611650994,-0.363862734018982,0.4614641997800273,4.965340342323773,-2.2280137478914646,-6.841489183466749,-3.2196169524023346,-5.799987240317653,0.4249761136383489,6.927740820922036,-1.267651095199451,0.6944565877698757,-4.854314260216152,2.398465764641999,9.516870722329097,-0.19885683829453027,-8.36809293003717,4.049905189491465,-0.00012784382802943917,1.319715275633299,-0.42750628282497327,6.553147392531302,6.985180507564759,0.005980093022600108,7.69198141109987,-2.681649613427195,-6.844268312135313,-0.6336302758455103,9.104864287910942,0.0036055923192946926,-0.5826006817376461,-0.06818928229576071,0.6509794561583278
-7.605402975027932,-7.713806694429396,-0.10899702394139621,-6.2843910293036345,-3.6428153713558835,-8.815141088218303,7.836473090174232,5.069511318280249,3.7664542920429414,17.929043845771428,-5.811490839623607,11.797637091055986,-1.8590453866907202,-10.365967099607493,2.8958878341983754,6.708961397202396,-3.9314720026202816,-8.249315656749399,-1.5718895319642325,-3.0107345428750296,-2.228013747891465,-0.9326020593609776,-0.49186151528771993,-2.9218834494542287,-1.5022470609940441,-5.0758679615357964,9.336053457238746,-3.947802705363106,-5.6232605358127135,12.297996884035943,-16.512658618153868,-3.8408584340633674,0.8904248161135115,-5.093373995659703,-4.181159251902961,12.200303635995791,7.166694406442661,5.980858529612494,7.280615152253899,2.747338414665935,-2.259652570075641,4.290511022817532,-2.7105536745393497,3.288154163607369,2.30472867623981,9.30093450244391,-4.581557266905009,-0.6535372534039207,5.967106395536054,0.8871765096312176
8.353202245090621,5.721039893674408,-1.7195710589361897,5.41308095619738,-11.821038723601697,3.5260559532724765,-1.7574270767855023,-1.3460292967638396,-7.248240596933719,-8.599423298616273,3.9463344531088698,7.099732487717718,-2.2009965545148775,7.080290405973817,2.2416623607180775,-4.244995458611117,-2.864384317547357,4.125683778602226,0.9827618566734424,-2.264136138963427,-6.841489183466749,-0.4918615152877194,-3.068007719016193,11.847236543771185,6.269425301971722,0.281888356420019,-14.291486387253702,5.321984481191843,3.0385423635383315,-10.40785722081491,0.36911428613617536,1.2056314514662292,5.531786673800342,-4.076055943712436,-12.27576284955996,-10.389239009169946,5.1881242948665145,5.135312177161445,-5.218932242634452,12.380716940021355,2.4175835573321653,5.859023009940737,-7.701283757182699,4.374847063352613,4.350254840465518,-4.617409903866566,1.0723525515602508,5.7873081406290074,-2.8433047119965043,-11.757306444638274
7.91770866087131,-1.6252513808964368,-2.29704772084764,-6.139066312047181,2.0827871629742267,-2.5937253429970513,1.5729334273533149,0.22986662154245346,-4.095413270955512,7.05532484123047,7.490362422572334,-5.895944971419771,-3.279975248391921,-1.5728836836226339,3.367306742546284,10.263930074791014,5.290198130613625,2.5134294071793635,-0.29430254273515644,-7.384286547243625,-3.2196169524023346,-2.921883449454229,11.847236543771185,-7.919426124844833,-1.121619371317514,2.428894726645227,-2.802235585058231,-2.1369788117434494,5.660381288953661,5.178762777398985,9.167941844823863,4.338734937877148,0.046785932553493614,-4.1671031342746065,17.100107003256987,1.424679697574319,-7.230929252552331,2.2570798555043345,8.081536954190508,-1.5296973292158353,-3.3286393334329305,-6.549864801362278,5.856480617582813,-2.69486668182792,5.988056268361259,7.809890510848222,4.954332220453688,8.973853322214975,0.8355982708853587,4.252321190509656
6.951449056455731,0.9336905369103474,-6.541693170095729,-10.312792775813637,5.139162840995186,-10.987792179366862,3.495544413007699,-3.7551152670704564,-2.7887385142737644,10.42974275965428,1.241831964988628,2.279133569735442,0.27156764657432464,-13.038575241128985,1.1498992464274007,1.9123891701898847,7.430398725842231,7.282865797471348,0.7235060766325709,0.3650724268631095,-5.799987240317654,-1.5022470609940446,6.269425301971722,-1.121619371317514,7.829193891345513,-10.054387811975035,1.2099656623435038,0.18259358537572867,10.57791265085394,5.501777037589339,-1.869292206832299,8.064107443247511,-2.0404903764599207,10.632968208699856,-7.607275198001529,4.153972288761859,-1.3050298478002742,7.771606081423882,8.102788892673326,-17.388258688006456,-3.6520681781170183,1.117326140127083,9.28088173410773,-12.147589491639653,-5.678413619579233,8.903866091171269,8.13475094293839,0.7564103805710534,-8.529019798495625,11.405369483156699
-0.2554868801446908,-0.2911389548089221,-0.2050375269557051,4.169477646745477,-1.0937277058973631,-4.281794380194607,0.24810644979102758,-0.1773601014659107,-0.07303967961205354,-0.4924981461762292,-0.5977576564862217,-2.7567768174746723,-0.7378693089629942,-3.0792738202090235,0.042504221882189164,-3.0804362849074605,-0.13077201858865187,0.28730051288577685,-0.27104428394159885,0.24231365242723646,0.4249761136383491,-5.0758679615357964,0.28188835642002014,2.428894726645228,-10.054387811975037,5.75490401847705,2.780881084718717,3.1331435393083993,-0.8409368254932243,-3.860006319843664,-0.12952582597748963,-2.3530142793849453,0.5240126045608461,-7.837617524999962,-0.970069568324051,0.6038810196813675,-1.7246722804621826,-0.06646974106476738,7.711840592865938,-2.2935094198909796,0.23741571757176944,4.617224131229998,6.14936262399073,-7.677700436438435,-0.18756100339412818,-2.1490526851255103,-0.4117758157903072,0.05779663849337202,-0.5595816897642252,9.190072207810001
0.09720741279058742,-6.27063180828475,9.098433550136548,8.169210615036045,-7.509351474332947,-0.5150425301586554,-1.905577914302462,-5.145346910177224,-6.370320367189473,-7.253859061968218,4.032531486777812,4.608906820011372,-5.5887631547751,8.064623586399758,-6.448739669835046,-0.13981718193759893,3.47566255062097,-7.305109712718661,-0.4877287550711391,-4.826417689685585,6.927740820922037,9.336053457238746,-14.291486387253702,-2.8022355850582303,1.209965662343505,2.7808810847187155,-12.743071867595136,6.0298301131170335,-9.14565966925435,-9.205023321436054,-4.850441867836524,-6.833187807665177,-0.3943120921973453,-10.900433576308354,-11.617393619788807,-4.230151199008597,-0.8544586778860893,-2.584579711186291,-4.909701600062194,1.020102942243691,-5.334478565146709,8.66866546836805,-10.830204247674757,10.77831952544274,-5.151328106575171,-8.54973220553505,-2.029857124628489,-6.305655770224582,-9.184301564731566,-3.7160590752046794
-2.7435714506701254,-8.65529386286352,9.294424397443755,-10.454193247819731,12.285097352010364,-15.463733875956796,-0.612714744964632,2.510741448237167,-1.7591692335728126,-0.043144549997984005,0.888651613596654,13.360215370222702,-4.61462934022812,-5.915122771040786,-6.943155298944404,1.1097690401403426,6.581975830454077,0.5981243337528495,-8.016810897221802,2.7168957774658264,-1.2676510951994509,-3.9478027053631064,5.321984481191843,-2.136978811743449,0.18259358537572834,3.1331435393083993,6.0298301131170335,14.781798401691274,-1.9224747397306463,8.164929105305784,-7.491189182127986,3.2981065532879783,-0.4279685159242159,10.73557852028066,-3.2630272023889377,-3.1986575442016343,-9.166366994892698,-4.206770724957943,3.340711008431516,-2.0238584388426077,3.09798086838681,0.481806348350971,2.2491617941770476,-7.648991640998553,-7.022329675257274,4.745334585344237,-1.2075645979028762,2.120975849575942,5.707071746312259,4.004596630187698
-0.3003281855626585,3.9605356217335634,0.5296680727114595,6.64539670251581,0.11910880368123689,0.4712884735406404,4.045213861188037,0.07035272163498074,-0.5311986829962978,-5.376019034305213,0.40229697340647697,-0.06588391999615675,0.5921796233281202,3.727512582930897,0.3721448311036658,-6.069565902237941,-0.06378118192283627,0.2548310588729713,-0.40071494535350305,-0.04836307494481484,0.6944565877698745,-5.6232605358127135,3.0385423635383306,5.660381288953661,10.57791265085394,-0.8409368254932241,-9.14565966925435,-1.9224747397306465,4.8865240204809,1.0806601666041302,1.0777721184309828,6.708384288725028,0.034988780688107846,-1.1749001055087895,2.408516497838354,-3.6155679245821397,-1.412667635236382,-0.3220008619554802,-3.796754659671608,-3.535609256901897,0.04870409291988931,-3.6436556496770196,-0.6055301309453804,6.108538682792209,0.25512957386990254,-2.9279331183569606,-5.275935498460385,0.04435543050137858,0.08931046666396703,0.29165477059469086
-5.134270690521071,-3.6791184768514444,4.394657164949052,-2.7242976011924247,-15.826177363339575,7.47744342980943,-6.894693881480649,-1.9457454838103048,6.975973512662383,-1.5235424824543828,0.6145779295837664,-0.4452391095934921,3.0539803714817193,4.385368443866221,9.30594142573582,1.6240826861746234,-1.1232143174763682,7.609658583118536,-3.9392669117241437,-3.4575316697724534,-4.854314260216153,12.297996884035943,-10.40785722081491,5.178762777398986,5.5017770375893384,-3.8600063198436647,-9.205023321436052,8.164929105305784,1.0806601666041302,2.2272965552588406,-0.12377960157907131,-7.947699376358368,4.954055854561687,-6.300898247269557,-7.272454002611611,3.0159882560473275,6.543267812697899,-4.971672663601843,-2.8219613717115224,0.8200861981181287,-3.2631220958104956,5.005495573012463,-2.741564496122365,10.543753934683917,3.9092285983096153,-3.3892440243470077,-14.059844642099772,0.7623789172410464,5.23744362334651,-8.638251880703798
3.243534416308071,-5.064707897543265,5.040310501124075,-9.443132582898444,-1.4698904206512748,-5.919644520050095,4.692253218207259,2.162283382775993,-2.681377006845508,-2.8542440874525403,-0.4078504390302596,7.547692040823428,6.262520321286121,-11.961845620115088,-6.247006819921488,4.157595351455097,-5.219005887169298,-2.5665232502436366,-2.143368398810887,-3.107847218218108,2.3984657646419985,-16.512658618153868,0.3691142861361749,9.167941844823863,-1.8692922068323,-0.12952582597748952,-4.8504418678365235,-7.491189182127986,1.0777721184309832,-0.12377960157907146,-0.4736222717565104,7.863390182524272,1.057031748326329,2.618060409395223,0.9459961153546124,11.39144667260103,-12.230038078359003,1.537230831171273,-2.8284486808561757,3.5455626517882783,-5.727752228502984,-6.48545285429727,2.0370436484417946,-14.12742016076008,1.0609763435179882,1.6441635645851176,2.43360165786686,6.569222588296127,-4.4778300518809635,7.2037279983259195
4.611023911328209,11.5580183759325,4.7407731949337135,16.93472334137427,-11.46477381403449,12.576946748069918,-6.566993236162203,-0.8588920217612368,-3.468254159193955,0.08976103175669836,-1.691500967510478,-2.6191892939132857,-1.3232928931866783,5.092736720088167,-1.1881289164051905,-6.180825937959823,-3.547871503936027,0.7509614961520057,0.6442909623368701,-2.4349901979288644,9.516870722329097,-3.8408584340633682,1.2056314514662296,4.338734937877149,8.064107443247511,-2.3530142793849445,-6.833187807665176,3.2981065532879774,6.7083842887250285,-7.947699376358368,7.863390182524271,-4.5162746721068885,-3.2148332446202486,-5.218581617128639,-16.050136385316407,-6.542903915056331,4.275227948244656,-5.573273650604408,-1.9098323249343874,3.038819549552944,1.1849929369878756,4.655148635057746,-4.705926310645653,6.335353476264656,1.0480141349674579,-4.207781737530676,-3.88165554243188,-3.185324280621996,-6.802998562374675,3.0447147903814464
0.16429210084003965,-3.9521109773056216,-0.5375139620242143,-7.480357454805776,0.13969424070547476,5.864297222356295,-0.8955507044211727,0.37194007139266916,0.14430567837005848,-7.500523299876846,0.13120376861041572,-2.6824481208743145,-0.027034973994302464,-6.427683659928867,-0.5936868820148988,-1.9649302950312344,-0.07611924567841466,0.2803843680929594,-0.18156811407635404,-0.04167704497983871,-0.19885683829452971,0.8904248161135113,5.531786673800341,0.046785932553493226,-2.040490376459921,0.5240126045608464,-0.39431209219734487,-0.4279685159242159,0.034988780688108165,4.954055854561687,1.057031748326329,-3.2148332446202486,5.6330145365615,5.095626938965929,-4.9093884607334255,-2.1720703490299327,-5.882293742516748,0.3664827989267132,-0.4915272485910054,-8.474776357670644,0.4101167189076898,-3.235314923051281,4.335492245789485,-3.9338121190023374,0.27536074667170346,4.500457955261647,9.764260022687692,0.6724675331551278,0.13856826664404423,0.5962298227821713
-1.732987914816015,7.402365467712686,-8.2054979206784,3.4667519745325643,-5.20499414095804,0.25937989792258104,-4.866257628069345,2.95108233003779,-6.281371688051767,-9.046280796775887,8.912674635310863,-4.02635689007705,5.106742371512613,5.28843904617557,2.735091092504729,-5.31070241390939,1.782914995248523,-5.305264899658841,6.655868777848912,6.913726936130026,-8.368092930037172,-5.093373995659703,-4.0760559437124355,-4.1671031342746065,10.632968208699856,-7.837617524999962,-10.900433576308354,10.73557852028066,-1.1749001055087909,-6.300898247269556,2.618060409395224,-5.21858161712864,5.095626938965929,4.233762121474072,-15.819473974845618,-5.164434542911845,13.77030873917212,-3.147394490113657,1.2662193764331735,-1.185036550793537,1.9933005453731152,8.715695148681718,-16.253223404848363,5.141011211998304,-2.921181265555998,1.706415628731438,-1.5172746936050503,-0.9390023447834095,4.406491274390101,-1.5563712260733644
-1.617763807761046,-0.3172768718836456,2.6191294612681286,11.816783170896175,-15.178755649226726,8.145700368149852,-5.057295332034995,9.19655426249128,-6.715980479446701,-3.6717534070285773,-8.99870602682811,-2.807563298990492,0.11720207774012355,7.568530468965215,7.568299697058151,-8.819131746142837,3.673970321512528,0.97648879022374,-0.7643695372472997,9.190667601076248,4.049905189491464,-4.181159251902962,-12.27576284955996,17.10010700325699,-7.607275198001529,-0.9700695683240512,-11.617393619788807,-3.2630272023889377,2.4085164978383546,-7.272454002611613,0.9459961153546126,-16.050136385316407,-4.9093884607334255,-15.819473974845618,-4.701179861692976,-5.237150216734341,4.751296059205647,-4.404568628384513,0.50428385004683,3.266056953751411,6.645559989111645,4.858826317100821,9.132930435339835,2.259790192142655,3.1377439512022987,-4.383092016234116,-0.28102378493903246,-2.694900001158186,8.662986299635731,2.3267328788894512
3.723621013831247,10.153581489641063,1.327161372795274,-0.8247858167206253,-5.4135013211083525,-0.39413077163569765,-6.335970836375941,3.3875919736435582,5.8241941517038,-2.692773654551368,6.622973579204807,-6.863269859656026,1.3545823652888362,9.552637460735829,-0.3082943748392786,-7.3096754103511765,-8.182572477457802,5.8029781368960665,5.505415932699728,1.6075449263162855,-0.0001278438280281069,12.200303635995791,-10.389239009169946,1.4246796975743194,4.15397228876186,0.6038810196813684,-4.230151199008596,-3.198657544201633,-3.6155679245821393,3.0159882560473275,11.391446672601028,-6.542903915056332,-2.172070349029933,-5.164434542911845,-5.237150216734341,7.9692467199016175,-3.397972504059652,-5.062591448074284,-11.182468943125379,-2.8366354334374195,3.3444073465187194,17.37461879448038,2.248329240846057,2.633514897572957,5.861938268287255,-2.8462357297615406,-8.59890739418071,1.7888434650161684,6.242331970724555,-1.6579453229076986
8.178373654688613,-4.710348415777981,2.4387591506368675,-10.038730245759762,14.366918600168713,1.0892600466083173,4.35302729834223,4.261520745755029,-3.0219122823399234,8.062656190245075,0.5182095859673062,9.576719673069396,-2.3323526267276504,-8.229989992316101,-4.456517497656564,-0.2160261456864354,5.2758332757014745,0.42868750038028125,0.49360630356126495,-0.2715007599015413,1.3197152756332988,7.166694406442661,5.188124294866515,-7.230929252552332,-1.3050298478002738,-1.7246722804621828,-0.8544586778860894,-9.166366994892698,-1.412667635236382,6.5432678126978985,-12.230038078359005,4.275227948244657,-5.882293742516747,13.77030873917212,4.7512960592056475,-3.397972504059651,1.084288019304637,1.0977480482426722,4.5412520952189945,6.933164013628354,0.17352601290108305,3.944545047820704,5.24101014049007,4.433323929462588,3.641116242910303,7.622818128134061,4.360952012388564,-5.019774707676699,8.279606910412989,-0.7421011406412811
0.08553162208958974,-3.097611654125784,-0.46762427183985156,-4.005072231607685,4.868357938889989,3.8329572477439955,5.722973638215889,-0.13345899811309403,0.16182869321779958,-0.8476299603840682,-0.048817811832440224,2.823228611208383,-0.44279763837497954,1.8482412177322831,0.3153957349193788,-4.711862841757697,-1.0274196358775005,-0.6251459250352114,0.6135086705389903,-0.08445898172721189,-0.42750628282497266,5.980858529612493,5.135312177161445,2.257079855504334,7.771606081423882,-0.06646974106476716,-2.584579711186291,-4.206770724957942,-0.3220008619554806,-4.971672663601842,1.537230831171273,-5.573273650604409,0.366482798926713,-3.1473944901136566,-4.404568628384513,-5.062591448074284,1.0977480482426718,4.158153852033962,4.716281388185741,0.9520819126251866,0.34530017310729255,4.34343452300451,-4.7854169851182915,7.853515713828872,0.1606337143287677,-2.0615123555989934,3.570542863725211,0.11476758806827053,0.2782103865175687,-4.576063402583767
-8.470226793355593,5.422759259060136,-0.8651451128777611,6.784534678197139,-9.451897800202918,5.647119723322026,-2.5459548276021633,-4.49251134301108,7.822389472215735,1.8402450434863176,-0.8128639260413292,2.200386575464641,0.8364080239274857,0.37711054577657604,-1.7733540727571955,-2.5835346769942524,6.485606282199573,6.460106424284257,4.341198218660832,-6.823150844141872,6.553147392531302,7.280615152253899,-5.218932242634452,8.081536954190508,8.102788892673326,7.711840592865938,-4.909701600062194,3.3407110084315152,-3.7967546596716066,-2.8219613717115233,-2.828448680856175,-1.909832324934388,-0.49152724859100516,1.266219376433173,0.504283850046829,-11.18246894312538,4.5412520952189945,4.716281388185741,-14.898058948158209,2.165637020358938,1.674635733801982,-0.8066692807948124,-7.242352842855106,7.485356902602597,0.3655381987241534,4.628677204323258,4.207866783583894,-2.4965130940115086,-1.6460577263038392,-4.938004591557634
4.88129347826238,1.0809887575406925,-4.449920963249396,-8.082283355074797,0.9389617945436692,-7.222072070811115,1.4954719519924118,-4.36939800008473,1.7706526438709826,11.643486704390686,0.58457560594151,11.615983914640807,2.8397336597078975,-3.342431460282604,3.9268097707962686,8.1632593891355,-4.130626111363087,1.8679314412454517,-4.957091110024028,1.8169427693442732,6.985180507564759,2.747338414665936,12.380716940021356,-1.5296973292158367,-17.38825868800646,-2.2935094198909796,1.020102942243691,-2.0238584388426073,-3.535609256901898,0.8200861981181298,3.545562651788278,3.0388195495529438,-8.474776357670644,-1.185036550793537,3.266056953751411,-2.836635433437419,6.933164013628354,0.9520819126251876,2.165637020358938,9.055001214672966,3.337187730839837,1.353673261704237,-2.195141325532889,-6.118615361185797,3.246125268403363,5.0123550801953805,2.256096193701824,4.141028706510182,5.82014122554466,3.856158207110895
0.18507312590502534,0.12567686089475538,0.10306691127805667,7.315823373779353,-4.155459020039955,9.08802580155523,1.5406764708029843,1.058369365588617,-0.544948783133657,-7.006601630947666,0.5795330180983095,-2.2796431986293686,0.41287638853423614,3.3348681382905094,-0.248163192100197,-3.7856504612567856,-0.011811721944380071,0.08463169773141377,0.24133252318374393,-0.3401486678382084,0.005980093022599553,-2.259652570075641,2.4175835573321653,-3.328639333432931,-3.652068178117019,0.23741571757176916,-5.334478565146709,3.097980868386811,0.04870409291988975,-3.263122095810495,-5.727752228502984,1.1849929369878769,0.41011671890768964,1.9933005453731139,6.645559989111645,3.34440734651872,0.1735260129010836,0.34530017310729255,1.6746357338019828,3.337187730839837,4.918412416437668,-1.3024349032456204,-6.8406592960765185,-1.2238451209188597,-0.03288114480120873,-1.721359158259868,1.0321970086085905,0.17822022717268127,-0.3243070865555744,-8.095409309201411
-3.157547383025304,-7.6042246044355375,3.1866982277099796,-5.116938680831517,6.187138291148536,-3.0581926401411534,4.7364770762612896,-1.0071353204375186,7.380341199427172,7.662418281059315,-1.8076960619521985,3.353077471066404,2.506323795885509,-0.9337506711116309,0.5849027247124687,5.974793885677604,-1.5665714740149759,-10.160436923382516,-3.5617029663673305,-2.400454379451506,7.691981411099869,4.290511022817532,5.859023009940737,-6.549864801362278,1.117326140127083,4.617224131229999,8.66866546836805,0.481806348350971,-3.64365564967702,5.005495573012463,-6.48545285429727,4.655148635057746,-3.2353149230512814,8.715695148681718,4.858826317100822,17.37461879448038,3.9445450478207045,4.343434523004511,-0.8066692807948118,1.3536732617042384,-1.3024349032456204,6.452365910849254,8.985276859343,-18.968176210964433,1.9237584789867785,5.458760201973871,2.7123684176861222,5.547554834166502,-2.984894878639193,10.389918725782884
-3.069901437347408,1.3749250441183105,7.39301808586672,10.03379194230905,2.599685857108879,1.6857370464616575,-1.9646771498420388,1.775083819608244,-1.2187766116017746,3.1199126275837976,-0.2450559022782825,2.7620903733879345,-2.205108231028684,6.412108445663694,-3.6996238771864025,-4.842268846281965,-0.027499771149435914,9.329456924700589,-7.779289844224796,-1.3603656687263213,-2.6816496134271945,-2.7105536745393493,-7.7012837571827,5.856480617582813,9.28088173410773,6.149362623990729,-10.830204247674757,2.249161794177048,-0.60553013094538,-2.7415644961223653,2.037043648441794,-4.705926310645654,4.335492245789485,-16.253223404848367,9.132930435339835,2.2483292408460565,5.2410101404900695,-4.785416985118292,-7.242352842855105,-2.19514132553289,-6.8406592960765185,8.985276859343,-13.957692349772577,-9.09198949601722,6.751484676934061,-7.862560672449462,-11.18918801473935,-3.2446779065029077,-1.412958941364863,-6.236266526342863
-0.7733745890437271,-5.7850235646984345,6.65993487864935,-9.868892285663373,-0.6121468406398145,-4.090416625099971,2.8028828410839246,0.10937499536348416,4.2396742273793855,10.303472408496035,4.66291445839478,-5.277540388455664,0.7015351000595988,-14.619812656033279,-0.9863373106952875,4.857937033541132,0.3613155874370442,-1.2449620889970778,3.170150378881595,6.140294850509925,-6.844268312135313,3.2881541636073686,4.374847063352612,-2.6948666818279197,-12.147589491639653,-7.677700436438435,10.77831952544274,-7.648991640998554,6.108538682792209,10.543753934683917,-14.12742016076008,6.335353476264656,-3.9338121190023374,5.141011211998305,2.2597901921426544,2.6335148975729563,4.43332392946259,7.853515713828872,7.485356902602597,-6.118615361185796,-1.2238451209188594,-18.968176210964433,-9.09198949601722,-0.6901158465511257,2.237535684087338,4.073876670787857,10.168011121760387,2.403836094286276,-3.0928484773029554,-2.8588315686627697
-0.4740624803835658,-0.8452685286405266,-0.43803268145646557,4.663688870685412,-2.3510414469536207,1.1411894371795093,-4.187515625017108,0.321906437943234,0.07246356391237607,2.5580116951471625,0.049564698376646926,-2.584960209187782,-0.04864563545061584,-2.420693937025737,0.14861817619439166,2.1235926867657895,-0.6231026293149831,-0.19144508711846386,0.5172221720020463,-0.586733487062405,-0.6336302758455105,2.304728676239809,4.350254840465519,5.988056268361258,-5.678413619579234,-0.18756100339412757,-5.151328106575172,-7.022329675257275,0.25512957386990354,3.909228598309615,1.0609763435179873,1.0480141349674574,0.27536074667170385,-2.921181265555997,3.1377439512022987,5.861938268287255,3.641116242910301,0.16063371432876694,0.36553819872415383,3.2461252684033615,-0.03288114480120857,1.9237584789867785,6.7514846769340595,2.2375356840873395,5.629394933454769,-6.222911878225718,-0.13081699112633843,0.5962500699758051,-0.5005889864261497,-7.422157625911644
-6.482437660035055,0.8084146142998775,-4.882767655439121,9.812123027704835,-0.5921826924754376,6.747186108002244,-1.6109930057247075,-4.364032708715387,-4.092590250169949,2.7456027358353134,6.114130187720434,-3.3915617642992406,1.472076926252415,0.902611912017092,-2.3196371448384223,-0.5456591375132687,-1.1606310522109429,1.9675211815819873,-2.0608187900513997,-3.9142351478502935,9.104864287910942,9.30093450244391,-4.617409903866566,7.809890510848222,8.903866091171269,-2.1490526851255103,-8.54973220553505,4.745334585344238,-2.9279331183569606,-3.389244024347007,1.6441635645851176,-4.207781737530676,4.500457955261646,1.7064156287314376,-4.383092016234116,-2.8462357297615406,7.622818128134061,-2.0615123555989934,4.628677204323257,5.0123550801953805,-1.7213591582598677,5.45876020197387,-7.862560672449462,4.073876670787857,-6.222911878225719,7.349934212444174,-6.204169029475796,-3.9207120962285473,-0.09624226771788011,-9.953877624925443
0.2836790249517367,12.97302155236868,-8.966165623389477,8.402091137072599,-11.340296277925923,-1.8392721404730172,-16.573979094822484,4.811454575390699,-2.333414840121355,-16.903046431973227,-3.9943847439188267,-1.6868389440518174,3.9236080508673465,9.696043212494107,1.6661858859997314,-8.575567053189902,0.39699706700209525,0.25288905113469806,3.0178232985050917,-4.301523352213437,0.0036055923192946926,-4.581557266905009,1.072352551560251,4.954332220453688,8.134750942938393,-0.41177581579030764,-2.0298571246284887,-1.2075645979028764,-5.2759354984603855,-14.059844642099772,2.43360165786686,-3.881655542431881,9.764260022687694,-1.5172746936050512,-0.28102378493903285,-8.598907394180712,4.360952012388564,3.5705428637252115,4.207866783583894,2.256096193701824,1.0321970086085899,2.7123684176861222,-11.18918801473935,10.168011121760387,-0.13081699112633804,-6.204169029475796,10.721294310580367,3.948183873107652,-1.7484424974656072,-10.444138960666681
1.0094640635638235,0.0091481221685277,-0.421391491921453,9.350263296889787,7.062387384894668,5.827479409795762,0.4748803120669629,-0.6800582452875717,-0.8466137302262345,2.8019749337397184,-0.23049981322334917,-2.357821941235228,-0.3704622307367799,9.19269443300626,-0.26505252202199003,-2.5773544663845582,0.3001734212900373,-0.4304588985623701,0.0795801811521305,0.1892257380708856,-0.5826006817376467,-0.6535372534039209,5.787308140629008,8.973853322214977,0.7564103805710534,0.05779663849337152,-6.305655770224581,2.1209758495759408,0.04435543050137791,0.7623789172410462,6.5692225882961255,-3.1853242806219955,0.6724675331551292,-0.9390023447834095,-2.6949000011581865,1.7888434650161693,-5.019774707676698,0.11476758806827048,-2.496513094011509,4.141028706510181,0.1782202271726805,5.547554834166502,-3.2446779065029085,2.4038360942862766,0.5962500699758053,-3.9207120962285478,3.948183873107652,5.300425541160331,0.8740962855945319,9.892198834033417
0.37322393819275446,-1.4686038943698414,-0.4251285190290566,0.42089645358351446,3.000605261243205,-5.7318540704686445,1.045838480486208,-0.03130607912076727,1.278530440805031,3.771623798881535,0.22024700445145454,-5.959411702963723,-0.6895320528892883,-2.2326249918573127,-0.20257398315649428,8.938555388997184,-0.2303098439369171,0.07488520081392314,0.39496640085406665,-0.5903060952094947,-0.06818928229576149,5.967106395536054,-2.8433047119965034,0.8355982708853593,-8.529019798495625,-0.559581689764225,-9.184301564731566,5.70707174631226,0.08931046666396603,5.23744362334651,-4.4778300518809635,-6.802998562374674,0.1385682666440447,4.4064912743901,8.662986299635731,6.242331970724556,8.279606910412989,0.27821038651756946,-1.6460577263038387,5.820141225544661,-0.32430708655557466,-2.984894878639193,-1.4129589413648627,-3.0928484773029554,-0.5005889864261495,-0.09624226771788066,-1.748442497465607,0.8740962855945311,5.825570450283394,-4.610161018062419
0.9710460734580078,5.088568159088424,-0.5284889912921715,7.7697139346532555,3.940019871595751,7.03171942711152,-5.685064777136645,-0.8331389580284856,-6.215698444138434,-13.73499246705631,-0.51326940398586,-9.881150334167323,1.4748073997855098,0.5136289709020682,4.681119695478142,-9.579522730376487,-8.876256128342211,4.355149612455715,-1.5854352101986122,0.7989158117901966,0.6509794561583275,0.8871765096312177,-11.757306444638274,4.252321190509656,11.405369483156699,9.190072207810003,-3.7160590752046794,4.004596630187699,0.29165477059469136,-8.638251880703798,7.20372799832592,3.044714790381447,0.5962298227821711,-1.5563712260733644,2.326732878889451,-1.657945322907699,-0.742101140641281,-4.576063402583767,-4.938004591557633,3.8561582071108953,-8.095409309201413,10.389918725782884,-6.236266526342862,-2.8588315686627697,-7.422157625911644,-9.953877624925443,-10.444138960666683,9.892198834033417,-4.610161018062419,7.472842994649801
