n
50
c
-183.25330015959088 -8.609279037956508 172.89244494998508 184.83298285560053 183.13947288355357 198.95283837790612 -13.760991990889654 -145.55504593943567 -144.33309698174781 4.577231627809429 168.17776993031808 28.113534792162213 214.5773767210434 -188.28894236259222 19.68188653022243 -23.471791175290534 -9.171028220434401 17.041364583324047 193.15200744181112 157.8256979721404 185.13542520560165 -163.43292925689587 -184.21137696177033 172.96614735659858 -0.65862504779854 -171.5580751538798 -145.7640424649071 -4.406632834034001 -201.13509125948892 179.8442826556977 32.890537056128366 223.00841396270764 -194.65331549220457 189.95859483659953 -13.789075205299852 -22.60394734416956 191.91695881865502 180.85397286784865 30.371003470962336 -172.32707468701068 -168.8715348761303 -225.1974083762727 202.7952636867776 -206.26256500502396 184.52861497125338 -46.52872845689373 -195.8510976984133 159.30822403425853 -6.620834438762968 9.171329495561503
Q
7.397380552459544,-1.9833508933155333,8.281810737965905,5.7521282479437605,-3.883064858657948,5.033838364216038,-4.159281940864768,-9.704554614208746,-9.172909797361397,0.4102226150533993,6.889645842465974,-4.560364852263259,4.87772714463481,3.351253693845919,7.381644484485887,-2.008123120092241,-1.8513329078152656,-1.6847155504600484,9.334144483045478,7.0512112014968045,15.504713142231575,-10.44244464417118,0.498910467715028,8.947617895097661,8.172699511701289,-5.831409071161504,-3.5639247651095736,-3.3412032949343864,0.06210011564562923,11.774227521826244,-3.740249569202121,-3.5154986337619265,-6.867582358456288,11.770260353600953,-3.7481886109405487,0.5500874349192572,9.536710898021669,11.52651387801703,-1.0327949616865937,-0.2704106442485674,2.837485439248524,3.130951239359838,2.2025468353091466,-12.833789314518452,1.5282659669525986,1.0516306076868456,-1.938334772479322,7.23133128075431,-0.9446847863748528,-0.910244597556634
-1.9833508933155335,6.133307854553489,2.8070181162781616,-7.099475262805481,5.492962383268935,0.2226718935544156,-0.1709024635106866,-3.721053323805837,-1.6649121803205882,-0.152164154269528,-1.967700712702746,-0.04268322491051636,4.511961068243914,-4.798042506528918,-0.01903703764995268,-0.07262860978453611,0.5444811651403054,0.20231420784490264,-0.21366224955225643,3.10728505763979,-3.72301614397037,0.12211028086749132,-3.75774122640063,6.384474432605642,-0.3179122077050678,0.906426738493199,-1.9468638823706148,-0.08400927326881925,-1.1566371273829532,8.346889895496707,-0.3285413164795308,1.5424145760158143,6.371516041251981,6.080160731966133,-0.38671684641805804,-0.6954568450596385,1.18650492151723,5.21712550431183,-0.3730717653874719,6.755030147051732,1.1164301366959104,8.798187619261114,0.3576107058778035,2.4248683382046257,-1.2745298762982222,-0.4765371046097976,-0.7537381729369814,-1.7460428729547721,0.1973446520484078,0.3827947518904985
8.281810737965905,2.8070181162781616,0.0505157834330614,4.646944247981935,-1.478843619317331,-6.578774488079757,5.00967707865395,-4.742131942826875,6.826444631451864,-3.490087191437167,2.48972028070509,-2.4363747148246198,-5.1184259122927696,4.805663553041917,0.8185172999264305,3.8910412692371583,6.1442682569645815,6.499201206522136,-11.735340143025352,-1.8447459276727394,-9.597284783149801,2.3304079843274588,-1.5070086430688816,-7.258295897538167,1.1473139073813805,-3.0051343512815842,7.829216867363756,1.3065606581136489,8.977957027378588,0.30163889741799055,5.890633376566686,0.1260042579099936,2.7062911816092727,-2.0552166189109173,-0.8947993750355272,-0.8754623384236119,-3.4887802877014966,1.5377769645094743,6.505977240447664,7.410902987707261,2.8276897381656125,-0.6225945310957068,-4.065834689655059,-4.601524546645988,-4.71050049543946,5.974472135347073,6.447822591459853,-6.436901573410102,-6.0600978386135225,-5.220741903839499
5.752128247943761,-7.099475262805481,4.646944247981935,2.8913722118457095,-2.0697657725927847,-13.046375139027209,-0.1056767729595417,0.6106339958994612,4.696959854585717,-0.401787619289694,1.0925463137605873,5.467972376036359,-10.803607387559738,-4.2636057010515245,2.841323903031757,0.8054534105393638,-6.413861483099202,3.9494791543525176,-13.052290999528726,-5.926650466220925,-1.7500730243817677,6.569088340915004,0.3488878492042129,-4.357164111687098,-1.976064400021234,2.305121056561707,6.440724197534785,-2.405062466970397,2.064067097704509,-4.095190899694603,-0.8773977721211128,-8.935305126221529,12.052852996557952,-2.7049214503473316,-2.5644086718062415,2.3182260066654035,1.061340964056587,-13.33798084438363,-1.7826110142887432,6.922571940748403,12.475197183261669,13.668193562292705,-0.06196789262947022,2.7972713888199445,-16.174615871868557,6.061243158189397,9.404513520890514,-10.820877927395454,1.4750361868533846,0.29538146266968374
-3.883064858657948,5.492962383268934,-1.47884361931733,-2.0697657725927856,13.748014636995286,2.4953128834569913,-2.916796776176483,4.395518526003236,3.743203561852135,-3.3157720005073994,-3.42926944769337,2.4857970069014534,-8.116443974423671,1.122324731551008,6.487676802122315,3.1111548019693047,-9.117453576620571,1.043397281929281,-2.7793530800384163,-2.027576133868293,-7.253529476702887,12.89634717595714,1.8058228518757782,5.5511339531968495,-3.414896985487903,-0.8712584541954773,7.195152824737848,-0.9729990669112791,-0.8026940993936733,-4.625221279218363,0.19683949212641141,-5.708086968617575,4.087111507627671,-12.751516672623085,7.5877976072046245,-1.0003452512697195,-3.675046750739666,0.6849169815210253,6.4355114024790225,8.579621636363298,7.556919157881611,-1.9103024302068796,-0.1851606194825437,4.379490440354052,-4.066760808601025,-6.134221065913054,-6.162426006467176,1.4861966594375635,-1.9063864061885376,-3.2179559219503893
5.033838364216039,0.22267189355441563,-6.578774488079755,-13.046375139027209,2.4953128834569913,-6.1081648277238205,-4.525940381051514,8.905298955937837,4.763248685393045,0.3190809155264204,-6.063010018214149,-9.97905550723037,-5.979361772109483,12.10976811663577,-0.05977091959383321,8.133350295768668,1.7708170409651482,-0.10668072276153878,-2.7320032223789843,-7.646279177269158,-2.2073827299688,2.9995105199078083,6.738138253081145,-8.840799267241069,6.827596832335121,0.9652517796450061,3.8086984410909452,3.8936918075078606,5.803972986267713,6.725150607942002,2.500545506840016,-10.67852033261426,1.541778341562749,-7.621994689365309,0.13963479621821853,-1.3451139385138484,-6.148787778216528,-1.8519025183135291,6.273364186487945,1.1238975007701295,13.72074904276753,4.807013227900117,2.9517320382202383,10.909844958976615,-11.466413659712044,3.615520728805335,8.057724399927862,-10.638637561223263,-3.2153930433054114,0.36834908795223786
-4.159281940864769,-0.17090246351068683,5.009677078653949,-0.10567677295954203,-2.916796776176483,-4.525940381051513,5.358794856120234,2.6024507886398127,6.753094406016869,0.6049267491624115,1.5029317137394091,-0.7191934111526813,3.461049896556947,0.4415977568777969,0.1341722043045976,0.1315667070318154,0.18520691217710922,-0.6700416327559041,2.5762632634095652,-0.6236520930709981,-0.6716123135171697,0.8141341663315469,7.2302391376414095,8.614958219899252,-0.17234368074927797,-8.85835306432255,1.1375263057324614,-0.2501446287388772,1.5446657773169665,-1.7654266022762615,-0.19356603383575588,-0.08291134218512153,0.6928740350466196,5.143934537432726,0.04620968315017851,-0.07348895503395025,1.5417590831445054,-4.970276172484869,0.04843255370548227,1.0847057796598147,-2.2843373835262595,6.952149282316324,2.2787602169566843,2.7210327176109796,-1.1240039714167103,-0.2814860932430998,-6.118175705935541,-0.519521204025192,0.2568202255135451,0.2441756647521537
-9.704554614208746,-3.7210533238058385,-4.742131942826874,0.6106339958994607,4.395518526003236,8.905298955937837,2.6024507886398123,5.259377850661326,-16.010943555793656,-2.658815694344047,11.992743041189204,3.853921440302533,0.9613221310284514,-8.598125160724894,-3.5110951135307853,-2.1593349639549446,-1.8877719591605455,1.7705827148141544,6.17925965706953,4.041940383441668,8.563519572127968,-14.802636652974499,-2.146130328721963,-2.529484379972663,-1.0742249143389397,-12.180863276293406,-12.092968009723045,3.917482129396604,-5.441896728378685,4.37341758681779,4.324409159206156,-4.03102085121692,3.6102788915301867,7.209101928516005,4.591395935901706,6.451792217222482,3.522721364043007,-0.5211235156755235,0.5207291389664116,-6.919780999948088,-4.685546291865246,0.9318695122810792,5.630230460504446,-5.125708474911956,15.502034847750835,4.834569492185415,-7.04070020049468,-1.6522097232955342,0.8469839301724232,-2.5603732499565393
-9.172909797361397,-1.664912180320588,6.826444631451863,4.696959854585717,3.743203561852134,4.763248685393045,6.75309440601687,-16.010943555793656,11.056524474609233,1.825520288356934,4.26213866319189,-1.3563760814271146,0.6804165444633121,-3.162928250247698,-9.154415834068447,-6.631692090223416,-3.5461124099820087,-8.206548188631118,3.032953963497564,4.340177370821061,-2.291563488314231,-0.8986164104209782,-2.4219659835774863,12.320716110485202,0.40534682312501624,-2.7921968079352295,-10.24441805063023,-0.3933496127377546,2.2195009293068284,13.082683438051825,-4.247936925749576,9.77485293034285,-6.259427484561503,11.26544134231738,3.3296882850697607,5.610584982422644,8.241939639103581,0.40267916584499763,-6.410159009987084,-9.540869667867973,-10.653529548665531,-0.8363029210103845,9.665893777473716,-8.617399369708526,4.080385233508064,9.83227635819287,-11.54457272398141,6.0477433815624755,2.0124847761981517,-8.08006292785954
0.41022261505339896,-0.15216415426952823,-3.490087191437166,-0.4017876192896944,-3.315772000507399,0.3190809155264204,0.6049267491624128,-2.6588156943440473,1.8255202883569344,5.657785220501276,10.136948945269392,0.10350854067423854,2.7484059136483765,-1.8547477980304294,-0.13508382150996268,-0.49138358099201884,-0.1915283285806778,-0.1765940330131595,-0.97564552283097,7.204701073183204,3.11539179686173,4.1261338386964725,8.030737181195265,9.549100361248707,0.005024642216771791,0.6991959265946024,3.1413138033764745,0.16067548898206666,-0.4413340968486539,-8.724225821529645,-0.7263023237302395,2.2036955489988515,-7.185484126108876,-2.0590201669353676,0.3351478057751726,-0.3373925150263215,1.43364617856574,-1.8448438760676238,-0.44496541467276074,1.210928001356263,5.292491407831836,-2.7216650807811793,3.3801204955899706,-9.555464414900682,-5.807850732092641,-0.5635056092820643,-4.381169684760035,-1.4495407963086264,0.5474139378736536,-0.26529773480142693
6.889645842465975,-1.9677007127027453,2.4897202807050904,1.0925463137605873,-3.42926944769337,-6.0630100182141495,1.50293171373941,11.992743041189204,4.26213866319189,10.136948945269392,6.1715957512154604,-0.09185021493042744,-4.862921654830019,8.934106218406528,-2.366127475642158,-2.211140054880739,3.4368598544369986,-1.850972844171617,-18.999528390644006,-1.966422086238444,-15.655594612707647,-1.248301136987585,8.054824158207836,0.6373632614854777,-0.771959619412248,4.064562236994207,-2.361662295843268,-5.7037762402585885,2.423848640461971,-3.771587668821681,3.181291568574124,6.529416730672575,15.040637513240483,1.596262610680647,4.719080798021323,-2.2840717863219515,-7.693403744207191,-3.1139456544930915,-2.7301966129751642,5.200204191163147,7.9523148943923605,7.030153322627707,-14.821855137809811,10.643402837529004,-13.840621301109262,0.39496037131614226,4.754864875148983,-2.524182426558354,0.4487321008465973,-6.917327183932897
-4.560364852263259,-0.04268322491051646,-2.4363747148246198,5.467972376036358,2.4857970069014526,-9.97905550723037,-0.7191934111526815,3.853921440302533,-1.356376081427115,0.10350854067423754,-0.09185021493042783,4.997943333174056,1.8356630370344642,-7.480130025205192,-0.5207792757607816,0.10503496409095825,-0.6338635453139562,-0.3567720731114574,-2.581078645743189,1.7910377207366404,-4.378690430144349,-4.617384267699358,2.7549828221527513,-4.336464923561261,0.6355831363817028,-6.774907774496722,0.04719707482127533,0.7031190001274705,3.174643828541416,4.24378626796465,0.49202623908873244,-0.40391251410218443,-1.75996188468376,-8.835779166102771,-0.2714173939101339,0.04350203404703429,-4.491232566800992,-6.7269684890297805,-0.29196362145342203,-2.8125033058474393,-0.4883584118270512,-1.9073624668641167,0.9014711669866078,-5.181815609717169,-1.1393694192752166,0.4603929101357971,-5.328662315371084,3.929689144877595,0.17568796037710666,0.5084065858478499
4.87772714463481,4.511961068243913,-5.1184259122927696,-10.803607387559737,-8.116443974423673,-5.979361772109483,3.4610498965569465,0.9613221310284518,0.6804165444633118,2.7484059136483774,-4.862921654830019,1.835663037034464,-7.423148986405799,16.65453145569062,1.9630883038263105,0.4906760758444806,-5.074807595884618,-4.676554104839908,-14.447040729512732,-15.870631362908759,-10.86128590685151,5.296904303664673,4.896242476287397,-8.751557273546101,-2.9430973280795483,1.197253606809932,-4.350162562513989,-4.121400584224325,0.7444746991133071,-9.817552191221633,1.513187518239096,-4.163507845166658,10.911477212963247,-5.1873053233059006,6.908728464304289,-1.4356062756180579,-3.771809234993434,-10.284309217919843,-1.3713223694058312,14.078730079044917,-9.331252843868633,6.650592390333592,-4.41122424473682,2.54506603504927,-11.664535767736503,-2.7302934781176944,3.728761872548818,7.541278083841292,1.77142266178984,-4.472768997619939
3.351253693845919,-4.798042506528917,4.805663553041915,-4.2636057010515245,1.1223247315510094,12.10976811663577,0.4415977568777978,-8.598125160724894,-3.162928250247697,-1.8547477980304299,8.934106218406528,-7.4801300252051925,16.65453145569062,3.208243951421231,-3.930635882969916,-2.4260458952413853,3.4300043728087273,1.2535012729281922,11.049855437362668,12.380982667819998,13.09144892807776,-2.9434829593263863,-9.163134874733464,14.435906187698727,7.690690908931828,-3.2769429761155253,-10.996567588641346,0.4413181965048482,-0.04494138054708163,5.5525502947866645,-7.280187826147227,9.273898866353013,-14.272133668713062,1.105587841949574,-0.4071271487492033,-1.2306466520565567,6.345233483374563,7.23837638041852,-0.6864769759571645,-3.5591564676600784,-12.63642887126173,1.9114994331224362,3.578358948804842,-12.058817933762459,-3.9058059466458377,4.306789603216194,-7.149962667448144,-6.7741075492587886,2.2420609959805877,4.157388257127367
7.3816444844858875,-0.01903703764995196,0.8185172999264301,2.8413239030317574,6.487676802122316,-0.05977091959383274,0.1341722043045972,-3.5110951135307844,-9.154415834068447,-0.1350838215099622,-2.366127475642159,-0.5207792757607821,1.9630883038263103,-3.930635882969916,4.912401227277051,0.02244509338788403,0.4038938515329123,-0.31512576882204324,-2.4490998489464526,-7.692154512660214,6.576608172936059,-5.845065687626771,-6.45581739406256,-6.724810662902233,-0.05841140311754833,4.850452559930967,-3.1235222898705985,0.10778363292973797,-5.173908456040262,-0.42996455032541503,0.34513969170003,-7.317282061761393,3.474739992476825,0.0349609245236111,-0.762385182888984,-0.3250424819206105,-1.8258457515454807,-3.0420983588152093,0.44286221547656235,-7.670570506231966,1.6404090220673364,-0.4460365548550434,-6.08514093000653,4.635694410438924,9.702104287656956,-0.44269833592309216,-0.1817649565396563,1.9194826719945355,0.13762577218383248,0.011680052936190566
-2.008123120092238,-0.072628609784537,3.891041269237159,0.8054534105393647,3.1111548019693047,8.133350295768668,0.1315667070318154,-2.1593349639549446,-6.6316920902234155,-0.49138358099201784,-2.2111400548807385,0.10503496409095836,0.4906760758444815,-2.426045895241385,0.022445093387885584,6.320892127039601,0.37308559855789847,-0.6291466202698078,-3.9469752089865753,-2.257179936412687,-0.9750558251644643,6.476100382137254,-6.988735510595786,-3.6644034031728507,0.6661365618296684,0.7745004639234438,7.247565300136031,-0.3907351816185513,0.16887844977994182,-3.6171899767554945,0.02110129499008162,0.5045689015501136,8.829383516678574,-8.945407140843413,-0.6794181416260069,0.5029898176683419,-4.340490431034779,5.898543301652867,-0.7219493480428886,4.170150776037623,-0.8284620892815908,3.1959002072991187,4.3046698095849685,7.669604128923347,3.89430495320764,-0.21038409938369318,2.009592620256776,2.3866637324332753,0.46594765881990624,-0.03700463139854704
-1.8513329078152658,0.5444811651403059,6.1442682569645815,-6.413861483099202,-9.117453576620573,1.7708170409651491,0.1852069121771087,-1.8877719591605437,-3.5461124099820083,-0.1915283285806782,3.4368598544369995,-0.633863545313956,-5.074807595884618,3.430004372808727,0.4038938515329118,0.37308559855789714,4.8218952149128995,-0.06517686039079668,5.0577732508816045,-4.748229107857384,5.740924652886793,-1.384269756081553,6.147681205887564,2.4668026869843818,0.354074537016886,3.5261757534092344,4.430921507638155,-0.33543914452299434,3.2343800265024667,-1.7263878202824199,0.17478872814206547,-7.671190762954282,-0.5364484374917405,-1.9838482456706656,0.3276138135659089,0.2633120290974487,-8.376081026270276,-7.877011875672762,-0.16625353998949788,1.1607062181136416,-9.416042689255095,2.2861653803571063,-5.01290059081685,-6.0233247882272485,-5.937901909135756,0.2785241632264277,4.8795782203773745,-0.2268458040028683,-0.047518909602423165,0.1449103372569519
-1.6847155504600486,0.20231420784490206,6.499201206522136,3.9494791543525167,1.0433972819292807,-0.10668072276153881,-0.670041632755904,1.770582714814154,-8.206548188631118,-0.17659403301315968,-1.8509728441716176,-0.35677207311145714,-4.676554104839909,1.2535012729281922,-0.3151257688220436,-0.6291466202698076,-0.06517686039079651,5.502119008657744,-4.36573707224369,-0.5866024484280223,-1.6839039750056557,-5.825054985584195,-7.292956227854611,-0.10009844243109442,-0.07735848172994325,5.792524384182918,0.33221074254581096,0.01989343395662327,-3.814184972385796,-1.7104654733676798,0.03442111519572677,0.35207966914479405,-2.5604464135069884,-1.923113493831103,-0.7222997918609432,-0.1330286794465128,4.084226657369302,0.19138498860946995,0.24580389313653217,-4.440825855062017,2.224458140773566,6.036773813703655,6.3121595852319645,-3.4990641385384644,1.369025067214746,-0.3969735902931657,2.8946139885139193,0.018187487006162684,0.15601514421450519,0.1901080154718133
9.334144483045478,-0.213662249552257,-11.735340143025352,-13.052290999528726,-2.7793530800384145,-2.7320032223789847,2.5762632634095666,6.1792596570695295,3.032953963497564,-0.9756455228309701,-18.999528390644006,-2.5810786457431902,-14.447040729512732,11.049855437362668,-2.4490998489464526,-3.946975208986577,5.0577732508816045,-4.36573707224369,-5.264096001723241,-9.060666787754764,-3.319981660901517,11.234622827783689,-4.0350462103207905,-15.729899370692449,2.5095648837585762,9.802690264634528,5.9897755859145,-2.471519412215817,7.238811496724864,-6.236886142720302,3.663266274504517,-10.31528387577963,-3.554384958045754,-5.150867835080824,4.658735821492263,0.729510602888646,-0.04123450313716798,-7.624573712882052,-0.11773948040555826,1.3300028268428532,-1.5847510087791754,5.143027854638462,-8.028612871560496,8.100967187547834,-6.942570216419476,-0.39525706958626017,-2.0695090426451697,-4.388746344217866,8.639034485817902,0.9376262626510564
7.051211201496803,3.1072850576397895,-1.8447459276727405,-5.9266504662209245,-2.0275761338682936,-7.646279177269158,-0.6236520930709983,4.041940383441668,4.340177370821061,7.2047010731832035,-1.966422086238444,1.7910377207366406,-15.87063136290876,12.380982667819998,-7.692154512660214,-2.2571799364126868,-4.748229107857384,-0.5866024484280226,-9.060666787754766,-7.543738065604953,0.3129433262457495,11.95716844666183,-5.200659837116428,-10.813141372942836,3.1019877781768943,16.860616440574425,-2.5387549939093463,5.472558342733437,0.379145042472517,-1.951349307063081,-4.239406565757699,-5.41680355015972,10.217042464381931,-12.277228320885728,2.6856490836660707,4.3620290452104635,-2.4789969725916805,-4.134368825681745,4.761441177601195,10.361443228685726,5.416635207777032,0.8121520313470341,-16.216332952140455,12.2327584336249,-8.630249919420262,-2.2305579245636187,1.5116378190086328,-9.221567973029261,-4.214694847605662,-3.753375604784937
15.504713142231573,-3.723016143970372,-9.5972847831498,-1.7500730243817668,-7.253529476702887,-2.2073827299688005,-0.6716123135171699,8.563519572127968,-2.29156348831423,3.1153917968617297,-15.655594612707647,-4.378690430144348,-10.861285906851512,13.09144892807776,6.576608172936059,-0.9750558251644642,5.740924652886793,-1.683903975005656,-3.319981660901518,0.3129433262457497,-7.910423553997533,-0.07294790900547704,10.739518670460546,-3.6804466088112306,-1.1198284947103023,2.815919049653958,10.506014084751433,7.144025197759578,11.459945070570825,-8.282461335846612,-5.829606406004927,1.1351180182756513,-4.829130999443218,-6.696662689534077,1.6722006343573799,-1.918327721088932,-4.141436032702948,-14.046813530526828,0.8144680407068117,11.887358005262312,3.9872722943537027,11.322852142227182,0.687027402517282,3.3851030986197617,4.292337830027912,9.346581946100743,7.507261657264457,-3.7390179973420725,9.761349118300496,1.0624290995030676
-10.44244464417118,0.12211028086749079,2.3304079843274583,6.569088340915004,12.89634717595714,2.9995105199078087,0.8141341663315462,-14.8026366529745,-0.898616410420978,4.1261338386964725,-1.2483011369875858,-4.617384267699358,5.296904303664673,-2.9434829593263867,-5.8450656876267715,6.476100382137255,-1.3842697560815538,-5.825054985584194,11.234622827783687,11.95716844666183,-0.07294790900547676,8.876001730329001,-5.589964831127648,-4.91544570947819,-0.39744166919992374,-4.010678663458993,4.264610614321926,0.030930948336584947,-8.956601972040039,-4.07556030565253,-3.022441093716137,-6.213927802941925,5.298987799082088,-3.5934615774893626,-6.969869029067098,2.016252572722157,3.333606302373578,4.455466891626445,0.0016181437155145528,-1.2847088063529868,-2.469093559869569,-8.85987171734127,3.698237256212535,0.019476487213281324,9.291241098733888,6.358939838355377,-8.893389339596416,-2.0577186631352493,3.389861592009468,-0.6928894024078067
0.49891046771502867,-3.757741226400632,-1.5070086430688812,0.34888784920421356,1.805822851875778,6.738138253081146,7.230239137641411,-2.1461303287219637,-2.421965983577486,8.030737181195267,8.054824158207836,2.7549828221527513,4.896242476287396,-9.163134874733462,-6.45581739406256,-6.988735510595788,6.147681205887563,-7.292956227854612,-4.0350462103207905,-5.200659837116428,10.739518670460544,-5.589964831127648,3.2013248971885337,13.420424135734091,2.0806404288097093,-9.386160835518833,-10.545228504497612,-2.836368322742686,-5.939571056353482,11.148288824278035,1.8169360846180462,10.961523733556792,-13.312187435374925,2.3119477772684816,2.876219050394168,3.865380896021699,9.000054068152549,8.650694391174097,8.326897751190423,-4.864026514225607,-4.277330574080777,-6.810884403913853,5.298022719534383,-5.184649315130769,10.565959832352767,4.395678881711745,-4.7844813637362105,-1.6530438662391669,-4.291288170559953,-2.4458574951546654
8.947617895097661,6.384474432605642,-7.258295897538166,-4.357164111687098,5.5511339531968495,-8.840799267241067,8.614958219899252,-2.529484379972664,12.320716110485202,9.549100361248707,0.6373632614854774,-4.336464923561261,-8.751557273546101,14.435906187698729,-6.724810662902232,-3.6644034031728507,2.4668026869843813,-0.10009844243109584,-15.729899370692449,-10.813141372942837,-3.680446608811232,-4.91544570947819,13.420424135734093,-1.4264065199900973,0.5420175777214384,4.774686256111352,-4.4177341620359885,1.5080473221711763,7.262163322325765,-13.946732707881793,0.6583241816521795,5.500381793902314,2.4569861020938744,1.3079829834723207,-6.613173689094244,-6.910859179134021,-9.695146080806772,-11.374081815185836,-0.9218130719763318,9.913431488280324,6.751805418676465,6.594461500832633,-8.834326417038437,4.975526743512605,-4.743378373865036,2.169518416075543,7.137566065367206,-4.2937012821921225,-0.3400650618296801,-0.20493106346819834
8.17269951170129,-0.3179122077050691,1.1473139073813794,-1.976064400021234,-3.4148969854879025,6.827596832335119,-0.17234368074927708,-1.0742249143389384,0.40534682312501713,0.005024642216771957,-0.7719596194122487,0.6355831363817019,-2.943097328079549,7.690690908931827,-0.05841140311754686,0.6661365618296693,0.3540745370168865,-0.07735848172994308,2.5095648837585753,3.1019877781768948,-1.1198284947103025,-0.397441669199925,2.080640428809709,0.5420175777214397,5.208060292904196,-0.7234143643174078,2.1971247588101477,0.29050094900249496,-3.9890100721244615,-2.146147567636437,0.05978864871949452,0.4736241970561511,-2.0847657708483993,-4.129339216224421,0.130039483965814,0.18868857427491015,3.8834879198617536,0.21198130822852063,-0.41445016358723286,0.7346947724131597,-4.142859646166751,-3.899470488493243,-3.7335157734334548,-2.335184106215726,1.2455910081267756,-0.3420210864724771,-6.255617037394633,5.707030612470991,0.17040782410085642,-0.6072955059979335
-5.831409071161504,0.9064267384931984,-3.0051343512815833,2.3051210565617075,-0.8712584541954782,0.9652517796450071,-8.85835306432255,-12.180863276293406,-2.7921968079352295,0.6991959265946037,4.064562236994207,-6.774907774496722,1.1972536068099318,-3.276942976115526,4.850452559930967,0.7745004639234438,3.526175753409235,5.792524384182917,9.802690264634528,16.860616440574425,2.815919049653958,-4.010678663458992,-9.386160835518833,4.774686256111352,-0.7234143643174074,8.877112248902456,-7.092251605027308,5.690860323223055,-7.923137001037498,2.7314112614792867,-5.254919564467969,-3.309697539595507,-16.130240250353655,9.954448573343141,3.0917322284178548,-2.562441146441967,6.207180331995601,5.849700583008631,-1.2547468084708433,3.271250794046118,-9.483187211384745,-3.1687850992853517,14.181971354774111,-13.112852739807161,12.68222813688526,6.964128661114561,6.70123271950366,13.202112648738252,1.673521934185447,-0.09797865129047922
-3.563924765109574,-1.9468638823706137,7.829216867363756,6.440724197534784,7.195152824737849,3.808698441090945,1.1375263057324616,-12.092968009723045,-10.24441805063023,3.1413138033764736,-2.3616622958432663,0.04719707482127433,-4.350162562513989,-10.996567588641346,-3.123522289870599,7.247565300136032,4.430921507638156,0.33221074254581096,5.9897755859145,-2.538754993909346,10.506014084751433,4.264610614321926,-10.545228504497612,-4.417734162035988,2.1971247588101477,-7.092251605027308,-2.632087175587195,-0.7740032133179321,-3.6316860826097535,3.306485324682005,-0.5306265056810615,-2.1067360055853586,-4.195679711975569,0.3461441064748496,-5.258565042437366,-4.327746182804008,0.7554312563860754,3.5598168062317455,-7.604280334595153,-6.6283561846045185,-7.357725596244369,-2.7316010926536225,3.340221590631927,2.3155081771317163,5.707092219858234,-4.054751916145133,-5.245799147711793,3.652318520545873,-4.648272119345811,-0.11358096747906551
-3.3412032949343864,-0.08400927326881907,1.3065606581136486,-2.4050624669703975,-0.9729990669112796,3.8936918075078615,-0.250144628738876,3.9174821293966047,-0.39334961273775526,0.1606754889820669,-5.703776240258589,0.7031190001274708,-4.121400584224325,0.4413181965048477,0.10778363292973758,-0.3907351816185521,-0.33543914452299406,0.019893433956623435,-2.4715194122158173,5.472558342733437,7.144025197759577,0.030930948336584718,-2.8363683227426866,1.5080473221711768,0.29050094900249535,5.690860323223055,-0.7740032133179315,5.108179106554074,-10.148870915939336,1.3130764090506226,0.7753566292728538,1.1119579394301926,-2.9701095491396172,-4.677694331468785,-0.2641699828647176,0.1569070830029673,4.741196872245036,-3.782004718465356,-0.17157936211961877,7.081653236128852,-4.716368072049279,-0.730218426029513,1.813337808961089,1.0836541958284567,3.328734163944188,-0.07896254124456492,7.329258419483551,0.6430797844173223,0.37820647855671224,0.1900219024373948
0.06210011564562823,-1.1566371273829523,8.977957027378588,2.064067097704509,-0.8026940993936723,5.803972986267714,1.5446657773169674,-5.441896728378685,2.219500929306828,-0.4413340968486539,2.4238486404619715,3.174643828541416,0.7444746991133074,-0.04494138054708108,-5.173908456040262,0.1688784497799427,3.2343800265024676,-3.8141849723857955,7.238811496724865,0.3791450424725158,11.459945070570825,-8.95660197204004,-5.939571056353481,7.262163322325765,-3.9890100721244606,-7.923137001037499,-3.6316860826097535,-10.148870915939337,7.209258663785433,-1.1054066961076368,-6.9877467486338025,10.012397091763033,-8.897758029560572,11.869646141054492,-2.561574088309566,1.5719384811279355,0.852331125096203,3.62433908761565,-8.901608061969116,-4.521741597912868,-9.264722695699998,0.1065568451155614,1.9180967523689454,-3.7875436115318304,3.362050057203819,0.6930827026522166,-9.605503143982862,7.872649443414307,0.9789923809708042,4.2797574379149514
11.774227521826244,8.346889895496707,0.30163889741799055,-4.095190899694603,-4.625221279218362,6.725150607942002,-1.7654266022762626,4.37341758681779,13.082683438051825,-8.724225821529647,-3.7715876688216805,4.24378626796465,-9.817552191221633,5.5525502947866645,-0.42996455032541453,-3.617189976755495,-1.7263878202824186,-1.7104654733676798,-6.236886142720303,-1.9513493070630807,-8.282461335846612,-4.075560305652531,11.148288824278035,-13.946732707881793,-2.1461475676364374,2.7314112614792867,3.3064853246820047,1.3130764090506224,-1.1054066961076363,-4.715030597195678,2.5173627607467663,-5.9510949058793985,7.583930277219965,-5.964503483678012,-0.6434597836616962,2.6718131787083133,-3.3810291517800026,-2.3840912261693323,2.6420036603982826,7.747023584091702,10.130330141947756,9.022591282691312,-10.28136452767985,0.8265080743127207,-4.688362535897229,9.406049321428778,3.122649610462869,-4.3478033701322945,2.382086399314674,0.8144637416843084
-3.7402495692021214,-0.328541316479531,5.890633376566685,-0.8773977721211126,0.19683949212641005,2.500545506840016,-0.193566033835755,4.324409159206156,-4.247936925749577,-0.726302323730239,3.181291568574125,0.49202623908873244,1.5131875182390966,-7.280187826147227,0.345139691700029,0.021101294990081287,0.17478872814206559,0.034421115195726326,3.663266274504517,-4.239406565757698,-5.8296064060049275,-3.0224410937161363,1.8169360846180462,0.6583241816521794,0.05978864871949577,-5.2549195644679685,-0.5306265056810631,0.7753566292728544,-6.9877467486338025,2.517362760746766,5.570134711610473,-2.7163072530310926,4.575788095231076,-1.1257035771300616,0.6756066439059283,-0.15357375131001966,-1.766510013058505,-1.309011820416039,-0.22017619758693094,1.7440869249611635,0.5230804652014078,-8.832479556495109,2.2460922409362496,-3.380601715001429,-2.052192410496082,-0.22516231094772365,-5.0240209492736225,0.133316062772745,-0.34231148299053804,-0.006969575527044913
-3.515498633761926,1.542414576015815,0.12600425790999378,-8.935305126221529,-5.708086968617575,-10.67852033261426,-0.0829113421851213,-4.031020851216921,9.77485293034285,2.203695548998852,6.529416730672575,-0.40391251410218443,-4.163507845166656,9.273898866353015,-7.317282061761395,0.5045689015501151,-7.671190762954282,0.35207966914479355,-10.315283875779627,-5.416803550159722,1.1351180182756504,-6.213927802941925,10.961523733556794,5.5003817939023145,0.4736241970561512,-3.3096975395955055,-2.1067360055853586,1.1119579394301913,10.012397091763033,-5.951094905879398,-2.7163072530310926,12.522863523375714,2.8210839451405696,-9.629984871079566,-1.2682347903737472,-0.3093802087440717,-12.903224450940348,-5.633910576017837,4.225009204565898,-6.3776688802542365,4.4630666094563125,3.9173662674724326,0.2828279759750235,0.7484358326436206,-1.8895356880795806,1.3038121817945119,9.55944461218407,-7.968869088116762,-2.734785138512474,-2.8811262975985916
-6.86758235845629,6.37151604125198,2.7062911816092727,12.052852996557952,4.087111507627671,1.5417783415627495,0.6928740350466203,3.6102788915301867,-6.2594274845615026,-7.185484126108875,15.040637513240483,-1.759961884683759,10.911477212963247,-14.272133668713062,3.474739992476825,8.829383516678574,-0.5364484374917398,-2.560446413506988,-3.5543849580457536,10.217042464381931,-4.829130999443217,5.298987799082087,-13.312187435374925,2.4569861020938744,-2.0847657708483998,-16.130240250353655,-4.1956797119755675,-2.9701095491396177,-8.897758029560572,7.583930277219965,4.575788095231076,2.82108394514057,-6.140299243756001,0.21381817546479565,7.874842947258571,2.909737414004654,-1.1936350985549933,-4.379911745492276,3.548808104382248,-8.388619672354494,1.109709439766934,-2.8782066672874236,4.002728294790767,1.3103103754835992,-1.9886716141999579,-0.3754512501838961,-6.209673630432577,3.1436967426933515,7.041665909752183,-6.311702963318049
11.770260353600953,6.080160731966135,-2.055216618910919,-2.7049214503473324,-12.751516672623085,-7.62199468936531,5.143934537432726,7.209101928516006,11.26544134231738,-2.0590201669353676,1.5962626106806472,-8.835779166102771,-5.1873053233059,1.1055878419495737,0.03496092452361088,-8.945407140843415,-1.9838482456706665,-1.923113493831102,-5.150867835080824,-12.277228320885728,-6.696662689534076,-3.5934615774893626,2.311947777268482,1.3079829834723202,-4.129339216224422,9.954448573343143,0.34614410647485006,-4.677694331468785,11.869646141054492,-5.964503483678014,-1.1257035771300614,-9.629984871079566,0.21381817546479742,7.488946873843006,1.458170237460172,3.356671462953326,-16.318687678221163,-5.735337520978372,-4.697735304242569,6.6470368599892655,-1.6812247330346475,6.078571935111972,-5.028490908271972,11.689358211809179,-2.0748555380904676,-4.648831469594054,-2.2782731708310475,-0.0714706317205156,2.095246352649954,-1.046692193133785
-3.7481886109405487,-0.38671684641805926,-0.8947993750355269,-2.564408671806243,7.587797607204624,0.13963479621821842,0.04620968315017837,4.591395935901707,3.3296882850697602,0.3351478057751722,4.719080798021324,-0.2714173939101346,6.908728464304289,-0.4071271487492043,-0.7623851828889852,-0.6794181416260076,0.32761381356590824,-0.7222997918609437,4.658735821492261,2.685649083666072,1.6722006343573783,-6.969869029067098,2.876219050394167,-6.6131736890942445,0.13003948396581322,3.091732228417856,-5.258565042437368,-0.26416998286471793,-2.5615740883095652,-0.6434597836616972,0.6756066439059288,-1.2682347903737479,7.874842947258572,1.4581702374601713,5.006024587141715,-0.09109128458428595,6.082509249958989,-0.7037653104152108,0.5598597950669159,-3.0047888631927995,1.1340323169453137,5.988343365776121,3.319520197116272,2.8113237882824667,-3.6236356268369683,-0.20444901692338613,4.161381826795978,6.977414352161105,0.0528217899968868,-0.23012883306978493
0.550087434919257,-0.6954568450596383,-0.8754623384236107,2.318226006665404,-1.0003452512697195,-1.3451139385138482,-0.07348895503394948,6.451792217222482,5.610584982422645,-0.337392515026322,-2.284071786321951,0.043502034047034385,-1.435606275618058,-1.2306466520565564,-0.3250424819206097,0.5029898176683425,0.26331202909744766,-0.13302867944651242,0.7295106028886464,4.3620290452104635,-1.9183277210889322,2.016252572722157,3.8653808960216995,-6.910859179134021,0.1886885742749101,-2.5624411464419667,-4.327746182804008,0.15690708300296768,1.5719384811279347,2.6718131787083133,-0.15357375131001946,-0.30938020874407224,2.9097374140046535,3.356671462953325,-0.0910912845842855,4.954722376500608,0.5915514057196992,4.696765975775348,-0.9194212831284686,-4.467157693348442,-1.3694307913701926,-1.9396142066355782,1.990300491591296,6.522175029983028,-5.388466327942376,0.18487971989367158,4.910769105445519,3.6790104598322184,-0.6340138759516616,0.6822532021785523
9.536710898021669,1.1865049215172303,-3.4887802877014966,1.0613409640565865,-3.675046750739667,-6.148787778216528,1.5417590831445054,3.5227213640430075,8.241939639103581,1.4336461785657404,-7.693403744207191,-4.491232566800992,-3.771809234993433,6.345233483374562,-1.82584575154548,-4.340490431034779,-8.376081026270274,4.084226657369303,-0.041234503137167144,-2.4789969725916814,-4.1414360327029485,3.3336063023735782,9.000054068152549,-9.695146080806772,3.883487919861753,6.2071803319956,0.7554312563860756,4.741196872245034,0.8523311250962027,-3.381029151780002,-1.7665100130585052,-12.903224450940348,-1.1936350985549926,-16.318687678221163,6.082509249958989,0.591551405719698,-3.45594425534558,-10.23402398171727,-0.002607059639814391,5.505784963229573,-0.20572736266243008,0.7697586453483194,-4.606474694394894,5.4420909549049945,-1.833752248812309,-7.6127921038683946,11.831544581807952,-0.5641150938053299,-0.059679795032689276,2.9174819772731304
11.526513878017028,5.21712550431183,1.5377769645094754,-13.33798084438363,0.6849169815210249,-1.8519025183135291,-4.97027617248487,-0.5211235156755235,0.4026791658449984,-1.8448438760676233,-3.113945654493091,-6.7269684890297805,-10.284309217919844,7.23837638041852,-3.042098358815209,5.898543301652866,-7.877011875672761,0.1913849886094714,-7.624573712882051,-4.134368825681745,-14.04681353052683,4.455466891626447,8.650694391174097,-11.374081815185834,0.21198130822852035,5.849700583008632,3.5598168062317446,-3.7820047184653554,3.624339087615649,-2.3840912261693328,-1.3090118204160386,-5.633910576017837,-4.379911745492276,-5.735337520978373,-0.7037653104152112,4.696765975775348,-10.23402398171727,11.490529197186238,5.834807754614941,4.801220145288522,5.922050624200569,10.521129498041638,-8.047038555327147,2.6598066550666752,-5.9028547851775475,-2.305288545520856,5.942499508501466,-1.9600993063844587,3.814478706103096,-0.6604523630969801
-1.0327949616865952,-0.37307176538747133,6.505977240447664,-1.7826110142887437,6.4355114024790225,6.273364186487944,0.048432553705481496,0.520729138966411,-6.410159009987084,-0.44496541467276074,-2.7301966129751647,-0.2919636214534226,-1.371322369405831,-0.6864769759571644,0.4428622154765615,-0.7219493480428891,-0.166253539989498,0.24580389313653173,-0.1177394804055596,4.761441177601194,0.8144680407068116,0.0016181437155140532,8.32689775119042,-0.9218130719763324,-0.41445016358723386,-1.254746808470844,-7.604280334595153,-0.1715793621196198,-8.901608061969114,2.6420036603982826,-0.22017619758693124,4.2250092045658985,3.5488081043822475,-4.69773530424257,0.5598597950669153,-0.9194212831284688,-0.002607059639814724,5.834807754614941,5.170327426088571,-2.532996705123482,-6.331262495908575,-7.334305134313702,-1.625638128690328,-6.269574426263598,-5.195911261694233,-0.008443844770131825,4.7076843080681146,4.321920338656134,0.026781491100152488,0.038253352349078895
-0.2704106442485669,6.75503014705173,7.410902987707262,6.922571940748404,8.579621636363296,1.1238975007701293,1.0847057796598158,-6.919780999948089,-9.540869667867975,1.210928001356264,5.200204191163148,-2.81250330584744,14.078730079044917,-3.559156467660079,-7.670570506231966,4.170150776037624,1.1607062181136425,-4.440825855062018,1.3300028268428519,10.361443228685726,11.887358005262312,-1.284708806352987,-4.864026514225608,9.913431488280324,0.7346947724131607,3.271250794046117,-6.628356184604519,7.081653236128853,-4.521741597912868,7.747023584091702,1.744086924961163,-6.3776688802542365,-8.388619672354494,6.647036859989266,-3.0047888631927995,-4.467157693348441,5.505784963229572,4.801220145288522,-2.532996705123482,-0.6783080422590828,-3.955128855572689,-3.532306638559593,6.524541223682735,-4.675787868493601,-5.874874250497702,7.668329778688792,-8.753293605169162,4.4693758867573825,5.7553599744126265,-0.9312533199449466
2.8374854392485234,1.1164301366959104,2.8276897381656125,12.475197183261669,7.556919157881609,13.72074904276753,-2.2843373835262604,-4.685546291865246,-10.653529548665531,5.292491407831836,7.9523148943923605,-0.48835841182705025,-9.331252843868633,-12.63642887126173,1.6404090220673353,-0.8284620892815913,-9.416042689255095,2.2244581407735664,-1.5847510087791745,5.416635207777032,3.987272294353703,-2.4690935598695685,-4.277330574080777,6.751805418676466,-4.14285964616675,-9.483187211384745,-7.35772559624437,-4.716368072049279,-9.264722695699998,10.130330141947754,0.5230804652014087,4.4630666094563125,1.109709439766935,-1.6812247330346477,1.1340323169453137,-1.369430791370192,-0.20572736266243094,5.922050624200569,-6.331262495908576,-3.955128855572689,-1.4814529582351472,0.5343079322323323,7.0070137186950525,-4.1578039951737225,14.527089767028567,4.850062849886423,-10.007774525895229,4.715563692691783,2.424129532749118,-5.178113842837574
3.130951239359837,8.798187619261114,-0.6225945310957055,13.668193562292704,-1.9103024302068796,4.807013227900117,6.9521492823163245,0.9318695122810794,-0.8363029210103847,-2.7216650807811784,7.030153322627708,-1.9073624668641158,6.650592390333593,1.911499433122437,-0.446036554855043,3.1959002072991174,2.2861653803571063,6.036773813703654,5.143027854638461,0.8121520313470336,11.322852142227182,-8.85987171734127,-6.810884403913853,6.594461500832634,-3.8994704884932445,-3.1687850992853526,-2.731601092653622,-0.730218426029513,0.10655684511556057,9.022591282691312,-8.832479556495109,3.9173662674724348,-2.8782066672874236,6.078571935111972,5.988343365776121,-1.9396142066355782,0.7697586453483197,10.52112949804164,-7.334305134313702,-3.532306638559594,0.5343079322323334,5.85804892549851,-1.680735718239552,1.3805921690606995,4.224493051500835,-2.1760510795285515,2.5513442441419603,5.281584772834443,-8.00471194622493,1.8584691822715322
2.202546835309146,0.35761070587780286,-4.065834689655058,-0.061967892629470334,-0.1851606194825447,2.9517320382202383,2.2787602169566865,5.630230460504447,9.665893777473718,3.3801204955899697,-14.82185513780981,0.9014711669866081,-4.41122424473682,3.5783589488048424,-6.08514093000653,4.304669809584969,-5.01290059081685,6.3121595852319645,-8.028612871560497,-16.216332952140455,0.6870274025172819,3.698237256212535,5.298022719534384,-8.834326417038435,-3.7335157734334556,14.181971354774111,3.340221590631927,1.8133378089610892,1.9180967523689463,-10.28136452767985,2.246092240936251,0.28282797597502296,4.002728294790766,-5.028490908271972,3.319520197116271,1.9903004915912965,-4.606474694394894,-8.047038555327147,-1.6256381286903285,6.524541223682735,7.007013718695052,-1.680735718239552,3.9450536828836427,3.8330637298155996,0.25615084853185666,0.41318966153611303,4.402282632054257,1.681057777665556,-7.3818858560826675,-5.222071163282013
-12.833789314518452,2.4248683382046248,-4.601524546645988,2.797271388819944,4.379490440354052,10.909844958976613,2.7210327176109796,-5.1257084749119555,-8.617399369708526,-9.555464414900682,10.643402837529004,-5.181815609717168,2.5450660350492695,-12.058817933762459,4.635694410438924,7.669604128923346,-6.023324788227248,-3.499064138538464,8.100967187547836,12.2327584336249,3.3851030986197617,0.019476487213281546,-5.184649315130768,4.975526743512604,-2.3351841062157273,-13.112852739807163,2.3155081771317167,1.083654195828457,-3.787543611531831,0.8265080743127209,-3.380601715001429,0.7484358326436205,1.3103103754835999,11.689358211809179,2.8113237882824658,6.522175029983028,5.4420909549049945,2.6598066550666766,-6.269574426263598,-4.675787868493602,-4.157803995173722,1.3805921690606988,3.8330637298156,-5.350026894368035,-4.888091427597402,2.9944490015859118,-4.936865137627375,9.718231504913762,-1.5507134730192345,2.485201099301637
1.5282659669525986,-1.2745298762982231,-4.710500495439461,-16.174615871868557,-4.066760808601025,-11.466413659712044,-1.124003971416711,15.502034847750835,4.080385233508064,-5.807850732092642,-13.840621301109262,-1.139369419275217,-11.664535767736503,-3.9058059466458372,9.702104287656958,3.89430495320764,-5.937901909135757,1.3690250672147464,-6.942570216419476,-8.630249919420262,4.292337830027913,9.291241098733888,10.565959832352767,-4.743378373865037,1.2455910081267758,12.68222813688526,5.707092219858234,3.3287341639441883,3.3620500572038194,-4.688362535897229,-2.052192410496082,-1.8895356880795813,-1.9886716141999574,-2.074855538090467,-3.6236356268369683,-5.388466327942376,-1.8337522488123097,-5.9028547851775475,-5.195911261694233,-5.874874250497703,14.527089767028567,4.224493051500836,0.2561508485318569,-4.888091427597402,14.472234548858598,0.4707624524970051,4.050073428346724,-5.846869240651168,6.3608084359038255,-8.957138909470457
1.051630607686845,-0.47653710460979815,5.974472135347073,6.061243158189397,-6.134221065913054,3.6155207288053357,-0.28148609324309937,4.834569492185416,9.83227635819287,-0.5635056092820638,0.3949603713161423,0.4603929101357981,-2.730293478117696,4.3067896032161945,-0.44269833592309205,-0.2103840993836925,0.27852416322642615,-0.39697359029316526,-0.39525706958625934,-2.230557924563619,9.346581946100743,6.358939838355376,4.395678881711744,2.1695184160755425,-0.342021086472478,6.96412866111456,-4.0547519161451335,-0.07896254124456437,0.6930827026522159,9.406049321428778,-0.22516231094772376,1.3038121817945116,-0.3754512501838949,-4.648831469594054,-0.20444901692338702,0.1848797198936709,-7.6127921038683946,-2.3052885455208565,-0.008443844770131603,7.668329778688791,4.850062849886423,-2.1760510795285515,0.41318966153611286,2.9944490015859118,0.4707624524970051,4.969874823743862,-1.0579436353104543,0.1721719899237072,-0.4632563526552518,-0.09577090894811313
-1.9383347724793203,-0.7537381729369818,6.447822591459854,9.404513520890516,-6.162426006467175,8.057724399927862,-6.11817570593554,-7.040700200494679,-11.54457272398141,-4.381169684760035,4.754864875148983,-5.328662315371085,3.7287618725488176,-7.149962667448145,-0.18176495653965705,2.009592620256778,4.8795782203773745,2.8946139885139193,-2.06950904264517,1.5116378190086333,7.507261657264457,-8.893389339596416,-4.7844813637362105,7.137566065367206,-6.255617037394632,6.701232719503659,-5.245799147711793,7.32925841948355,-9.605503143982862,3.122649610462871,-5.0240209492736225,9.55944461218407,-6.209673630432577,-2.2782731708310466,4.161381826795978,4.910769105445519,11.831544581807952,5.942499508501465,4.707684308068114,-8.753293605169162,-10.007774525895229,2.5513442441419603,4.402282632054257,-4.9368651376273744,4.050073428346724,-1.0579436353104539,7.357859556381617,1.87428984447914,-4.085842543278135,0.09456468405600565
7.231331280754311,-1.7460428729547741,-6.436901573410102,-10.820877927395454,1.4861966594375629,-10.638637561223263,-0.5195212040251922,-1.6522097232955337,6.0477433815624755,-1.4495407963086262,-2.5241824265583555,3.9296891448775946,7.541278083841293,-6.774107549258788,1.919482671994536,2.386663732433275,-0.22684580400286852,0.01818748700616274,-4.388746344217866,-9.221567973029261,-3.7390179973420725,-2.057718663135249,-1.6530438662391682,-4.293701282192123,5.707030612470991,13.202112648738252,3.6523185205458737,0.6430797844173219,7.872649443414306,-4.347803370132294,0.13331606277274466,-7.968869088116762,3.1436967426933515,-0.07147063172051471,6.977414352161105,3.6790104598322184,-0.5641150938053296,-1.9600993063844592,4.321920338656134,4.469375886757382,4.715563692691784,5.281584772834444,1.6810577776655555,9.718231504913762,-5.846869240651168,0.17217198992370697,1.8742898444791394,5.21464909639982,1.0007528819709661,-2.899205773656724
-0.9446847863748522,0.19734465204840707,-6.0600978386135225,1.475036186853384,-1.9063864061885372,-3.215393043305411,0.25682022551354544,0.8469839301724229,2.0124847761981512,0.5474139378736532,0.448732100846597,0.17568796037710743,1.7714226617898405,2.2420609959805873,0.1376257721838316,0.4659476588199062,-0.04751890960242294,0.15601514421450505,8.639034485817902,-4.214694847605662,9.761349118300496,3.389861592009468,-4.291288170559951,-0.3400650618296799,0.17040782410085564,1.6735219341854464,-4.64827211934581,0.3782064785567124,0.978992380970805,2.382086399314675,-0.34231148299053876,-2.7347851385124744,7.041665909752183,2.0952463526499536,0.0528217899968868,-0.634013875951662,-0.05967979503268861,3.8144787061030954,0.026781491100152155,5.755359974412626,2.424129532749118,-8.00471194622493,-7.3818858560826675,-1.5507134730192351,6.3608084359038255,-0.463256352655252,-4.085842543278135,1.0007528819709655,5.529975489645755,0.07151091153418432
-0.9102445975566333,0.3827947518904994,-5.220741903839498,0.2953814626696841,-3.217955921950389,0.36834908795223775,0.24417566475215435,-2.5603732499565384,-8.08006292785954,-0.2652977348014275,-6.917327183932898,0.5084065858478501,-4.47276899761994,4.1573882571273675,0.011680052936189789,-0.03700463139854682,0.14491033725695165,0.19010801547181344,0.9376262626510568,-3.7533756047849365,1.0624290995030679,-0.6928894024078073,-2.445857495154666,-0.20493106346819862,-0.6072955059979339,-0.09797865129047989,-0.11358096747906499,0.19002190243739442,4.2797574379149514,0.8144637416843084,-0.0069695755270455795,-2.8811262975985916,-6.311702963318048,-1.0466921931337845,-0.23012883306978565,0.6822532021785515,2.917481977273131,-0.6604523630969805,0.03825335234907923,-0.9312533199449455,-5.178113842837573,1.8584691822715327,-5.222071163282013,2.4852010993016362,-8.957138909470457,-0.09577090894811369,0.09456468405600593,-2.8992057736567234,0.07151091153418421,5.609781308493143
