n
50
c
-119.92662616371368 145.62415169925083 117.38726026161024 124.55717929608664 -27.53873782658442 137.6323376314149 138.87679136841746 143.80563204677634 -167.83647278745946 -183.90693967403118 -145.59746352806806 148.00994454238602 -137.67029090866913 -165.79680151884068 2.635297153297149 2.313307200600369 -144.0263654650352 166.37390740043116 146.23683363293355 166.59359629629793 -8.445229169691583 129.8605014069455 4.221682205108932 174.3818401929806 -115.10050454747066 -7.153822460940458 -143.8375538761713 177.66993212661302 142.14303798182476 125.43922424477908 198.22369769000977 -192.38373865431873 125.18575343903176 169.6079306939337 -129.30602697996963 -11.664843885989015 -81.59392091942456 -149.0387287859353 -141.0542792256362 -163.47718193137197 -126.55436048789699 123.14820617984714 -148.99686038026536 25.30668989846367 -128.3833524112291 -145.555830123967 -144.1537004201901 -168.05240712702732 109.91767204161253 128.4939778006947
Q
-10.831686537189942,9.859055578533267,4.336097735783352,9.42213093406583,-10.257361966076859,-1.1841795661872825,9.927959284096408,0.14000190542497642,-7.026655166251775,-10.620563269893553,-2.9467968317362008,6.77758879406465,-5.8436288756813335,-9.858740675949976,-6.856844386803811,-1.5522960618708135,-5.704496518035528,11.425957040000071,-5.965455214413109,8.440707300160573,4.7409669502726866,6.222516443714274,1.5490604802757493,8.072354528288622,-7.133597309879997,0.3469798438962406,0.9847721247976756,8.102247276607594,1.3560430661849612,-4.410888775081419,-8.091940927063416,0.6602622227518409,7.288503811149606,-0.15832238966382473,-3.50852305689885,4.503376531635759,-10.638057962558888,-8.769851645165572,5.248465389634958,-3.044704140497913,-0.11713933687517641,-2.922007500214539,-9.608265842223458,-7.615949782446267,-1.998393684826194,-13.007073818502535,-10.433354349304276,1.0786313897155269,3.473629010825494,8.246733010135786
9.859055578533267,-3.054423514912818,-10.894557968337763,-11.180077885091396,-0.3359172309567488,-2.243223969956978,-3.323681593336502,-13.520493805961149,-3.107378611254464,9.678115608099619,9.434508513183292,1.657230819480261,6.649810289877576,9.127514626381387,4.929074429464851,3.483439118889587,-0.8761224781577833,6.682372480343046,-10.458364612434305,2.893501865344924,6.194640044081139,6.048612737219151,-2.2151023231449467,-1.0092800901540495,1.2925124795870726,1.6950030955541937,-0.24590976755828475,-6.517256875971542,3.1007714214137594,-4.154265695618227,2.0031046464618916,-0.7497736531346337,-8.767542748477542,1.1483434766463618,11.664740648848195,-8.652514257798,6.653973297193625,2.046708429206692,2.2279528778401403,-7.331875761639313,11.944178665858782,4.139043319010881,13.497953425223121,-3.237270871402334,10.061653435293627,7.233609093787773,8.306745360294753,5.635283761399623,-6.2591599483427585,5.078971766013112
4.336097735783352,-10.894557968337763,-4.8475840589830375,4.510511812270275,-3.388476958021619,-2.9482106939651156,-6.287936623666438,-1.8097124632586863,5.0118888424890775,13.62926923532502,0.9400160760658658,-7.467591642860838,12.84315388793255,3.438527078636379,-7.83432412832408,6.585603006992128,7.253412799918149,-9.144496621605915,4.091354316396544,-0.633613820064292,0.9364866678513784,-5.754044808405645,0.028912154664632074,-10.158686601934376,5.9357653691759555,-0.2493198535905694,-0.29264553390901105,-8.774874740646537,-3.0017077942397536,4.612647488364754,-2.7021696940230675,9.529197668219517,-5.094037215556843,2.8026147814416422,-0.640319546265199,5.809646666342323,14.15980354174372,8.44846815367595,9.683118232368386,0.8504151148441262,5.103065147179208,-7.457451347909618,0.9991496989962684,-3.319585124450047,4.400663255239554,6.037756373350599,-3.9277040808174988,-3.3293273084329686,-2.1533442208746685,-5.814524189618937
9.42213093406583,-11.180077885091396,4.510511812270275,-5.891587858421568,5.950815988669007,-13.193642726279505,-7.36151345527648,-3.9529518839687947,9.849863376623695,-3.8086559868347143,12.017956894628663,6.77374195903028,13.87802400040915,10.826020087967537,-3.871793863160321,-4.249048713558794,1.1706621907303987,9.024611174967943,-5.5807948521654245,-10.836762805407897,8.961121922581166,-10.744886535880275,-4.670397792797595,-3.912282635331721,3.0929850550349625,-8.743727822937897,14.874562816626295,-10.125410093714414,0.11997056717050314,-5.442343434728807,2.220829953679944,10.753296614286867,-7.043688902772157,-1.6743698939908427,13.938373181410038,-6.815981898876211,2.5719915554141686,4.672215066764622,0.3291027570953624,6.018675590668728,6.108642385342279,-6.950069894606228,3.0076085261215173,5.894926184416184,2.2738865167560824,2.8444406662452266,11.217098910909256,15.647079015259765,-11.905361573783711,-6.159066069716163
-10.257361966076859,-0.3359172309567487,-3.38847695802162,5.950815988669007,4.810370778620901,-6.748536806596518,-2.348922181737978,-4.182673969754608,-2.6043174467342065,10.304158694331262,8.38249428983705,-5.901322917999073,5.665300797122534,10.11492701065757,-0.5497530430909896,0.2133057422115321,1.0857898987113963,1.822354391053206,8.890003643582187,3.8831233930494458,0.2774085648518747,-2.2076355372551957,-0.40797802437741115,-4.12770810140696,4.4922521557798865,-0.43272596489640425,-7.623694414440771,-1.6814546178349854,-3.837873321939587,-3.3984527947765333,-1.4751745090390087,1.646528335830355,2.899192843603104,1.910322760889482,-5.887762964016514,0.3393902043289475,-0.6793944249319945,5.841159271131586,-4.621471165773979,-1.6861633455868499,7.767366120357369,8.417498058728013,1.5506208356192448,0.2932276748791081,-4.134971156230768,-0.07472283849390404,0.7000896690329523,6.563919041047176,6.672524808495242,-1.9712601611560716
-1.1841795661872825,-2.2432239699569774,-2.948210693965116,-13.193642726279505,-6.748536806596518,4.698844431984467,-9.461096436383775,-10.462451562566068,-1.788101506892993,1.8717874440696054,0.07039330004053945,-13.346181278608992,-2.6279459885725758,7.511100928186011,2.918280800696915,1.9577306010848436,3.5128673714533476,-0.8693032626647139,-4.6571115653388135,-2.9325561025961813,2.665489033653486,-7.435956043052544,1.4980727317819522,-7.877954870301605,10.804325759447371,-1.2654355820631702,14.66010088630779,0.3052709948458695,0.019042037277929094,-11.220314369130499,-8.314793412562294,5.8982411075946235,-1.8166129836349627,-5.2336181430311255,5.492089168932727,2.9128683660794876,6.418161511604335,13.434358620894177,8.116162826495131,6.2323641466297195,5.729616331758146,-2.894650350354962,-4.767180768060805,1.5239304511068652,12.332275042954365,7.850063753243847,-0.7346849483446829,7.756801036610503,-1.7037067010501914,-4.900676014993104
9.92795928409641,-3.3236815933365023,-6.287936623666438,-7.361513455276481,-2.3489221817379784,-9.461096436383775,-3.713774843092355,-1.0880472125904261,1.5537558857520746,6.270722997854753,4.702435350667534,-2.456913056891871,9.378130612334703,8.57962652954313,2.6744298155237405,-0.9905975629587871,11.385676647454522,-5.526340605104444,-5.596358217290717,2.3549168682627304,-5.143901335099388,-6.144938575223526,4.216428682390113,-5.02076181992364,-6.096630011868594,-5.887584247777464,10.592653590312308,-15.457466880816956,1.1197770054724405,1.696412328447479,-4.564651731054033,-5.661038959696958,-4.767104852702109,-10.248421069945362,3.92432425742457,0.2759732467920777,0.20461472494380928,5.675441699211144,4.207385114518145,5.033229748810818,3.3927514211255207,-7.50227657582443,11.029629521431033,3.837340042577703,4.955150821763775,-2.009259830850114,-1.04852196879898,1.925413076246922,0.957175166673294,-1.9207111646591941
0.1400019054249746,-13.52049380596115,-1.8097124632586867,-3.9529518839687934,-4.182673969754608,-10.462451562566068,-1.0880472125904244,10.767408816252281,11.998324789556657,4.58102890027145,6.421865796188821,-4.777052671602222,0.8980592783539658,10.66096610008626,-1.4484625481669706,4.988334505360315,2.7272271789296054,-2.77048401697364,-16.097713757165526,-3.9147760725192455,-2.1375201732812386,-9.283171086442522,1.387992828707982,2.303858990565099,4.458298149547479,-3.1040422194937203,15.661294117939878,-4.951623718981088,-7.067718385271001,1.7172201750404232,-10.779913200376384,-4.565020062805248,-2.8439158977009154,-1.490025234417108,12.619901081844644,-4.356780975817962,-5.785912532589284,-3.9279165668756577,9.294751182410455,0.053798831817788106,1.9834872933900418,-1.9751989309193356,11.994507745873808,4.03172687974309,8.723227027016236,2.1332789811916117,-1.0023039415203034,5.370801874559429,-1.0134947724248946,-8.521251393012587
-7.026655166251774,-3.1073786112544637,5.0118888424890775,9.849863376623697,-2.604317446734207,-1.7881015068929917,1.5537558857520741,11.998324789556657,-10.85080957207867,9.25105925437494,-1.5992366076128848,11.879644399956288,2.14338161114875,-5.500272353233544,5.144169315868507,1.4927805804278078,-6.664423179805494,-2.7808252206304487,8.359264483286298,-2.2783147927045446,5.132233636823592,7.409755067026195,-2.8551224537429234,8.5448279138267,-5.5022663242133065,-8.443381287389814,-10.75213643674162,13.95945371000374,14.033288065189103,9.935013204736032,1.5806738545421526,1.0335842649915117,6.284851696493768,1.1615683241406078,-6.7888792447818185,-1.6017823400913516,-6.98287899312194,-13.58426039256372,-2.960385989892057,-9.544545417035865,3.2417348574158753,8.3358643822269,-3.6427391853887765,-0.30157047980514323,-16.721443903349893,-3.933410880446319,-2.551715201058627,7.422725721616837,4.637331490874708,12.64029189705859
-10.620563269893553,9.678115608099619,13.62926923532502,-3.8086559868347143,10.304158694331262,1.871787444069606,6.270722997854752,4.58102890027145,9.25105925437494,8.126591372767985,-5.120783493690264,9.272045497266497,-8.795272189462631,-7.345366697666097,2.0138487799636033,-8.759231747193713,0.5775301460969482,12.060612523394479,14.164652255198401,-3.7276451706155993,1.693897676850809,3.2839107440839923,-6.051020584336646,-2.7983424258453247,2.285592158277397,1.0765072814135193,-6.370201619966834,13.034776798342577,3.8568125730677867,7.979032718369993,-5.342936287146229,1.6441250312040665,6.356598755933163,4.102783147595964,-11.101003376853571,-1.7484012155219602,-11.13718743088319,4.811515552993185,-7.682611182129406,-8.208204133508875,3.966214593305476,-1.5469100173339507,-10.539019555830995,-1.800070346597561,-1.1012478704156212,-11.674682821637624,-11.034127964764673,0.511443992908146,11.977546314456722,-0.13641871110117254
-2.946796831736201,9.434508513183292,0.9400160760658671,12.017956894628664,8.38249428983705,0.07039330004053879,4.702435350667534,6.421865796188821,-1.599236607612884,-5.120783493690265,5.933352564038279,-0.6833140909836922,-0.10943446604419949,-3.9315197545986993,2.623195031531402,6.202267851343331,-10.318745652395068,5.078059250355915,6.41767226836682,-1.1088880734534492,-3.052927510460539,-2.243503531030058,3.4988786888758323,0.754044091871516,-8.74717248634037,5.346384907668299,-3.86018954803004,5.95713427394599,1.1837710215462791,3.8030699236738497,-7.952586667441635,-15.35008931284226,2.2712544260995493,12.571297795945448,-7.689742321102578,-1.3028769891058691,-13.944939783130446,-3.9780037512349056,-10.142700571390659,-1.941348993754549,-3.725366362311302,7.7140168922784245,0.888366124470236,-1.028843093311432,1.109644681897426,-2.851312868897883,-9.161105930693525,-9.068104240646106,-1.759241930335387,8.327373812785012
6.777588794064649,1.6572308194802616,-7.4675916428608415,6.773741959030279,-5.901322917999072,-13.346181278608993,-2.456913056891872,-4.77705267160222,11.879644399956288,9.272045497266497,-0.6833140909836927,-9.68538522232102,11.016706692347382,9.143820304370221,5.504897513767163,-7.845188539396586,-1.950905006788751,1.4356285593099418,-4.586458177724932,-13.873661225982453,-0.9523910739935911,-6.08472752365312,-0.7817402443475086,-12.656420386190007,-2.899008305200149,8.314023022376258,10.837324556316572,4.157283459019912,-9.741599045577791,-1.9529439851906585,-7.394520307804316,7.637764622670257,-7.161365633857867,-3.8472846792919326,12.201967473097934,0.6766089536555852,-1.2103760353251989,5.08373357006284,0.7083452457409477,10.723756204374482,0.46965317318127886,-5.866472331596752,3.0032209086758614,5.059749971146181,11.274138702900157,13.13752461154091,-4.3704534311892775,7.7574423972269635,5.253667746167483,-4.980325480150172
-5.843628875681334,6.649810289877577,12.843153887932552,13.878024000409148,5.665300797122534,-2.627945988572577,9.378130612334703,0.898059278353966,2.143381611148749,-8.795272189462631,-0.10943446604420082,11.016706692347382,6.839933140206686,-12.35632779687244,7.347750236046532,-6.230218113015926,-8.595827549073965,1.7815713452244393,6.16101160445607,14.315256897945458,0.3612489887795205,1.4669316643479688,-1.7505530253537689,-0.7929123811041869,-9.33897617402747,-5.782796276915599,-9.440383359101721,0.9420338313058995,11.247218072016356,-0.5665668550321118,1.4398058199705424,-12.70639277967734,12.212441908753144,-3.1815278911173586,7.807182152220918,-3.549017366856524,-4.452689074904973,-2.068622708799416,-8.250449677740304,-2.7661963744797835,-6.9069417841501615,3.4437872550309008,-9.449345412367402,0.6502114087414108,-3.923159023392208,-4.299932036010314,-14.739696478728536,-5.086648606850623,13.479365671138087,0.5635615699062491
-9.858740675949976,9.127514626381387,3.438527078636377,10.826020087967537,10.114927010657569,7.511100928186011,8.579626529543129,10.66096610008626,-5.500272353233543,-7.345366697666096,-3.931519754598699,9.14382030437022,-12.356327796872439,4.252455935354865,-3.8871314043480782,-6.5300639626461825,-10.839702341412224,6.088617576107526,-1.013749767476806,-0.6319218771897398,5.843838220661599,10.018149288752275,3.2221817514461106,4.404729302589172,1.2952795799688568,2.5395648701014313,-3.034292047925332,10.861090457775964,2.1047635819333506,8.127874620894389,-0.2055592238718673,2.6358204196982484,6.3945739820350065,6.8457773071024945,-16.384905325865244,-6.273490832864508,-3.0467932238815143,-11.533256801653458,-2.1079780042805645,-12.159821379298611,-2.945727189126355,18.117399327413434,1.4619280327157238,-2.259322132557049,-9.363403002998295,-7.589244794343598,-13.98098762480741,0.8004427107325188,10.18616628105926,0.11399559983588015
-6.85684438680381,4.929074429464851,-7.834324128324082,-3.871793863160322,-0.549753043090989,2.918280800696917,2.6744298155237396,-1.4484625481669708,5.144169315868507,2.0138487799636025,2.6231950315314023,5.504897513767164,7.347750236046531,-3.887131404348078,6.434757598496823,0.30104214563974796,-4.888323319815694,-5.493417012210645,3.0186250398628296,3.177410185157236,0.09688483177046647,-4.909262910581898,-0.913177486105219,3.4903908897962683,6.6560228104051244,0.29273998154257574,-6.547254568531887,3.367690485922877,-0.3791131095057325,0.2734198622685494,3.383196182162961,5.9379192774658005,-0.05867197700388127,-1.3858955584381523,5.966949186726954,-0.1995013020961682,0.5140163467796873,2.343616496907197,-7.101300330080369,-8.915890730789096,-3.6484360087571948,2.5522726126901563,-4.575545758675989,0.41729505754242935,-0.8931720056303938,2.4709430409150763,-4.212957059974095,4.161357034799345,-4.442897155215877,-0.9965793903246516
-1.5522960618708137,3.4834391188895877,6.585603006992128,-4.249048713558793,0.2133057422115324,1.957730601084844,-0.990597562958786,4.988334505360314,1.492780580427807,-8.759231747193713,6.20226785134333,-7.845188539396585,-6.230218113015926,-6.530063962646182,0.3010421456397481,5.505220117186904,-5.080485099469291,6.553280391426369,1.6351709451184058,4.620113924787517,-0.15896176122751104,6.37854194072565,0.22140897331042372,2.0874676808087207,5.068742613125363,-0.031092172113067695,5.240757025540634,-7.10074035931365,-2.415125364856395,0.6618094733557548,2.614164080922294,-0.7948067788996993,-2.290279827934479,-3.092942372462124,-6.986707955169722,0.38736635110028533,6.119385021412638,-1.2720863295411438,4.0054742661557725,9.042204139653418,4.784718150839233,-3.109640927425002,-0.43089644122340015,0.7537605782022028,-6.24035162251685,3.502805694527609,-7.951385095391528,-1.0941827420228907,1.438265461729944,-3.5027210935914432
-5.70449651803553,-0.876122478157783,7.2534127999181495,1.170662190730397,1.0857898987113974,3.5128673714533485,11.385676647454524,2.7272271789296045,-6.664423179805493,0.577530146096948,-10.318745652395068,-1.9509050067887523,-8.595827549073965,-10.839702341412224,-4.888323319815694,-5.08048509946929,0.23502944504271284,6.717654695966253,20.48150755460005,4.4316901826228285,-3.058093713264401,7.901909646038863,5.930272247512803,5.072197859130157,2.350132864037203,-6.487807120704372,4.048031538645805,11.399192818327293,6.251109913461001,6.8266650357181,-0.9461891714613813,7.879740926285844,-0.9708161989129325,2.5992796860048824,-13.501759037140523,-4.738966827640036,-15.538843842915842,-9.833942958030406,-12.87158397472146,-2.48377325247116,-1.4508547394245552,11.26608865023823,-13.184046988608518,-0.5939083720649703,-10.329363203474298,-17.470005813697977,-4.97794854701353,3.102995018475994,8.116929314834088,-3.460410682040928
11.425957040000071,6.682372480343047,-9.144496621605914,9.024611174967943,1.8223543910532054,-0.8693032626647151,-5.526340605104443,-2.7704840169736404,-2.7808252206304487,12.060612523394479,5.078059250355915,1.4356285593099427,1.7815713452244413,6.088617576107525,-5.493417012210645,6.5532803914263695,6.717654695966254,-9.148764725533471,-5.042703169735222,-5.2820719734367465,8.304731239281418,-0.6473062490454528,-3.406665260582082,-10.952295693891589,0.8028064545310118,5.122360443380629,10.041159533418133,-9.633467145897121,-3.0622035823092437,-2.8471937801374634,-7.250221653328159,5.857023811651901,-16.28779059997649,-10.969329559667436,7.764691728780902,4.032846860247407,1.4497056535709958,5.960865152027739,12.319935331771454,10.832425433495231,17.07617339299354,-10.02297321052453,-0.8339201719358227,5.49100495460558,5.3935915661945275,5.889521309613118,5.246034497340228,-2.4158012649134717,-8.589471633292202,-5.511490104959479
-5.965455214413112,-10.458364612434305,4.091354316396544,-5.5807948521654245,8.890003643582187,-4.6571115653388135,-5.596358217290718,-16.097713757165526,8.359264483286298,14.164652255198401,6.417672268366821,-4.586458177724932,6.16101160445607,-1.0137497674768061,3.0186250398628305,1.6351709451184053,20.48150755460005,-5.042703169735221,0.301286786453848,-7.935751618676102,1.9930701036833014,-0.015407099839616412,0.11319164605249565,4.65584931647458,8.658911460189763,-0.6914646980872194,3.8752221750545126,-11.489738341621482,8.792550528321287,-2.8094665551204816,-3.6095334189211683,8.420196693693438,-3.787437016164246,3.809128609614887,9.444598750158702,-9.038593150427893,-4.174295884168949,-2.0167398872899343,4.288301820506275,15.589871298538883,7.718166698547068,-11.447719009637131,-1.0447847969643425,-0.9912015649627941,-3.438477292445474,5.315037206785003,-5.8767927972320475,-2.783280150170706,-2.151750928920378,-8.861008581829125
8.440707300160573,2.8935018653449247,-0.6336138200642929,-10.836762805407897,3.8831233930494466,-2.9325561025961804,2.35491686826273,-3.914776072519245,-2.2783147927045464,-3.7276451706156,-1.1088880734534492,-13.873661225982453,14.315256897945458,-0.6319218771897392,3.1774101851572363,4.620113924787517,4.4316901826228285,-5.282071973436747,-7.935751618676101,-3.3626190667721527,1.3723731712339984,-9.291099356429335,-0.8539931933236875,-1.8542705726527338,3.8366760230471555,2.3196420391895565,-7.8263045422515845,-4.057622505073661,-5.534952373397355,-2.4239626644317376,8.056086337143828,-0.5160277029489306,3.358404620047223,4.3055442650905835,0.46382895555458925,-0.30701139243979036,7.155378317628185,1.225169894081902,0.7799365001464402,-3.6118069946276314,6.531641430329472,-6.164482383787142,9.040228639593114,1.8117228806984285,12.748101552867878,13.307802106743583,3.2305998446951465,4.489412046258154,-7.282733153932773,-5.20649601796118
4.7409669502726866,6.194640044081141,0.9364866678513795,8.961121922581166,0.2774085648518747,2.665489033653486,-5.14390133509939,-2.1375201732812377,5.132233636823593,1.6938976768508083,-3.05292751046054,-0.9523910739935906,0.3612489887795214,5.843838220661599,0.09688483177046703,-0.1589617612275116,-3.0580937132644013,8.304731239281418,1.9930701036833025,1.3723731712339982,6.457924411561629,-6.3694833946414136,-0.01318737605697795,0.3061138382519628,-4.772867594647291,0.8287056893505271,2.1007286383550663,-0.9254315824929293,4.169100267421326,0.9172967296260944,-8.202930747272559,-4.810591363133637,3.582692068761728,-7.65588686003282,0.23743590092323752,0.3466046916630534,-2.795460247482805,2.1162894075050174,2.075631766822869,4.080074838935365,-2.164026167599666,-0.7284843550196736,-3.6786741103884824,0.27291491309011917,-4.597282769978749,-0.1480911196278063,-5.424612267028611,9.678037770783575,0.29856953539827585,0.6132521426743764
6.222516443714275,6.048612737219151,-5.754044808405646,-10.744886535880276,-2.207635537255196,-7.435956043052545,-6.144938575223526,-9.283171086442524,7.409755067026196,3.283910744083993,-2.243503531030057,-6.08472752365312,1.4669316643479684,10.018149288752273,-4.909262910581897,6.378541940725648,7.901909646038862,-0.647306249045452,-0.015407099839617189,-9.291099356429335,-6.3694833946414136,-1.9931787638218879,-6.519979397915515,-9.320309819531184,1.6990148233588398,0.13120794920655926,5.566261684825619,-4.545677641387205,-1.328706734965381,1.731859531613527,-0.7802582379935672,11.258049380836706,-4.020966288246041,0.3921513464574611,2.1095784893406626,-2.2256380473959725,3.7741535773850776,-3.8099088245299564,3.014568084068441,5.149385746695412,6.507527984925838,-14.838073513662023,1.8520135841921763,0.10490805173365159,0.4299290028598016,0.3269797866837747,0.7149774177686354,3.6684311452058878,-3.0688424810990638,-0.5675772571452152
1.5490604802757495,-2.2151023231449463,0.028912154664631415,-4.670397792797594,-0.40797802437741126,1.4980727317819529,4.216428682390113,1.387992828707981,-2.855122453742923,-6.051020584336646,3.4988786888758328,-0.7817402443475077,-1.7505530253537682,3.222181751446111,-0.9131774861052184,0.22140897331042386,5.930272247512803,-3.4066652605820824,0.11319164605249532,-0.8539931933236875,-0.013187376056978381,-6.519979397915515,4.559766360494505,0.9485379949634437,-7.206544699367536,0.46059292917270445,-9.021439651389159,0.49310771411682075,-6.802561689317831,2.1902976679545714,-7.118973914734779,4.842557437180362,0.5602630302993155,-0.408349710216399,2.450247111770049,-0.1296715335935305,-1.5429859628579938,-2.01725445058733,-0.8783482871576733,-7.9249558807205265,0.9182498071274126,-3.686938305970902,8.817492182355224,-0.3009860429108733,2.8885606477662407,-0.8464100184870837,5.2507980598111175,-6.43439665788872,4.077688390104738,2.8608451387747036
8.072354528288622,-1.0092800901540493,-10.158686601934376,-3.912282635331721,-4.127708101406959,-7.877954870301606,-5.02076181992364,2.3038589905650984,8.5448279138267,-2.7983424258453247,0.7540440918715148,-12.656420386190007,-0.7929123811041868,4.404729302589172,3.49039088979627,2.087467680808722,5.072197859130156,-10.952295693891589,4.65584931647458,-1.8542705726527333,0.30611383825196237,-9.320309819531184,0.9485379949634442,-12.180331513855984,-2.0134643661769616,-0.3743178491435972,1.7173438037530127,-8.934978284489832,-2.957731260821185,-8.604507438815764,-9.695781858015662,7.4627630388840585,-6.659320970527315,-14.331676710291664,-2.527254429258302,4.826705869190536,4.870108800820728,-0.9820024199553403,11.723262827813135,-5.036611241734731,14.906532017120826,0.2643139056134125,8.711613227804943,3.184325967968369,-2.8601414689054736,-0.9219016679015478,1.2254987291628854,9.815391072191025,-9.763502106388902,-5.825971071133723
-7.133597309879995,1.2925124795870726,5.935765369175954,3.092985055034963,4.4922521557798865,10.804325759447371,-6.096630011868594,4.458298149547479,-5.502266324213307,2.285592158277396,-8.74717248634037,-2.8990083052001494,-9.33897617402747,1.2952795799688563,6.656022810405123,5.068742613125363,2.3501328640372043,0.802806454531013,8.658911460189763,3.8366760230471537,-4.772867594647291,1.699014823358839,-7.2065446993675355,-2.013464366176962,-6.579743149223104,7.130246063558166,-2.7090726456714758,0.6319551045573207,-1.8913317383692534,10.172819095517967,5.9892217727996595,0.9740857038922615,4.621674865336498,5.538520537209685,-6.827097900608903,-2.8118408525211027,-6.212162590640594,-10.901388617360162,-14.679515180495185,-4.996422277700716,-8.475976149375605,2.846041196902875,-11.728687762523816,-6.728302300757961,-9.928377936663374,-2.0441147583535657,-19.619579088417858,0.0921837006979016,9.128684030019208,9.48688414579983
0.3469798438962406,1.6950030955541942,-0.24931985359057007,-8.743727822937899,-0.4327259648964046,-1.2654355820631698,-5.887584247777464,-3.1040422194937203,-8.443381287389814,1.0765072814135195,5.3463849076683,8.314023022376258,-5.782796276915598,2.5395648701014313,0.29273998154257685,-0.03109217211306803,-6.487807120704373,5.122360443380628,-0.6914646980872196,2.319642039189555,0.8287056893505285,0.13120794920655926,0.46059292917270445,-0.3743178491435971,7.130246063558166,4.846032004697558,2.4325560833120576,-3.664876540891006,-3.3177724324462976,2.129782761405757,0.7802495325560748,4.765089486706415,4.422947245923881,-4.807950172394239,8.561072977459055,0.36528498588930997,3.121807726142979,2.7213382365232275,-3.4849899394197643,4.891714050351398,-1.9800895370715408,10.16906579156657,-0.5963144943394022,-0.19497730305549987,-2.051220588336538,-0.4213939713431548,-4.64974664720357,-5.680676523598802,6.427909045061592,7.0977554840938915
0.9847721247976751,-0.24590976755828386,-0.2926455339090098,14.874562816626295,-7.62369441444077,14.660100886307792,10.592653590312308,15.661294117939878,-10.752136436741619,-6.370201619966833,-3.860189548030039,10.837324556316572,-9.440383359101721,-3.034292047925332,-6.547254568531887,5.240757025540634,4.048031538645805,10.041159533418133,3.8752221750545126,-7.826304542251584,2.100728638355066,5.566261684825618,-9.021439651389159,1.7173438037530127,-2.7090726456714758,2.4325560833120567,-2.710947346240479,-1.6436893344015995,5.637846666125296,-6.338798740089867,8.11212021297815,-4.9405148170195785,-1.997005351223091,12.07492279243118,-3.157572734061685,-0.4456272223208758,-9.422744729820336,-0.9934411918136227,-1.5542517357183114,-3.602803465887013,-11.618629897082553,-0.4270030271695342,4.559567726309695,-1.7180678675657464,0.1162467523600319,-10.853430158411733,-15.24499281891859,3.7451056379375443,-6.857200746887621,0.6539633291360571
8.102247276607594,-6.517256875971543,-8.774874740646537,-10.125410093714414,-1.6814546178349856,0.3052709948458696,-15.457466880816954,-4.951623718981088,13.959453710003741,13.034776798342577,5.957134273945989,4.157283459019912,0.9420338313058985,10.861090457775964,3.3676904859228776,-7.100740359313649,11.399192818327293,-9.633467145897121,-11.489738341621482,-4.0576225050736605,-0.9254315824929293,-4.545677641387207,0.4931077141168212,-8.934978284489832,0.6319551045573205,-3.6648765408910062,-1.643689334401599,-5.915532445050674,-0.19348388438112196,-12.440363549218862,-0.764288874310471,6.888062785742381,-5.493544029407698,-6.580978610328617,9.704648607487501,-3.0822320113676493,3.3555586983355097,3.5504729511940156,8.885182165817769,0.06485214012174056,2.078534699318225,-18.94409750564216,1.29150480818414,0.1861929046286218,-3.6378469864019665,0.9083109787161188,0.7662779351050893,6.875455776854881,-1.935986100210748,-6.6203112946453775
1.356043066184962,3.1007714214137585,-3.0017077942397523,0.11997056717050292,-3.837873321939588,0.01904203727792697,1.1197770054724414,-7.067718385271,14.033288065189103,3.8568125730677876,1.1837710215462787,-9.74159904557779,11.247218072016357,2.1047635819333497,-0.37911310950573274,-2.4151253648563946,6.251109913461001,-3.062203582309243,8.792550528321287,-5.5349523733973545,4.169100267421327,-1.3287067349653814,-6.802561689317831,-2.957731260821184,-1.8913317383692547,-3.3177724324462976,5.637846666125297,-0.1934838843811213,8.687801588083646,-0.8893371352072879,3.1873656463902624,-2.4539244620557157,2.9973110609524154,-2.9892669763664186,1.877156319412303,-7.858908987907902,-7.762531298773883,10.171570752530398,2.1112583061698436,14.148279368362308,2.3803758181005166,-0.38050967802412583,10.110758023829135,-4.004333981421707,-7.352694516579099,3.3133250853398155,1.0075681240215515,1.8119676886865812,-7.860313016503056,-0.6791598140068046
-4.4108887750814185,-4.154265695618227,4.612647488364754,-5.442343434728808,-3.3984527947765333,-11.220314369130499,1.6964123284474795,1.7172201750404228,9.935013204736034,7.979032718369994,3.803069923673849,-1.952943985190659,-0.5665668550321117,8.127874620894389,0.2734198622685502,0.6618094733557547,6.8266650357181,-2.847193780137464,-2.8094665551204816,-2.4239626644317362,0.9172967296260941,1.7318595316135275,2.190297667954571,-8.604507438815762,10.172819095517967,2.129782761405757,-6.338798740089866,-12.440363549218862,-0.8893371352072882,8.63841400005873,-3.2779921732048285,11.886059947838158,-1.3287201019856654,-6.9301857166725975,4.557915184306016,-1.872989823070435,14.265794145417411,0.28513995720626206,7.587834665691394,2.181546521778209,2.3926327890417793,1.037747150991906,-2.0714028139648075,0.6010104381492871,11.223401683120942,4.187469832787128,1.0811632734204948,-2.5413242279220123,2.729885908997912,-7.828384695380928
-8.091940927063416,2.0031046464618907,-2.7021696940230675,2.2208299536799436,-1.4751745090390074,-8.314793412562294,-4.564651731054033,-10.779913200376386,1.5806738545421521,-5.342936287146229,-7.9525866674416354,-7.394520307804315,1.439805819970542,-0.20555922387186773,3.38319618216296,2.6141640809222935,-0.9461891714613816,-7.250221653328159,-3.6095334189211683,8.056086337143828,-8.202930747272559,-0.7802582379935671,-7.11897391473478,-9.695781858015662,5.98922177279966,0.7802495325560748,8.11212021297815,-0.7642888743104708,3.1873656463902624,-3.2779921732048285,1.9675603072886414,12.563076730166767,8.389831240113317,-12.64909451224921,4.204216969742146,-0.18019693475374943,-2.84545209308639,6.49464679184886,0.695085711611208,16.576652764760368,-1.047773195513984,-8.792397040585215,3.4518138472283697,1.4506778494404973,5.108372647521381,-1.5593725094965447,1.4302585013362297,8.117796724936953,-3.0613906846005055,-5.393868103548691
0.6602622227518405,-0.7497736531346327,9.529197668219517,10.75329661428687,1.6465283358303544,5.898241107594624,-5.661038959696959,-4.565020062805248,1.033584264991511,1.6441250312040667,-15.350089312842258,7.637764622670257,-12.70639277967734,2.6358204196982484,5.937919277465799,-0.7948067788997005,7.8797409262858435,5.8570238116519,8.420196693693438,-0.5160277029489304,-4.8105913631336366,11.258049380836706,4.842557437180363,7.462763038884059,0.974085703892262,4.765089486706417,-4.9405148170195785,6.888062785742381,-2.4539244620557157,11.88605994783816,12.563076730166767,-2.909921223327686,5.658065256854272,3.2642391569058167,-11.037257934240138,4.957021764830782,-8.285758865052824,-0.7558885379870547,3.3336910125391306,7.442864871638807,-10.951807185718296,14.852792413872129,-9.809904714721682,0.8278133466275885,-1.6484463939859904,-5.731357920078544,0.24884088430388973,-2.25385147612231,-1.9413971086060426,4.874742007669711
7.288503811149605,-8.767542748477542,-5.094037215556843,-7.043688902772155,2.899192843603104,-1.8166129836349632,-4.767104852702109,-2.843915897700915,6.284851696493767,6.356598755933165,2.2712544260995484,-7.1613656338578675,12.212441908753142,6.394573982035006,-0.058671977003879716,-2.2902798279344805,-0.9708161989129318,-16.28779059997649,-3.7874370161642457,3.3584046200472235,3.582692068761729,-4.02096628824604,0.5602630302993156,-6.659320970527314,4.621674865336498,4.422947245923884,-1.9970053512230912,-5.493544029407698,2.997311060952414,-1.3287201019856654,8.389831240113317,5.65806525685427,2.5090311539634964,-10.588460397981176,4.136577256678321,5.465233428257281,6.361509269311519,0.8182171614505351,-1.6764181752355474,10.186719336842854,10.04011004711202,-8.262322362997795,-2.834021059441434,7.580529932834378,-2.7503049895275336,15.538842965275938,8.87756134102245,0.2535712194420775,-3.709485080176484,-6.56612287147065
-0.1583223896638234,1.148343476646363,2.8026147814416422,-1.6743698939908436,1.910322760889481,-5.233618143031125,-10.248421069945362,-1.490025234417108,1.1615683241406087,4.102783147595964,12.571297795945448,-3.8472846792919326,-3.1815278911173577,6.845777307102495,-1.3858955584381534,-3.0929423724621254,2.599279686004883,-10.969329559667436,3.8091286096148878,4.3055442650905835,-7.65588686003282,0.3921513464574613,-0.40834971021639843,-14.331676710291664,5.538520537209685,-4.807950172394239,12.074922792431177,-6.580978610328618,-2.9892669763664177,-6.930185716672598,-12.64909451224921,3.2642391569058162,-10.588460397981175,-3.2523481497446474,-3.5389809892136213,3.7321844126905805,2.628908824116147,6.33763449896775,-1.1683695420297875,-0.2650714504208982,4.26931102169859,-9.007240339709995,-2.306059743929251,2.8732620983819555,1.902485862528383,5.800754921504277,9.267813457910338,7.542863295351971,-8.111774251509344,-4.434935660570442
-3.5085230568988495,11.664740648848195,-0.6403195462651997,13.938373181410038,-5.887762964016515,5.4920891689327265,3.9243242574245696,12.619901081844644,-6.788879244781818,-11.101003376853573,-7.689742321102577,12.201967473097934,7.807182152220919,-16.38490532586524,5.966949186726955,-6.986707955169723,-13.501759037140523,7.764691728780902,9.444598750158702,0.46382895555459025,0.23743590092323774,2.1095784893406635,2.450247111770048,-2.5272544292583032,-6.827097900608903,8.561072977459053,-3.157572734061685,9.7046486074875,1.8771563194123042,4.557915184306015,4.204216969742147,-11.037257934240138,4.13657725667832,-3.5389809892136217,7.57777970608103,4.434204383806767,-8.59104159478715,-4.642446482205883,-0.9475589708101235,-2.4217107138188325,-16.039916353842916,11.231556405135535,-0.7042396228580499,-5.654467645534252,-1.660294834060903,-5.0319394739349015,-9.494557957945318,1.8052045518828999,3.886654693607844,2.9163707427146743
4.503376531635759,-8.652514257798,5.8096466663423225,-6.815981898876211,0.33939020432894873,2.912868366079488,0.2759732467920776,-4.356780975817962,-1.6017823400913511,-1.7484012155219604,-1.3028769891058696,0.6766089536555846,-3.549017366856525,-6.27349083286451,-0.19950130209616823,0.38736635110028567,-4.738966827640037,4.032846860247408,-9.038593150427893,-0.30701139243979003,0.3466046916630532,-2.2256380473959716,-0.12967153359353023,4.826705869190536,-2.8118408525211036,0.36528498588931013,-0.44562722232087615,-3.0822320113676485,-7.858908987907902,-1.8729898230704345,-0.18019693475374954,4.957021764830783,5.465233428257281,3.73218441269058,4.434204383806768,6.341330796346025,-2.4952474574409953,1.3802206228619858,-0.38166500174036133,3.9080778901809325,2.400585069331657,8.752131658470972,2.3325025017313346,-0.0907205554242414,1.8567442048543492,2.988173629722402,1.1176800827668028,0.9113779636205308,-5.305275266164994,-4.501125396706991
-10.638057962558888,6.653973297193624,14.15980354174372,2.5719915554141686,-0.6793944249319942,6.418161511604335,0.20461472494380833,-5.785912532589283,-6.982878993121938,-11.137187430883188,-13.944939783130444,-1.2103760353251984,-4.452689074904972,-3.0467932238815147,0.5140163467796877,6.119385021412638,-15.538843842915842,1.4497056535709967,-4.174295884168949,7.155378317628185,-2.795460247482805,3.774153577385078,-1.542985962857994,4.870108800820727,-6.212162590640595,3.121807726142979,-9.422744729820337,3.35555869833551,-7.762531298773883,14.265794145417411,-2.84545209308639,-8.285758865052824,6.361509269311519,2.628908824116146,-8.591041594787152,-2.495247457440996,-13.85568851224128,-3.149716230050745,-8.476074217648861,-0.9137353907316614,-5.644959024207277,4.378160358478334,-8.6807608341689,-2.2900326858319056,-7.712382606692008,7.85158547412202,-1.7005315842534259,1.8204317755295654,3.0046254770312535,9.526572406627055
-8.76985164516557,2.046708429206692,8.44846815367595,4.672215066764622,5.841159271131585,13.434358620894177,5.675441699211144,-3.9279165668756577,-13.58426039256372,4.811515552993184,-3.9780037512349065,5.083733570062839,-2.068622708799416,-11.533256801653458,2.343616496907198,-1.2720863295411435,-9.833942958030406,5.960865152027739,-2.016739887289934,1.2251698940819027,2.1162894075050174,-3.8099088245299573,-2.0172544505873304,-0.9820024199553403,-10.90138861736016,2.7213382365232275,-0.9934411918136231,3.5504729511940156,10.171570752530398,0.2851399572062613,6.494646791848859,-0.755888537987055,0.8182171614505356,6.33763449896775,-4.642446482205883,1.3802206228619864,-3.149716230050744,-5.699104659776698,-9.270765446349126,-15.217366721320568,-0.08875691695348387,4.38308986816504,-9.022154988230406,-0.9654480640889216,-2.180623375239541,1.1648080672357208,0.41317299950146746,-6.403291024977474,7.9904522468111665,9.022056896390241
5.2484653896349585,2.227952877840139,9.683118232368386,0.32910275709536196,-4.621471165773979,8.116162826495131,4.207385114518146,9.294751182410455,-2.9603859898920573,-7.682611182129406,-10.142700571390659,0.7083452457409481,-8.250449677740304,-2.1079780042805636,-7.10130033008037,4.0054742661557725,-12.871583974721462,12.319935331771454,4.288301820506275,0.7799365001464408,2.0756317668228705,3.0145680840684403,-0.8783482871576724,11.723262827813135,-14.679515180495185,-3.484989939419764,-1.554251735718311,8.885182165817769,2.1112583061698444,7.587834665691394,0.6950857116112088,3.333691012539132,-1.676418175235546,-1.1683695420297868,-0.9475589708101227,-0.38166500174036144,-8.476074217648861,-9.270765446349126,7.552649786451787,-12.219604489572172,4.945837706222694,2.3695154236750824,-5.926337276637355,-0.1596501728997508,-17.674550572825037,7.049270073253648,-2.324748498879456,-10.300511021552568,9.049621550251592,7.075812116884028
-3.044704140497913,-7.331875761639313,0.8504151148441264,6.018675590668727,-1.6861633455868494,6.232364146629719,5.033229748810817,0.053798831817787884,-9.544545417035867,-8.208204133508874,-1.941348993754549,10.723756204374482,-2.766196374479782,-12.159821379298613,-8.915890730789096,9.042204139653418,-2.483773252471161,10.832425433495231,15.589871298538881,-3.6118069946276323,4.080074838935365,5.149385746695412,-7.9249558807205265,-5.036611241734731,-4.996422277700716,4.891714050351398,-3.6028034658870136,0.06485214012174123,14.148279368362308,2.181546521778209,16.576652764760368,7.442864871638806,10.186719336842854,-0.2650714504208984,-2.4217107138188307,3.908077890180934,-0.9137353907316608,-15.217366721320568,-12.219604489572172,12.6606957620651,-6.138608642639164,0.6499716202413379,-12.878631878855026,1.419020435480032,-17.794522250751,2.0515410605437387,-16.19850059295432,-1.1810127405295259,15.879578290378749,8.757199520767113
-0.11713933687517797,11.944178665858782,5.10306514717921,6.108642385342278,7.767366120357369,5.729616331758148,3.392751421125521,1.9834872933900418,3.2417348574158753,3.9662145933054758,-3.725366362311302,0.4696531731812791,-6.906941784150161,-2.9457271891263543,-3.6484360087571943,4.7847181508392325,-1.4508547394245555,17.07617339299354,7.718166698547069,6.531641430329472,-2.164026167599666,6.507527984925838,0.9182498071274134,14.906532017120826,-8.475976149375605,-1.9800895370715415,-11.618629897082553,2.0785346993182245,2.3803758181005166,2.3926327890417793,-1.0477731955139853,-10.951807185718298,10.04011004711202,4.26931102169859,-16.039916353842916,2.400585069331656,-5.644959024207277,-0.08875691695348387,4.945837706222694,-6.138608642639164,8.768214738064165,2.6704374344575776,-0.10709426334949546,-3.353294794964326,-15.801259979742479,-8.3913043240162,1.3950177828931891,-15.369355616422375,7.529974572632221,1.635065337518876
-2.922007500214539,4.139043319010881,-7.457451347909618,-6.950069894606227,8.417498058728011,-2.894650350354961,-7.502276575824429,-1.9751989309193367,8.335864382226898,-1.5469100173339503,7.714016892278424,-5.866472331596752,3.443787255030901,18.117399327413434,2.552272612690156,-3.1096409274250014,11.266088650238231,-10.02297321052453,-11.447719009637131,-6.164482383787142,-0.7284843550196727,-14.838073513662023,-3.686938305970902,0.2643139056134117,2.846041196902874,10.16906579156657,-0.427003027169535,-18.94409750564216,-0.38050967802412683,1.0377471509919056,-8.792397040585215,14.852792413872127,-8.262322362997795,-9.007240339709995,11.231556405135535,8.752131658470972,4.378160358478335,4.383089868165041,2.3695154236750833,0.6499716202413378,2.670437434457577,-1.0406034840307754,1.2838457171658162,0.4821832457331019,4.037330727750526,14.56559141952343,8.139629285331905,8.029070165502477,-5.917821044123042,-8.706805450273045
-9.608265842223458,13.49795342522312,0.9991496989962678,3.0076085261215164,1.5506208356192435,-4.767180768060805,11.029629521431035,11.994507745873808,-3.6427391853887765,-10.539019555830997,0.8883661244702351,3.0032209086758623,-9.449345412367402,1.4619280327157242,-4.57554575867599,-0.43089644122339976,-13.184046988608518,-0.8339201719358231,-1.0447847969643407,9.040228639593114,-3.678674110388481,1.8520135841921768,8.817492182355224,8.711613227804943,-11.728687762523816,-0.5963144943394021,4.5595677263096945,1.2915048081841394,10.110758023829133,-2.071402813964808,3.45181384722837,-9.80990471472168,-2.834021059441434,-2.3060597439292523,-0.7042396228580512,2.332502501731335,-8.680760834168902,-9.022154988230406,-5.926337276637353,-12.878631878855028,-0.10709426334949601,1.2838457171658157,-2.740415386495396,4.0662376019753,-9.913645300321713,-2.394191810696984,-2.259572387997267,3.736424444745694,6.38658018965546,2.3090496360290627
-7.615949782446267,-3.237270871402335,-3.319585124450046,5.8949261844161835,0.29322767487910806,1.5239304511068656,3.837340042577703,4.03172687974309,-0.3015704798051434,-1.8000703465975605,-1.0288430933114325,5.05974997114618,0.6502114087414106,-2.2593221325570494,0.41729505754242857,0.7537605782022034,-0.5939083720649697,5.49100495460558,-0.9912015649627934,1.8117228806984285,0.2729149130901207,0.10490805173365153,-0.30098604291087233,3.1843259679683684,-6.72830230075796,-0.19497730305549926,-1.7180678675657468,0.18619290462862093,-4.0043339814217065,0.6010104381492865,1.4506778494404977,0.8278133466275885,7.580529932834379,2.873262098381955,-5.654467645534251,-0.09072055542424025,-2.290032685831906,-0.9654480640889214,-0.15965017289975092,1.4190204354800318,-3.353294794964327,0.4821832457331021,4.0662376019753,5.345237719416966,-7.972074925588361,10.502177250936782,-3.8352024077553875,-1.7272987271519977,6.5249168640810185,2.723274839095795
-1.9983936848261943,10.061653435293627,4.400663255239555,2.273886516756084,-4.134971156230767,12.332275042954365,4.955150821763775,8.723227027016236,-16.721443903349893,-1.1012478704156208,1.109644681897426,11.274138702900157,-3.9231590233922082,-9.363403002998295,-0.8931720056303953,-6.24035162251685,-10.329363203474296,5.3935915661945275,-3.438477292445474,12.748101552867876,-4.597282769978749,0.4299290028598026,2.88856064776624,-2.8601414689054736,-9.928377936663374,-2.0512205883365366,0.11624675236003176,-3.6378469864019674,-7.3526945165791,11.223401683120944,5.1083726475213815,-1.6484463939859895,-2.750304989527532,1.9024858625283847,-1.6602948340609023,1.8567442048543492,-7.712382606692008,-2.1806233752395414,-17.674550572825037,-17.794522250751,-15.801259979742479,4.0373307277505255,-9.913645300321715,-7.9720749255883625,-12.198990858228314,4.173913767698418,-0.31898617260398043,-2.6358929741086685,15.238375063171105,6.761845830352611
-13.007073818502535,7.233609093787772,6.037756373350598,2.8444406662452275,-0.07472283849390476,7.850063753243846,-2.0092598308501137,2.133278981191612,-3.9334108804463193,-11.674682821637626,-2.851312868897882,13.13752461154091,-4.299932036010314,-7.589244794343598,2.470943040915076,3.502805694527609,-17.470005813697977,5.8895213096131185,5.315037206785002,13.307802106743583,-0.14809111962780697,0.3269797866837742,-0.8464100184870833,-0.9219016679015487,-2.044114758353565,-0.42139397134315515,-10.853430158411733,0.9083109787161189,3.313325085339816,4.187469832787128,-1.559372509496545,-5.731357920078542,15.538842965275938,5.800754921504277,-5.0319394739349015,2.988173629722403,7.851585474122019,1.1648080672357206,7.049270073253647,2.0515410605437383,-8.391304324016202,14.56559141952343,-2.3941918106969826,10.502177250936782,4.173913767698419,-6.576328447604393,1.068559137157178,-16.49016207566855,1.7161512748987704,9.329184494554118
-10.433354349304276,8.306745360294753,-3.9277040808174983,11.217098910909256,0.7000896690329534,-0.7346849483446828,-1.0485219687989797,-1.0023039415203028,-2.551715201058627,-11.034127964764675,-9.161105930693525,-4.370453431189277,-14.739696478728535,-13.980987624807412,-4.212957059974096,-7.951385095391528,-4.97794854701353,5.246034497340229,-5.8767927972320475,3.230599844695147,-5.424612267028612,0.7149774177686352,5.2507980598111175,1.2254987291628858,-19.619579088417858,-4.64974664720357,-15.244992818918591,0.76627793510509,1.0075681240215515,1.081163273420495,1.4302585013362292,0.24884088430388984,8.87756134102245,9.267813457910338,-9.494557957945318,1.1176800827668023,-1.700531584253426,0.41317299950146835,-2.3247484988794556,-16.19850059295432,1.3950177828931898,8.139629285331903,-2.259572387997266,-3.835202407755387,-0.31898617260398066,1.0685591371571785,-1.4056730498526333,-3.0144173771829545,-4.042648101684403,2.167309342665752
1.0786313897155255,5.635283761399624,-3.329327308432968,15.647079015259765,6.563919041047175,7.756801036610503,1.9254130762469228,5.370801874559429,7.422725721616837,0.5114439929081457,-9.068104240646104,7.7574423972269635,-5.086648606850624,0.8004427107325195,4.1613570347993445,-1.094182742022891,3.102995018475994,-2.415801264913472,-2.7832801501707056,4.489412046258153,9.678037770783575,3.6684311452058878,-6.434396657888721,9.815391072191026,0.0921837006979016,-5.680676523598802,3.745105637937545,6.8754557768548805,1.811967688686582,-2.5413242279220123,8.117796724936953,-2.2538514761223114,0.25357121944207783,7.542863295351971,1.8052045518828996,0.9113779636205304,1.8204317755295654,-6.403291024977473,-10.300511021552568,-1.1810127405295263,-15.369355616422375,8.029070165502477,3.736424444745694,-1.7272987271519977,-2.6358929741086685,-16.49016207566855,-3.014417377182955,-3.814276003959697,4.8550566956464145,13.451244159120135
3.473629010825495,-6.259159948342758,-2.1533442208746685,-11.905361573783711,6.672524808495243,-1.7037067010501903,0.9571751666732932,-1.0134947724248935,4.637331490874708,11.977546314456722,-1.7592419303353877,5.253667746167483,13.479365671138087,10.18616628105926,-4.442897155215878,1.4382654617299442,8.11692931483409,-8.589471633292202,-2.151750928920378,-7.282733153932773,0.29856953539827424,-3.0688424810990638,4.077688390104738,-9.763502106388904,9.128684030019208,6.427909045061591,-6.857200746887622,-1.9359861002107475,-7.860313016503056,2.7298859089979124,-3.0613906846005063,-1.9413971086060444,-3.709485080176484,-8.111774251509344,3.8866546936078445,-5.305275266164994,3.0046254770312535,7.990452246811167,9.049621550251592,15.879578290378749,7.52997457263222,-5.917821044123042,6.38658018965546,6.524916864081019,15.238375063171105,1.7161512748987695,-4.042648101684403,4.8550566956464145,14.122770794199118,1.4940920698504603
8.246733010135786,5.078971766013112,-5.814524189618938,-6.159066069716164,-1.9712601611560718,-4.900676014993104,-1.9207111646591946,-8.521251393012589,12.64029189705859,-0.13641871110117176,8.327373812785012,-4.98032548015017,0.5635615699062497,0.1139955998358792,-0.9965793903246518,-3.502721093591444,-3.4604106820409286,-5.511490104959479,-8.861008581829127,-5.20649601796118,0.6132521426743773,-0.5675772571452159,2.860845138774703,-5.825971071133722,9.486884145799829,7.0977554840938915,0.6539633291360571,-6.620311294645377,-0.6791598140068043,-7.828384695380928,-5.39386810354869,4.874742007669711,-6.56612287147065,-4.434935660570441,2.916370742714674,-4.501125396706992,9.526572406627055,9.022056896390243,7.075812116884028,8.757199520767113,1.6350653375188764,-8.706805450273043,2.309049636029063,2.7232748390957955,6.76184583035261,9.329184494554118,2.167309342665752,13.451244159120137,1.4940920698504596,11.31925827758053
