n
50
c
151.2880352510445 7.51861888330208 -211.6509382627896 -149.6616091028978 187.77714203171436 14.536711881840512 -216.40576930469246 -12.410411184064717 -18.94588079500903 207.87656203784223 156.971126802121 216.03641471138914 -5.621083133414124 188.6401568706685 -27.736236800534204 194.3529467413828 -205.62994739492117 180.02631860936515 -192.04559000227647 116.96628329157494 -38.025962614623914 -169.80634682049845 -173.6113037661729 107.93419979688295 24.54774420678839 -211.06819230738841 210.2589280876256 187.39161374803703 186.0262475465052 -166.9207469802161 17.260120644411266 -12.946189198621822 152.43647554982633 207.22592883660747 199.2759460755988 213.9166899406852 -223.51400051459098 152.1616150308957 16.00650180581634 33.20290317238502 -191.77669092870093 -38.514602165412875 -228.1330112234422 187.8508537549723 -177.73369278660164 254.12241369095162 -12.405839009726229 143.62569744397075 -148.83283902439055 175.09019689298069
Q
-1.9869873120247767,2.2812388904589005,7.923135527686521,8.370371775779578,1.9105229340341632,-2.8709135411567797,6.334661328217822,7.036579697069966,-0.646266833293645,2.5732825292937958,6.028952631156881,-15.228334194288406,5.398607041498384,2.654278200133673,3.855015275231345,-16.114305079325206,8.15463238482168,-1.955038707758383,3.285336036880866,-6.236637876537269,-2.124292467878627,-3.0147234657004573,5.650538699693795,4.153149400757545,-1.706394583191004,8.01991666471378,-12.821038308428683,3.053394245503067,-4.082366782801846,9.443686143635635,5.213018400012074,2.09869467988516,-12.27055826407174,-8.951049144884173,-0.18056418334143887,-5.420758510249808,1.709738092616559,-5.856581843612365,-2.959349896450239,-3.5905773132800323,8.321332662291995,3.577867720265508,11.530130617672725,-4.44617892030612,2.2201500316074783,-8.117269361659567,-4.951153907603337,-1.5942576462656057,5.203240510814883,-3.9039302399055145
2.281238890458901,4.663875341059823,-0.008327833750247426,0.06451749312832455,1.5185647127800679,-0.8073800618286787,0.8294837747362149,-0.26167571556722335,0.21944763718607485,0.30977406113788064,4.909295183987656,-3.4133073964501808,-0.10565872919021735,4.174152256408002,-0.18510291629224418,1.9342780744508377,-4.28697810245869,-0.26060273266686584,-4.972465043587905,0.8006725547298461,-0.3966300950563868,-0.3144368605950123,7.513610387333226,4.898223275307791,0.11627630357272634,-4.593128821718599,0.10002749814065415,1.7988419348312308,0.7805405444750085,0.13665525183853688,0.2941309956124004,0.4898921132678856,4.589988162815708,2.4468443349512086,-3.2829722538854367,5.780432469714941,3.964036267064227,-0.3821922488371281,-0.23403161365163105,-0.06962991799502724,-4.485511000003489,-0.13421589385433155,1.924489279902076,-0.33255688932684146,-2.9461163773231833,3.8667668717272266,0.8070155358899387,3.793651378339534,-4.635526032031885,9.691945524190398
7.92313552768652,-0.008327833750247704,14.186224414471761,5.0731036908857625,-4.679193870792753,8.162687247862483,-3.1242892833195945,-4.290091608839596,8.851354319607662,8.868596304956979,14.364518003660416,-0.7896721816088269,-1.5209028065793306,2.0862305032624824,-2.1441642391249007,0.23772300147633166,0.6072379016193821,8.097795760827474,-6.692573779473826,12.58437604078149,-0.06371973467060088,-10.734042335600217,-11.460864520619205,3.9233694275495226,-0.2800365778981281,3.0619103273488513,8.886146317761108,9.003263832411804,12.892870279425543,-3.2933400905003425,-5.499566996171365,2.2315230099897048,9.848025572977763,8.641518533300333,-2.3995982931727644,8.294609298596104,2.3626838495350784,0.645174670226952,-1.7394323320160718,4.233629545035587,-9.089551282476183,-3.8333435093576638,-2.4428031845647897,9.096533763604834,0.06287335342425626,-0.9801623962051201,4.325047653503131,7.4555301971082555,5.314298141362428,1.1444808434065648
8.370371775779578,0.06451749312832444,5.073103690885764,0.07410952094949419,-3.758865088484982,3.0177035462065374,7.034239105055789,0.9297791416081279,-6.209918242952871,10.082047927277099,6.131433698994702,5.389820377717329,-6.18119080129169,2.317351899283158,-0.6047334381438823,2.9722266788378353,-11.710116089809492,10.17105908480519,4.040296902950018,11.935098428494985,9.293199770415807,-4.415034976579549,-1.3214720965394506,4.176536613520362,1.9670921725490562,-6.959741032935123,4.611555112002214,4.321754494806574,12.195747557504713,-3.6196237280568275,-6.556824618442765,4.4730875839006945,-2.4037621604558947,11.116512157966616,1.0348061189207562,-1.49383230221038,0.5911876312130382,0.9977015536048361,3.844241962233755,-3.5623399049593445,-7.164293446674654,7.688620184460572,-8.361710983009683,2.7635730648647163,-10.592594833588834,-2.7102794354539737,2.5538851120998185,9.086788769723462,-3.561714968381872,-4.3882560419083205
1.9105229340341638,1.5185647127800688,-4.679193870792753,-3.758865088484981,-2.8371106413193514,-7.554274310544622,4.944926717145967,-7.028578394310748,-5.259550284152299,-0.2831731029416238,-7.459248572807569,2.6297876975915413,-9.756196691019753,-0.11942867267949803,-1.168153787512145,-4.252869638043913,9.946828278189754,1.4179147837954686,3.347516757836881,3.3339422300617874,-5.423213807772547,13.76807768154526,1.8052868866040448,-2.0333679419948933,8.495157983873574,-4.863445616938801,-2.9933431321814683,-10.87233780266052,-12.291542025513293,5.567708624819947,7.690243872958521,-0.5014760941508001,2.0475087170509623,-8.24157867466896,-13.336335035257925,1.6423043159805373,10.716673912936846,-0.09061719302844806,-3.460034090328973,-2.491084514428366,18.435579355438428,1.6316355069396116,10.862966183014548,-3.4302367198148205,0.22141009838375172,-16.17563665404399,2.0231588172125994,-7.222040316301954,9.662889208237946,-4.72409593142717
-2.87091354115678,-0.8073800618286784,8.162687247862483,3.0177035462065356,-7.554274310544625,6.2522297291110895,0.6585009926335825,-0.12281413959773824,0.3517890969207652,3.741134763826975,7.7643563221688,2.9985672851413385,0.31099004919118833,-7.15645388522164,-0.18574155497072453,-2.3163857088846522,-3.443210062427754,-2.3797752415630438,0.7818611525926656,0.7417686565629111,0.7539831250188791,-6.324144989117452,-8.52513627654273,1.4969623249568904,-0.318067164723048,-6.571998874741886,-1.6910211267676456,-2.6947560238089223,-6.730058991071952,-2.8508194992579714,-0.8422117843738717,0.3452239389041223,-1.6294659971382677,-3.2897572124045347,-8.37196948080739,0.1876464040290196,-1.9520279860136058,1.1126001527180234,0.06571161265547776,-0.3685679406224459,1.157439673777944,-0.11594072589428761,1.1777909362719219,-1.1966059577635737,-0.9708498786770349,0.7760934484430131,0.13999519273063177,-8.622895025817936,-0.6084515656770475,5.797799604683446
6.334661328217822,0.8294837747362173,-3.124289283319593,7.034239105055788,4.944926717145967,0.6585009926335827,8.493308291022764,3.345022597839164,7.18852673862945,2.320643680269869,10.691081771072026,7.466933889018756,2.9974437626510086,0.09219469809790054,0.4002145772728527,11.746999218462312,5.687098365174619,7.391394988198358,-1.3302775834649014,6.740138774795504,6.943932123699257,-14.006834248064692,-12.159520543637226,4.408434346981436,-8.251179517706056,-9.34370579587045,2.5179478683953094,6.186789291577157,-1.108201379279985,-1.62059293113076,-7.222629438916492,-2.2064596890875436,4.296919425993899,4.531726275615883,10.741464973302094,1.320324413184598,-2.225579400523931,12.678880554841212,-3.1974700238870533,-0.3228241997860539,-10.89480461158792,0.48744057842175803,-9.083873989918496,2.5020364786743716,-2.252886143494085,-5.491852189257536,-0.0811551866065531,16.425151166852505,-9.409401754137994,0.40492908787458637
7.036579697069965,-0.26167571556722324,-4.290091608839595,0.9297791416081271,-7.02857839431075,-0.12281413959773785,3.3450225978391654,4.3575851047219905,0.20848579798211153,3.8804661786060533,-9.311835031852358,3.7425654505141863,-0.0909981504405406,1.1430902694825016,-0.0962983733154319,2.4567753223582494,3.8098692718074956,2.67656273297444,-2.8958630533256313,1.495913272953564,-0.14394505922110085,2.9557491214359386,6.203648342600329,10.43384398306212,-0.33003177408511813,6.895445063347531,-10.031824939796886,-4.034795808256265,0.06023953402276322,-8.503851683040637,-0.9644857942481169,-0.21358851800540957,-6.958754843913502,-4.196472662765777,1.711868100316448,-6.8804660924434495,6.526389100820913,-2.730692597884325,-0.6800041328481619,-0.07677518695610046,0.3243470555754745,0.5320002543453293,-1.2881515570061541,5.426040319400326,-5.823068556854488,2.1563364074761573,0.06531485661807473,-0.14500975766044377,2.9955420404662845,5.185106267650006
-0.6462668332936453,0.21944763718607452,8.851354319607662,-6.209918242952871,-5.2595502841523,0.35178909692076427,7.188526738629449,0.2084857979821122,5.647260185995028,1.0227691037712818,7.932309784593565,0.1047155481904587,-0.179833573628281,1.8066789259864302,0.49756702642965744,-3.092805450277738,9.19188385254538,-4.433954372206198,4.607883461668117,7.111993779680174,-0.8772609168284409,-0.8243372528084416,-7.503184286563194,-4.655481676864811,0.19029415544427108,-2.7984646388262524,-0.280174719567994,-4.145986230736864,-0.7992089351209071,1.119226192369843,0.22714546978740952,-0.5284049089992624,4.554081626317257,-3.3135001020533563,6.1785874173114355,7.7472129607956255,0.6943263965716616,2.0796613634279955,-0.4279027590604265,-0.12459755219224733,-0.4298362113983809,-0.9869612468095088,3.1854282229628765,-6.280386826818831,-5.220772630484134,8.83428618776052,-0.6183793143205655,8.45180906264704,6.902155743986622,4.066802418337105
2.5732825292937958,0.309774061137882,8.868596304956979,10.0820479272771,-0.2831731029416247,3.741134763826976,2.3206436802698684,3.8804661786060537,1.0227691037712825,-8.383258092225017,-3.5462589082579923,-3.469040903938094,0.7063074881821848,1.684811657414599,3.268619285964003,-5.062120353064231,5.598193000782338,-7.285818389778426,-4.369745314322719,-5.855112843966207,4.029940372791324,2.1599889977282083,5.988824184291472,-2.709788518633637,-3.2892909280102214,5.883866885308191,-16.735386787091265,3.077380915516955,-15.737713124828307,9.517514288755287,-7.965711756672206,2.2043170598561628,4.341053126999273,-11.953699418321065,-6.171736098677789,-6.918901786356622,-6.120500438979747,-5.567051071835488,-3.1743795674346216,-0.014387612501591596,8.10682326956206,-6.118612149656828,18.398082430593536,-4.45538891807364,0.9123074214779248,-15.328036067577731,-5.9831478062994705,-7.131488403674204,10.000259069730346,-3.4520076887918183
6.028952631156881,4.909295183987656,14.364518003660416,6.131433698994703,-7.45924857280757,7.7643563221688,10.691081771072026,-9.311835031852356,7.932309784593566,-3.546258908257992,9.5897564965611,-16.359316699405554,5.759770390636267,-8.254804386589589,1.7014415274122556,0.49284856884513584,11.005250176861788,1.1218645701657637,10.21891940817435,-0.03245807644740473,1.8173961561864127,-2.8079465953900415,10.157445857683719,0.8627220216665695,6.97670618275002,-1.2545106926628393,-9.021622635206764,-6.900973589737017,-6.250659805014329,14.637786187980828,-7.237226539923476,6.270054409341318,-6.9310629763515115,-3.427424202656503,-0.4267549219566229,-8.57590757438347,4.468640726644715,-0.9313164061861093,-8.465471591242519,-1.4253536341671713,11.170406864781873,6.142430597652146,6.1464892018064905,-7.534618251015987,-2.3807298412855005,-3.7720940546133868,-1.9216063714016631,-5.501784815280412,3.30409514826189,-7.002889529110445
-15.228334194288404,-3.4133073964501817,-0.7896721816088275,5.389820377717329,2.6297876975915435,2.9985672851413394,7.466933889018757,3.742565450514187,0.10471554819045772,-3.4690409039380943,-16.359316699405554,-9.509245135584809,0.3619388483854534,0.2218874932701702,2.7920807412105177,1.8217775505585443,19.147215933513746,-5.69998272114486,0.9833730278500754,-14.57306728983146,-6.6174414774489385,-1.3331598920975596,4.297379663086501,5.024998118581615,-6.552802601583851,9.318267573140092,-12.791718156545436,3.495088307144549,-8.06937074254171,6.419101360712479,3.2828638215592263,-4.695961598111998,10.337759962694026,-10.515047638888172,-0.23358192955588336,-0.3396721702951564,9.328851754187076,4.363376950465922,8.111473595582087,0.639942851071874,-4.877362138938979,1.348903421643393,6.91093468412702,-17.487745705589536,-2.2649676851117992,-13.771600579873231,-2.0141639889922427,-9.604623214962642,1.7531731025771715,-8.48426079837763
5.398607041498384,-0.10565872919021763,-1.5209028065793309,-6.181190801291692,-9.75619669101975,0.31099004919118856,2.9974437626510095,-0.09099815044054127,-0.17983357362828167,0.7063074881821843,5.759770390636266,0.361938848385454,5.690915324974997,1.1275020242224247,0.5097126970206679,2.747542352541548,7.4028497558084565,6.936749713199376,5.021434877708646,1.2204885104946297,-0.43630403519958816,0.9335391039990932,-2.9732670446581695,3.707728444156262,0.41068194543108183,1.480504274756652,-0.7283263813392369,4.467498819901016,8.68052218285917,-3.2118853248583132,0.12930110927549343,-0.02608058157610449,-0.8165358788716444,3.9200791167001827,3.5364063574763067,-0.5188811510265757,8.116690172880494,5.730038691854991,-0.15227913494914336,0.4521574093461427,-5.320172967577445,-0.8670132651289527,3.129276225477315,-4.588283778254641,-4.117224087729605,-8.890102298583814,-0.5156651408968926,3.7313275636706864,-0.8706986038460351,-1.182178386003836
2.6542782001336733,4.174152256407999,2.086230503262483,2.3173518992831577,-0.11942867267949744,-7.156453885221641,0.09219469809790004,1.143090269482502,1.8066789259864304,1.6848116574146,-8.254804386589589,0.22188749327017043,1.1275020242224243,4.038747196159424,-10.280612531904094,-6.6073449269386675,13.058051252470321,-10.055223345277154,3.703363056353197,-4.647565115559076,-5.117999893940898,4.7822048871945295,-1.7038405786346784,-7.539729670989867,5.305065197755949,3.6278749087154507,3.1275320581008272,-11.247029145422884,-13.783837907007673,6.028705033510678,6.215852002520366,-6.194869389884921,-8.76380282269668,-1.2003570723758563,-0.8895254029352175,-3.9802705299852787,10.666476283506963,5.453919943321871,-1.047120699185735,-4.263199349878384,6.181980906836266,-5.730723966095487,8.61552574568565,9.069953151920684,-0.6790018259362143,-9.469618877440915,-4.936646846378445,-2.1742646799606664,-2.965332712174886,-5.010273360906666
3.855015275231345,-0.18510291629224307,-2.1441642391249007,-0.6047334381438824,-1.1681537875121455,-0.18574155497072398,0.4002145772728517,-0.09629837331543123,0.4975670264296581,3.268619285964002,1.7014415274122552,2.792080741210519,0.5097126970206676,-10.280612531904094,5.013240568512014,-3.9113357194192746,-1.5799193258637798,3.8011881421196336,2.124322024787784,0.07099347368095144,-0.48087406767728735,4.34925726707093,0.8274568965816715,-1.180583648705506,-0.09601109200141203,9.359128167291344,2.076359328999362,2.489915419965577,7.931469746325579,5.667993278809935,0.9095191757155092,0.1343220862171508,-0.5093793632509246,6.5273326363437,0.14431067930276376,5.403323237996187,3.1539961949326627,-0.9927894915742408,0.6650145333078445,-0.103695602851193,-0.32414739522770136,-0.06001319362291524,9.512516469578973,-1.9265992252898134,-1.0376131992896775,0.37991080971531,-0.31353937615412253,-1.337889227927684,-5.567414014865341,-5.066291974553541
-16.114305079325206,1.9342780744508383,0.2377230014763313,2.9722266788378353,-4.252869638043912,-2.316385708884652,11.746999218462312,2.4567753223582494,-3.092805450277738,-5.062120353064232,0.4928485688451365,1.8217775505585438,2.747542352541547,-6.607344926938667,-3.911335719419275,-7.9101526892520715,10.126959113894351,-9.53171037659125,1.063680212520858,-7.138046990373353,-0.438990144139054,-5.39975825064522,7.579766749004045,-8.924980952883185,-0.33695690460016414,3.8761029634954274,-8.191416107684459,-10.499801727589704,-15.14661924465344,0.3229869503911298,6.278925737579024,8.821628670300539,-14.185831741886403,-4.893961869495046,-1.884704230976272,2.0843519574172316,1.3169988777191475,-11.071061570304476,-7.208885721919801,-0.6342037174672177,10.809713677829182,0.9654002403210971,19.090905492022667,-8.520407713407833,6.724834848600721,-2.1228149086088424,-6.093954674421837,-4.678174066364547,-1.8294964106231681,-3.325790433423446
8.15463238482168,-4.28697810245869,0.6072379016193825,-11.710116089809492,9.946828278189752,-3.443210062427754,5.687098365174618,3.8098692718074942,9.191883852545379,5.598193000782338,11.005250176861788,19.147215933513742,7.4028497558084565,13.05805125247032,-1.5799193258637798,10.12695911389435,-13.139816213878518,5.560927471059374,1.5946168560118599,2.481568871346622,6.383745303728612,-4.061841794683558,-6.4307444427213385,16.033875127242432,5.830846047276729,-6.056913242818377,4.139381785153011,1.1385827388322378,5.626927757477871,-13.869840043994675,6.938005952225078,-6.817294178620178,9.087793966978134,9.799174709183072,4.676120640094186,5.003859782547752,-2.638874670152,9.480001938408046,2.2956133295989187,-7.299534685477966,-4.023912293201171,2.1514486930992396,-4.832229980941417,9.927682151965813,-5.545025468702556,5.224842877491165,-5.88085001496212,11.618797443907301,-0.8114975195111945,-1.2781039691187663
-1.9550387077583835,-0.2606027326668672,8.097795760827474,10.171059084805192,1.4179147837954686,-2.3797752415630438,7.391394988198359,2.6765627329744404,-4.433954372206197,-7.285818389778426,1.1218645701657635,-5.69998272114486,6.936749713199378,-10.055223345277152,3.801188142119633,-9.53171037659125,5.560927471059373,-2.054939284178758,3.608548972376682,-11.073068095326109,-4.126146865470857,8.762603790763684,16.014480667072704,-8.027807819769242,-2.3994047558106066,2.426596562130583,-2.917561058398819,-9.46225645549763,5.475059362704201,9.298394786510947,-2.1221222210097324,3.3887498711627364,-6.80225562933351,-14.796301846898862,-5.745630036893092,7.606388635247978,4.092585980064106,8.102576933592292,1.2562835619841404,-6.788121951409752,5.410186526226453,-0.21931655538761163,4.854480882237759,-0.9590466835928179,3.1340367463818555,-10.81573500509355,1.2804931240545554,-4.863474532007473,2.3197894990689787,-15.335799358986971
3.285336036880867,-4.9724650435879045,-6.692573779473825,4.040296902950018,3.347516757836879,0.7818611525926653,-1.330277583464901,-2.8958630533256318,4.607883461668118,-4.369745314322719,10.21891940817435,0.9833730278500756,5.021434877708647,3.703363056353197,2.124322024787784,1.0636802125208584,1.5946168560118605,3.608548972376682,-9.756983158349836,6.800036000560626,-2.543573103668094,-10.275731982720945,-6.5753739568751195,3.0368812128006666,-0.16136021032585635,-1.1655176655505912,-1.5457932355753163,-1.0197227655797891,7.831531015271815,-3.9338764434272266,0.0046246505833981155,-4.698992334550182,-2.399199120923486,12.786323754629016,5.088414401669131,-1.6664070671419111,-0.44493487505253626,8.98167839100687,-3.350735104451959,-8.919156111337891,-6.81674794579721,-1.0061214446835625,-7.332866293175529,11.662142470182474,4.588248862097421,14.557345404521701,-3.901083074003505,9.308349388745773,-5.443087257030188,0.7997086093020811
-6.2366378765372685,0.8006725547298463,12.584376040781493,11.935098428494983,3.333942230061787,0.7417686565629111,6.740138774795504,1.4959132729535636,7.111993779680174,-5.855112843966207,-0.03245807644740495,-14.57306728983146,1.2204885104946293,-4.647565115559076,0.07099347368095144,-7.138046990373353,2.4815688713466217,-11.073068095326109,6.800036000560625,1.871870107261831,2.494581893496406,10.214407088039769,10.88271624832024,-6.242014902168957,4.803249475827187,9.743621148012819,-2.094726646720363,-8.060868207714414,2.239629902028767,8.93924450095208,1.8564158373624533,5.494238051172802,-3.589131157209836,-3.1899374861381733,-9.036283303023852,-3.0958897137621113,11.159609969976032,5.055287300960249,-2.332910830830506,-0.7618336825269463,7.203464195255437,3.248280640065564,14.130685763535435,-13.363876384734917,15.038816860076086,-5.951245221180595,4.866013192214108,-1.9670561751251967,-1.399685403912863,-3.492766624275225
-2.1242924678786275,-0.39663009505638697,-0.06371973467060066,9.293199770415807,-5.423213807772548,0.7539831250188791,6.943932123699257,-0.14394505922110062,-0.877260916828441,4.029940372791324,1.8173961561864125,-6.6174414774489385,-0.436304035199588,-5.117999893940898,-0.4808740676772868,-0.4389901441390549,6.383745303728612,-4.126146865470856,-2.543573103668094,2.4945818934964055,4.912404790415962,0.011896281328555747,5.375231213990502,-7.674092044749606,-0.6467622724489932,5.70694899558655,5.100606334883933,8.10492171996222,-2.7237016605031057,1.0525306610717489,-0.23433214995831975,0.2862353010541441,7.654245180739396,5.836013468790355,-2.657115662131876,-0.4097784061823735,2.575225719454692,-7.355772134982388,0.30840635455998344,-0.12031943533899525,1.1262659154745158,-0.4576209217997544,8.497413044840085,-4.9817587733050175,-9.664962514098573,-3.0246217565493616,-0.17353391453224992,1.0309349595055388,0.12102229554651878,-6.688504908628358
-3.014723465700457,-0.3144368605950125,-10.734042335600218,-4.415034976579548,13.768077681545261,-6.324144989117452,-14.006834248064692,2.955749121435939,-0.8243372528084423,2.1599889977282087,-2.8079465953900415,-1.333159892097557,0.9335391039990928,4.7822048871945295,4.34925726707093,-5.3997582506452195,-4.061841794683558,8.762603790763684,-10.275731982720945,10.21440708803977,0.01189628132855551,-3.336923402979025,-5.127862619350278,2.0379643117378596,-2.8447470312087586,-10.947334709690221,12.899502426079946,9.61376181700094,-6.421570724627769,-2.2214289555562643,-2.344970199761919,-5.589486803525051,15.703404015534362,1.3117546682563646,7.681129558520347,11.136562501781809,-4.759397018227285,8.559609902845319,3.8169383374144643,-6.331410211846514,-8.318480549176597,8.33675064290564,-5.626362633695454,0.48355463690013756,-14.395708317258507,13.872091545146247,9.215702432114874,8.594260980672212,-5.362948970740725,1.5542037112604095
5.650538699693795,7.513610387333226,-11.460864520619205,-1.3214720965394502,1.805286886604044,-8.525136276542728,-12.159520543637223,6.203648342600328,-7.503184286563194,5.988824184291471,10.157445857683719,4.2973796630865,-2.9732670446581686,-1.7038405786346793,0.8274568965816717,7.579766749004046,-6.4307444427213385,16.014480667072704,-6.575373956875119,10.88271624832024,5.375231213990502,-5.127862619350278,-11.67731085794291,14.257145139272408,-2.7218133356362655,-5.471216938393061,-1.6054279094347181,15.670976727222001,8.727539748621956,3.178828591329608,2.0524087743974513,3.1778238138295825,3.6680872806248783,3.7746730323276094,10.850043942995137,4.969875077482778,1.2439425914612605,-0.8348578155342972,1.0085243739174294,-2.101125510590819,-5.667222828513198,4.365391923909302,-4.845539933503663,12.907015399418103,-0.1777708456283074,-4.065783919529823,-3.110918966686851,8.648106490160988,-9.588686092150526,8.496362794936568
4.153149400757545,4.898223275307791,3.923369427549522,4.176536613520362,-2.0333679419948956,1.4969623249568897,4.408434346981435,10.433843983062122,-4.6554816768648095,-2.709788518633637,0.8627220216665699,5.024998118581615,3.7077284441562615,-7.539729670989867,-1.180583648705505,-8.924980952883185,16.033875127242432,-8.027807819769242,3.036881212800667,-6.242014902168955,-7.674092044749606,2.0379643117378596,14.257145139272408,9.309432597174538,8.756912101410553,11.486467847176991,-13.385415490670848,-4.5812950653058415,-5.47671678018718,6.491364679833801,7.742257244763702,-0.04758943374279201,-3.209271527577411,1.5222503624546062,4.934727748171607,0.21118469253661887,8.49996875901548,-0.19998595464869973,0.8241733017376134,6.9421104182241375,8.523885759502203,6.757840942859476,8.062727993699319,-6.26365946803141,9.282460461166766,-2.425457948769137,2.796763253424489,-11.119486525801697,-5.816605316981436,-5.648680356413144
-1.706394583191003,0.11627630357272656,-0.28003657789812864,1.9670921725490536,8.495157983873572,-0.3180671647230486,-8.251179517706056,-0.3300317740851189,0.19029415544426986,-3.2892909280102205,6.976706182750019,-6.552802601583851,0.4106819454310813,5.305065197755948,-0.09601109200141189,-0.3369569046001649,5.830846047276729,-2.3994047558106066,-0.16136021032585596,4.803249475827187,-0.6467622724489939,-2.8447470312087573,-2.7218133356362655,8.756912101410553,5.429799307422673,-2.3101747416741065,0.27640644090500954,-3.913838948657249,4.71111707503553,-7.208836564453691,0.408657084567173,0.0936615964148389,-0.817993298636321,-6.360055467077155,4.216508604924652,-7.886816486857908,-5.224216073968074,-2.4689332366929384,-0.5070304532234002,0.18655105775336178,-0.19429946790772773,0.34565302126385816,3.3105531550146923,-5.559881131236637,-1.872902082778204,8.484011645795068,0.25508267297607257,2.6467590140302897,-9.411528914608919,3.8549300715850454
8.01991666471378,-4.593128821718597,3.0619103273488504,-6.959741032935122,-4.863445616938801,-6.571998874741884,-9.34370579587045,6.895445063347531,-2.7984646388262524,5.8838668853081915,-1.254510692662839,9.318267573140092,1.480504274756652,3.62787490871545,9.359128167291344,3.876102963495427,-6.056913242818375,2.426596562130583,-1.1655176655505908,9.743621148012819,5.7069489955865516,-10.94733470969022,-5.471216938393061,11.486467847176991,-2.3101747416741074,-6.406720886258564,9.608778631561556,3.5075869642942843,8.425935968284927,-10.230711508578276,-3.556100934654538,-7.9926808651494845,5.000134743950422,6.098785723715826,5.4591580176249055,9.435419440097078,2.080805662240924,8.12758726891962,-4.288349264289568,-9.502378515551152,6.0717512232131785,8.380758609701425,-16.229546237490027,6.805114020222967,4.0146685451696165,-3.358685825199292,0.6186056318115907,5.491032294491852,-6.953288912422593,2.4227647685250435
-12.821038308428683,0.10002749814065476,8.886146317761108,4.611555112002215,-2.993343132181468,-1.6910211267676454,2.5179478683953094,-10.031824939796886,-0.28017471956799356,-16.735386787091265,-9.021622635206763,-12.791718156545434,-0.7283263813392373,3.127532058100826,2.0763593289993625,-8.191416107684459,4.139381785153013,-2.917561058398819,-1.5457932355753163,-2.094726646720363,5.100606334883934,12.899502426079946,-1.6054279094347188,-13.385415490670848,0.27640644090500865,9.608778631561556,-6.441116715391956,-7.091053424892444,-3.5897900741390734,7.794734952059677,-0.11713709447836917,4.414281650424647,-8.365663198776097,-7.3427838508294965,1.6331453963892284,-9.875809570301284,14.987809710191936,2.564348160442298,2.966342169188765,-0.9039468826763587,1.4472085902740173,0.6528735526948466,0.6293504495680358,-15.030669299552503,0.602601086520548,-11.366964738770564,6.683597821104007,-5.93178246430841,3.0618094150971524,-1.8435620173676457
3.0533942455030663,1.798841934831231,9.003263832411804,4.321754494806574,-10.872337802660521,-2.6947560238089223,6.186789291577158,-4.034795808256265,-4.145986230736863,3.077380915516955,-6.900973589737018,3.4950883071445475,4.467498819901017,-11.247029145422882,2.489915419965578,-10.499801727589704,1.1385827388322376,-9.46225645549763,-1.0197227655797891,-8.060868207714414,8.104921719962222,9.613761817000942,15.670976727222001,-4.581295065305841,-3.913838948657248,3.5075869642942847,-7.091053424892445,3.009853632084858,-2.684666558070126,1.5482141992525413,-3.1816562945939015,0.1653861417643946,-7.540419647421584,-10.221522356622911,-6.323231808209849,-0.43668035138268957,7.719054657808442,-2.113117849125229,1.5015602657313554,1.3055069772487162,2.4757111807137804,-0.4006167651875101,-0.6289259233687172,-1.723481177535398,4.513831071536002,-9.107414156708668,0.06580523538083642,-6.537325941512215,9.263382100580925,3.824959257142468
-4.082366782801845,0.7805405444750099,12.892870279425543,12.195747557504713,-12.291542025513293,-6.730058991071953,-1.1082013792799852,0.06023953402276394,-0.7992089351209057,-15.737713124828307,-6.250659805014329,-8.06937074254171,8.68052218285917,-13.783837907007674,7.931469746325579,-15.14661924465344,5.626927757477872,5.475059362704201,7.831531015271815,2.239629902028767,-2.723701660503106,-6.4215707246277685,8.727539748621956,-5.47671678018718,4.71111707503553,8.425935968284927,-3.5897900741390725,-2.684666558070126,-5.465928819721274,-0.9658092552601134,-4.374065483069487,-7.1732674165644985,4.89703864494078,-8.963803717728016,-2.6065336759194366,-6.647684463543042,6.971762319249746,-5.866499993183899,6.863963831106928,0.20895315066898812,10.115754004138918,4.020416845995367,-8.961410420530674,-9.705879500425175,5.334042842361459,-5.5481354648346635,-3.6431378027629364,-7.668795807998291,-1.2226322792110076,-7.989322565490492
9.443686143635636,0.13665525183853688,-3.2933400905003425,-3.619623728056828,5.567708624819945,-2.8508194992579714,-1.6205929311307596,-8.503851683040637,1.1192261923698432,9.517514288755287,14.637786187980828,6.419101360712479,-3.211885324858314,6.028705033510681,5.667993278809936,0.32298695039112957,-13.869840043994675,9.298394786510949,-3.9338764434272266,8.93924450095208,1.0525306610717493,-2.2214289555562643,3.178828591329608,6.4913646798338,-7.208836564453691,-10.230711508578278,7.7947349520596765,1.548214199252542,-0.9658092552601135,-7.875781520021707,-4.341319004920289,5.833290570222061,7.076088137934987,11.159959065917299,-2.194572722376096,6.174811415419346,-7.5515274553608265,9.219488227751235,-1.5979507072460124,0.40046921230222354,-11.374628552224255,6.248285363955118,-3.367461272324422,-1.9281293908183847,-0.35035380217663625,1.5776786332037018,-3.5879070182992288,12.590194536095792,-16.19474233469695,1.9803983125453894
5.213018400012075,0.2941309956124023,-5.499566996171364,-6.556824618442764,7.6902438729585185,-0.8422117843738726,-7.222629438916491,-0.964485794248116,0.22714546978741057,-7.965711756672206,-7.237226539923476,3.2828638215592263,0.1293011092754932,6.215852002520365,0.9095191757155093,6.278925737579025,6.938005952225079,-2.122122221009731,0.004624650583397505,1.856415837362454,-0.23433214995831939,-2.344970199761919,2.052408774397451,7.742257244763701,0.4086570845671733,-3.5561009346545385,-0.11713709447836951,-3.1816562945939024,-4.374065483069487,-4.34131900492029,4.2390009592014675,0.24511070478065253,1.906038403693167,3.8945326476471998,-1.2120573228609737,3.892551953251234,2.807826062615887,2.9947873164621313,-0.5507565194676505,0.2868697231198659,-1.2424781713427662,0.48279610595366307,-1.323055194890804,2.2642435253894946,2.714801507946464,0.017083576362897146,-0.23540153601330016,-1.5047724900032895,-2.3876041523717078,-1.3572404072049018
2.0986946798851616,0.48989211326788584,2.2315230099897048,4.473087583900693,-0.5014760941507992,0.34522393890412306,-2.206459689087544,-0.21358851800540846,-0.5284049089992621,2.2043170598561628,6.270054409341319,-4.695961598111996,-0.02608058157610521,-6.194869389884921,0.13432208621715083,8.821628670300539,-6.817294178620179,3.3887498711627373,-4.698992334550182,5.494238051172802,0.2862353010541445,-5.589486803525051,3.177823813829582,-0.04758943374279212,0.09366159641483918,-7.992680865149484,4.414281650424647,0.1653861417643947,-7.173267416564498,5.833290570222061,0.24511070478065278,5.751118261809916,-3.207659576984917,-7.800290956138579,5.393281205644383,-0.5636573959478585,1.8116648683749383,-0.966560243565538,-0.19985387154116374,0.223110301082747,5.216524459773589,0.07446050198691018,2.278235741069756,1.7895002971078333,5.284655506469711,-4.66603502620512,-0.7660993761889552,3.7566408602902785,4.391745157025027,-7.754946972282629
-12.27055826407174,4.589988162815709,9.848025572977763,-2.403762160455894,2.0475087170509614,-1.6294659971382672,4.296919425993899,-6.958754843913502,4.554081626317258,4.341053126999272,-6.9310629763515115,10.337759962694028,-0.8165358788716449,-8.76380282269668,-0.5093793632509251,-14.185831741886403,9.087793966978134,-6.80225562933351,-2.3991991209234866,-3.589131157209836,7.654245180739396,15.703404015534362,3.668087280624878,-3.2092715275774095,-0.8179932986363203,5.000134743950421,-8.365663198776097,-7.540419647421583,4.89703864494078,7.076088137934988,1.906038403693168,-3.2076595769849177,-9.114050730079507,1.6324079669623435,-7.026918882243109,-8.851085670301627,7.650316435245481,0.20424329113937828,-0.42662495730357586,-9.896339874698805,-0.5592389349482443,1.0126188682645954,7.063355612346494,-0.817979213702915,9.712950574453604,0.06576130150995646,3.605913967095283,-8.79652658442133,9.943476233808735,-4.840949795630176
-8.951049144884173,2.4468443349512086,8.641518533300333,11.116512157966614,-8.24157867466896,-3.2897572124045347,4.531726275615883,-4.1964726627657765,-3.3135001020533563,-11.953699418321063,-3.4274242026565025,-10.515047638888172,3.9200791167001827,-1.2003570723758568,6.527332636343701,-4.893961869495047,9.799174709183072,-14.796301846898862,12.786323754629016,-3.189937486138174,5.836013468790355,1.311754668256364,3.77467303232761,1.5222503624546062,-6.360055467077154,6.098785723715827,-7.342783850829495,-10.221522356622911,-8.963803717728016,11.159959065917299,3.894532647647199,-7.80029095613858,1.6324079669623424,-1.2237427003766044,-9.853178953824296,-9.76282602624949,-0.8061564773324854,-12.027870855816396,-3.414519921982044,3.5078096428712193,6.972816430849465,6.1402793535015805,11.643381179321636,1.6335067803773695,3.340152909382093,-6.814488644102343,-4.775577942126862,0.17333471611480722,9.055273931275018,-1.1497988617125419
-0.18056418334143717,-3.282972253885436,-2.399598293172763,1.0348061189207578,-13.336335035257925,-8.37196948080739,10.741464973302094,1.7118681003164484,6.178587417311435,-6.171736098677789,-0.4267549219566228,-0.23358192955588308,3.5364063574763067,-0.8895254029352162,0.14431067930276426,-1.884704230976272,4.676120640094187,-5.745630036893092,5.08841440166913,-9.036283303023852,-2.657115662131876,7.681129558520347,10.850043942995137,4.934727748171606,4.216508604924651,5.459158017624906,1.6331453963892277,-6.323231808209849,-2.6065336759194366,-2.1945727223760954,-1.2120573228609743,5.393281205644383,-7.02691888224311,-9.853178953824296,-0.08529596718683141,0.307702220306568,12.623848110192963,-0.47738791166003447,-2.231447306094977,-1.9386327923806483,1.91521133510384,3.871188241887956,-3.8639167662061897,9.749073650437097,1.839523243121898,-0.09835177965111397,-5.853677580542196,-7.969108509356501,-2.23358711829694,-1.3633230070130975
-5.420758510249808,5.780432469714941,8.294609298596102,-1.4938323022103808,1.6423043159805366,0.18764640402901883,1.3203244131845966,-6.8804660924434495,7.747212960795624,-6.918901786356622,-8.57590757438347,-0.33967217029515695,-0.5188811510265752,-3.9802705299852796,5.403323237996187,2.0843519574172302,5.003859782547751,7.606388635247978,-1.6664070671419107,-3.0958897137621113,-0.40977840618237293,11.13656250178181,4.969875077482778,0.21118469253661887,-7.886816486857909,9.435419440097078,-9.875809570301284,-0.4366803513826895,-6.647684463543042,6.174811415419346,3.8925519532512345,-0.5636573959478584,-8.851085670301629,-9.76282602624949,0.3077022203065681,9.80212405617391,-0.13571117042970549,-7.823042854839519,-4.715619723128249,-0.734673549607247,-7.401217752140148,7.662710540468103,4.294862019754142,-9.591107529940034,3.165697434560606,-10.155489002971825,-1.1876846925183384,-12.492226018224313,5.59922237798053,-11.644069577213092
1.7097380926165593,3.964036267064227,2.362683849535079,0.5911876312130385,10.716673912936846,-1.9520279860136056,-2.22557940052393,6.526389100820913,0.6943263965716628,-6.120500438979747,4.468640726644716,9.328851754187077,8.116690172880492,10.666476283506963,3.1539961949326627,1.316998877719147,-2.6388746701520005,4.092585980064107,-0.44493487505253637,11.159609969976032,2.575225719454692,-4.759397018227286,1.2439425914612612,8.499968759015479,-5.224216073968074,2.0808056622409246,14.987809710191936,7.719054657808443,6.971762319249746,-7.551527455360827,2.807826062615887,1.8116648683749383,7.6503164352454815,-0.8061564773324859,12.623848110192963,-0.13571117042970585,-8.326162097911979,8.902078135546509,-1.1909505002794394,-1.723753568499164,-4.040523589374708,1.9398964036794737,-14.661353853848476,2.9389784838560664,-14.668141092091346,0.09059452539331869,4.65491463677066,-1.382128292801474,-1.852518107136905,7.239888655034668
-5.856581843612366,-0.38219224883712943,0.645174670226951,0.9977015536048369,-0.09061719302844784,1.1126001527180236,12.678880554841214,-2.7306925978843246,2.079661363427995,-5.567051071835488,-0.9313164061861093,4.363376950465922,5.73003869185499,5.4539199433218695,-0.9927894915742405,-11.071061570304478,9.480001938408046,8.102576933592292,8.98167839100687,5.055287300960249,-7.355772134982386,8.559609902845319,-0.8348578155342967,-0.19998595464869973,-2.468933236692938,8.12758726891962,2.5643481604422984,-2.1131178491252296,-5.866499993183899,9.219488227751235,2.9947873164621313,-0.9665602435655376,0.204243291139379,-12.027870855816394,-0.4773879116600339,-7.823042854839519,8.902078135546509,-3.6364964744727057,-8.593303359700613,-0.2860396707297107,1.1241499689976717,-2.7419424157657217,3.603830397430264,1.176660903889628,2.083880780696475,3.319043702750246,6.656628764061979,5.704287628906116,3.106385585929087,-4.112639687901032
-2.9593498964502385,-0.23403161365163228,-1.7394323320160714,3.844241962233756,-3.460034090328972,0.06571161265547698,-3.197470023887053,-0.680004132848162,-0.42790275906042746,-3.1743795674346207,-8.465471591242517,8.111473595582089,-0.15227913494914339,-1.0471206991857351,0.6650145333078454,-7.2088857219198,2.2956133295989183,1.2562835619841408,-3.350735104451958,-2.3329108308305058,0.308406354559984,3.8169383374144648,1.0085243739174297,0.8241733017376127,-0.5070304532234011,-4.288349264289568,2.9663421691887653,1.5015602657313543,6.863963831106928,-1.5979507072460128,-0.5507565194676511,-0.1998538715411633,-0.4266249573035758,-3.414519921982043,-2.231447306094978,-4.715619723128249,-1.190950500279438,-8.593303359700613,5.75038641616305,-0.02903823457082455,-0.27079319242650585,0.35282638032995056,-3.4205924430379397,8.326508846301195,-5.269866004166927,1.8707828469445988,0.4461694062679956,1.8730979493958286,-4.6583562701567445,-3.838665288584616
-3.590577313280032,-0.06962991799502727,4.233629545035588,-3.562339904959345,-2.4910845144283664,-0.36856794062244713,-0.32282419978605426,-0.07677518695610064,-0.124597552192246,-0.01438761250159204,-1.4253536341671706,0.6399428510718731,0.4521574093461428,-4.263199349878384,-0.103695602851193,-0.6342037174672175,-7.2995346854779655,-6.788121951409752,-8.919156111337891,-0.761833682526946,-0.12031943533899514,-6.331410211846514,-2.1011255105908195,6.9421104182241375,0.1865510577533615,-9.502378515551152,-0.9039468826763593,1.3055069772487158,0.2089531506689879,0.4004692123022247,0.28686972311986536,0.22311030108274665,-9.896339874698805,3.5078096428712193,-1.9386327923806488,-0.7346735496072464,-1.723753568499164,-0.28603967072971104,-0.029038234570825217,5.048141270151407,0.13528390103918142,0.5313734158120333,0.17552140378832193,3.6409012975878783,4.912829687202599,-5.326708126484318,-0.6614401875090565,-3.6834836893302376,-3.9859249255865103,-1.807869673504288
8.321332662291995,-4.485511000003489,-9.089551282476183,-7.1642934466746535,18.435579355438428,1.1574396737779447,-10.89480461158792,0.3243470555754744,-0.42983621139838046,8.106823269562062,11.17040686478187,-4.877362138938981,-5.320172967577446,6.181980906836267,-0.3241473952277015,10.809713677829182,-4.023912293201171,5.410186526226452,-6.81674794579721,7.203464195255437,1.126265915474515,-8.318480549176597,-5.667222828513198,8.523885759502205,-0.19429946790772795,6.0717512232131785,1.4472085902740175,2.475711180713782,10.115754004138918,-11.374628552224255,-1.2424781713427655,5.216524459773588,-0.5592389349482446,6.972816430849465,1.9152113351038402,-7.401217752140148,-4.040523589374708,1.1241499689976713,-0.2707931924265066,0.1352839010391807,-2.1910792757749933,-0.314399898996386,-7.541383306064172,10.028568703642538,-13.896511613118882,-1.2307810562774173,-6.89374593310663,0.3082294370458447,-1.0127799255236571,8.135656126281436
3.5778677202655094,-0.13421589385433128,-3.8333435093576638,7.688620184460574,1.631635506939611,-0.11594072589428708,0.4874405784217577,0.5320002543453302,-0.9869612468095093,-6.118612149656827,6.142430597652146,1.3489034216433933,-0.8670132651289528,-5.730723966095488,-0.060013193622915656,0.9654002403210967,2.151448693099241,-0.21931655538761208,-1.0061214446835618,3.2482806400655644,-0.45762092179975355,8.33675064290564,4.365391923909303,6.757840942859476,0.3456530212638583,8.380758609701425,0.6528735526948474,-0.4006167651875103,4.020416845995367,6.248285363955118,0.4827961059536632,0.07446050198690912,1.0126188682645954,6.1402793535015805,3.8711882418879573,7.662710540468101,1.9398964036794741,-2.741942415765722,0.35282638032994973,0.5313734158120336,-0.3143998989963853,5.576128972665748,10.20422453707527,0.2909520017121977,0.5174492106585531,5.551453298932512,-0.3502606728533876,3.5005171606730183,-7.222217831048542,8.67925046266499
11.530130617672725,1.9244892799020767,-2.4428031845647884,-8.361710983009683,10.862966183014546,1.1777909362719226,-9.083873989918496,-1.2881515570061535,3.1854282229628765,18.398082430593536,6.1464892018064905,6.91093468412702,3.129276225477315,8.61552574568565,9.512516469578973,19.090905492022664,-4.832229980941417,4.85448088223776,-7.332866293175529,14.130685763535435,8.497413044840085,-5.626362633695455,-4.845539933503663,8.062727993699317,3.3105531550146927,-16.229546237490027,0.6293504495680349,-0.6289259233687179,-8.961410420530674,-3.3674612723244217,-1.3230551948908027,2.2782357410697553,7.063355612346493,11.643381179321638,-3.8639167662061893,4.294862019754142,-14.661353853848476,3.6038303974302632,-3.420592443037939,0.1755214037883217,-7.541383306064173,10.20422453707527,-7.990073026174635,15.272303057636588,-9.169235798306895,1.1414197725951123,7.042674000606157,12.949294127830346,6.18043223343732,5.416162456404679
-4.446178920306122,-0.33255688932684246,9.096533763604832,2.7635730648647163,-3.43023671981482,-1.1966059577635735,2.5020364786743707,5.426040319400326,-6.280386826818831,-4.45538891807364,-7.534618251015987,-17.487745705589536,-4.58828377825464,9.069953151920684,-1.9265992252898134,-8.520407713407835,9.927682151965815,-0.9590466835928191,11.662142470182474,-13.363876384734917,-4.9817587733050175,0.483554636900138,12.907015399418105,-6.263659468031409,-5.559881131236637,6.805114020222967,-15.030669299552503,-1.7234811775353986,-9.705879500425175,-1.9281293908183839,2.264243525389495,1.789500297107833,-0.817979213702915,1.63350678037737,9.749073650437099,-9.591107529940032,2.9389784838560664,1.176660903889628,8.326508846301195,3.6409012975878783,10.028568703642538,0.2909520017121974,15.272303057636588,-2.1709487090094033,5.416960269571543,-7.368519291551371,-3.086042332960494,-11.30303816170003,-4.4885400196263046,4.159641382513182
2.2201500316074783,-2.946116377323183,0.06287335342425748,-10.592594833588834,0.22141009838375214,-0.9708498786770343,-2.2528861434940843,-5.823068556854488,-5.220772630484134,0.9123074214779243,-2.3807298412855005,-2.264967685111799,-4.117224087729605,-0.6790018259362138,-1.0376131992896782,6.724834848600721,-5.545025468702557,3.1340367463818555,4.588248862097421,15.038816860076087,-9.664962514098573,-14.395708317258505,-0.17777084562830747,9.282460461166767,-1.8729020827782041,4.0146685451696165,0.6026010865205489,4.513831071536001,5.334042842361459,-0.3503538021766362,2.714801507946463,5.284655506469711,9.712950574453604,3.340152909382094,1.8395232431218986,3.1656974345606064,-14.668141092091346,2.083880780696475,-5.269866004166927,4.9128296872026,-13.896511613118882,0.5174492106585526,-9.169235798306895,5.416960269571542,-1.9570130237631345,-4.968280578900344,1.8378504295175149,7.179346063182351,-3.031842741060739,10.312101195548562
-8.117269361659567,3.866766871727224,-0.980162396205122,-2.710279435453975,-16.175636654043988,0.776093448443012,-5.491852189257536,2.156336407476158,8.83428618776052,-15.328036067577731,-3.7720940546133876,-13.771600579873233,-8.890102298583816,-9.469618877440915,0.37991080971530944,-2.122814908608843,5.224842877491165,-10.81573500509355,14.557345404521701,-5.951245221180596,-3.024621756549361,13.872091545146247,-4.0657839195298235,-2.4254579487691363,8.484011645795068,-3.3586858251992924,-11.366964738770564,-9.107414156708668,-5.5481354648346635,1.5776786332037016,0.017083576362896036,-4.666035026205121,0.06576130150995667,-6.814488644102344,-0.09835177965111352,-10.155489002971825,0.09059452539331814,3.3190437027502466,1.870782846944599,-5.326708126484317,-1.2307810562774164,5.551453298932513,1.1414197725951127,-7.3685192915513715,-4.968280578900342,-1.2467522158605835,0.07077335599734119,-7.433497200545121,6.8517197626362405,3.864492462907683
-4.951153907603337,0.8070155358899391,4.32504765350313,2.5538851120998194,2.023158817212599,0.13999519273063218,-0.08115518660655285,0.06531485661807457,-0.6183793143205651,-5.983147806299471,-1.9216063714016636,-2.014163988992243,-0.5156651408968932,-4.936646846378446,-0.3135393761541221,-6.093954674421836,-5.880850014962119,1.2804931240545545,-3.9010830740035045,4.866013192214108,-0.1735339145322501,9.215702432114872,-3.1109189666868504,2.7967632534244893,0.25508267297607257,0.6186056318115913,6.683597821104008,0.06580523538083641,-3.6431378027629373,-3.5879070182992288,-0.2354015360132995,-0.7660993761889542,3.605913967095283,-4.775577942126862,-5.853677580542196,-1.1876846925183384,4.65491463677066,6.656628764061979,0.44616940626799484,-0.6614401875090556,-6.89374593310663,-0.3502606728533875,7.042674000606156,-3.086042332960494,1.8378504295175149,0.07077335599734022,5.438517767427369,-4.114502633168367,3.0184360633163148,-4.361823887284666
-1.594257646265606,3.7936513783395354,7.4555301971082555,9.086788769723464,-7.222040316301955,-8.622895025817936,16.42515116685251,-0.14500975766044388,8.45180906264704,-7.131488403674206,-5.501784815280412,-9.604623214962643,3.7313275636706877,-2.1742646799606664,-1.3378892279276848,-4.678174066364546,11.618797443907301,-4.863474532007473,9.308349388745773,-1.9670561751251965,1.030934959505539,8.594260980672212,8.64810649016099,-11.119486525801697,2.6467590140302897,5.491032294491851,-5.93178246430841,-6.537325941512215,-7.66879580799829,12.590194536095792,-1.50477249000329,3.756640860290279,-8.79652658442133,0.17333471611480833,-7.969108509356502,-12.492226018224315,-1.3821282928014735,5.704287628906116,1.8730979493958282,-3.6834836893302363,0.3082294370458443,3.5005171606730174,12.949294127830346,-11.303038161700028,7.179346063182351,-7.433497200545121,-4.114502633168368,-11.279623139396707,6.773882537405132,-13.947185536053778
5.203240510814882,-4.635526032031885,5.314298141362428,-3.5617149683818736,9.662889208237946,-0.6084515656770478,-9.409401754137992,2.9955420404662845,6.902155743986621,10.000259069730346,3.3040951482618905,1.753173102577171,-0.870698603846035,-2.9653327121748863,-5.567414014865341,-1.829496410623168,-0.8114975195111942,2.319789499068979,-5.443087257030188,-1.399685403912864,0.1210222955465188,-5.3629489707407245,-9.588686092150526,-5.816605316981436,-9.411528914608919,-6.953288912422593,3.0618094150971533,9.263382100580925,-1.222632279211008,-16.194742334696947,-2.387604152371706,4.391745157025027,9.943476233808735,9.055273931275016,-2.233587118296939,5.599222377980531,-1.8525181071369061,3.1063855859290865,-4.6583562701567445,-3.985924925586511,-1.0127799255236576,-7.222217831048542,6.180432233437321,-4.488540019626305,-3.031842741060739,6.8517197626362405,3.018436063316314,6.773882537405132,-9.089079486632361,1.8557232502118033
-3.903930239905514,9.691945524190398,1.1444808434065652,-4.38825604190832,-4.72409593142717,5.797799604683446,0.40492908787458726,5.185106267650006,4.066802418337105,-3.4520076887918183,-7.002889529110444,-8.48426079837763,-1.182178386003836,-5.010273360906668,-5.06629197455354,-3.3257904334234465,-1.2781039691187672,-15.335799358986973,0.7997086093020818,-3.492766624275225,-6.688504908628359,1.5542037112604081,8.496362794936568,-5.648680356413145,3.854930071585045,2.422764768525044,-1.8435620173676457,3.824959257142469,-7.989322565490491,1.9803983125453901,-1.3572404072049014,-7.754946972282628,-4.840949795630176,-1.1497988617125419,-1.3633230070130973,-11.644069577213092,7.239888655034668,-4.112639687901033,-3.838665288584617,-1.8078696735042872,8.135656126281436,8.679250462664992,5.416162456404679,4.159641382513181,10.312101195548564,3.8644924629076822,-4.361823887284666,-13.947185536053778,1.8557232502118022,-8.053438735724182
