n
50
c
-145.91689868160316 125.43799593419335 191.03470043201173 171.72769289603693 -220.0529712158096 -158.17339306065503 167.1560549002404 24.148680369415082 -215.09419062751192 -157.23499522552262 -15.744943162736837 -26.948222207398434 -154.19757319932066 150.59361494317776 -179.67460640076803 -11.03967688051585 -224.81450306707734 -186.20849248531337 -154.43254755729674 149.52179123131364 199.1700332401881 8.070214333030144 -119.68962647821787 135.4917528250319 -159.81720980948813 8.853048347822991 -187.37335991804014 203.2116613001036 -6.3390255551472645 175.32751012297734 -20.659171879092508 -28.256987054853955 147.11987063529307 -165.89935896127358 -184.859198816746 -19.28685094462974 128.47411543813357 1.9726618106194413 9.136248604127198 -165.22593212126128 -1.8046327237006707 119.68818794083306 -134.08569623553822 178.73795717952882 -2.185409621713558 182.0337041311719 194.01034494346104 -8.276076392680686 -168.81566765177925 164.2663769626736
Q
-4.03937093586554,2.3569934675501227,8.531905609816102,-3.0088915442061124,-2.8100156779709295,-1.464793615114675,-1.098710877774804,-8.71078709862729,-14.696732315828505,-4.794443751555711,4.990480000602254,4.617990607921355,-4.074044661921246,3.7218432871605294,-7.428240437893307,-6.7535552148794284,-3.8404278037921245,-5.592586459432174,-18.10834344564777,-5.173785516156875,2.5359588446839907,-3.041932815935598,-12.18660664180421,10.180762991958343,-1.8893185497119465,5.335504425194369,-3.575180770963411,9.216917060699538,7.528128144785713,0.764917715561986,4.87231208149912,7.710316731421241,10.778323986449298,-4.706331528097184,-9.389470572477162,-5.303976978766699,6.6802469608526565,-1.3337159796123421,0.27458125882512463,1.9670052039640196,1.0342210418722178,5.873336082397054,-8.09017597978243,-2.0181800227907813,4.9150953641973905,3.9056256703235572,6.3552510001410205,-0.7244930725881585,-5.155519276660574,-2.82218870856021
2.3569934675501223,-1.7044918975722556,-8.1837591689471,-6.061133048545959,8.37919277059654,10.289763696387945,-4.535034396692117,2.8450193138597566,3.994561089931786,10.367007614467024,2.6732403717914037,6.995209206904064,3.0809247666821005,-14.618223641451948,-1.6078824496669337,0.018675972484170855,2.104223809494081,-2.9736163184134297,2.1595078624489377,-12.681359468355083,2.5382275571806567,-3.690611931380626,-1.3548391859972133,-2.3669768636657826,14.285350890363524,-7.996138782111501,0.2486332418142403,-2.929514855596276,-1.1095573559790997,-16.449521395985958,3.08673682028984,-7.479084008118899,1.156200224852297,4.633379533921926,-1.2512179786077473,-2.413621011212665,-5.555487087812264,4.698671363304667,7.189700091873182,-0.47884586774617377,5.007531317185858,-11.179803174576003,13.959372830803286,-10.387703124286562,0.3232562423370595,-1.8538371598124477,-8.122763295858935,3.949075672847159,9.017375760261046,2.049068069257544
8.531905609816103,-8.1837591689471,2.647331199149521,-13.873692432724836,6.237456180855897,1.7799757125512503,1.2822283186679229,-0.7674502614163994,16.75145511043159,5.105263250655234,-10.23781914072728,-8.120975028564942,14.656053445015706,-11.318101976404682,4.810465368808277,-4.354144893857526,10.029164602965094,1.4784375481049055,-5.54564849585546,-2.921198019877294,-3.2761140304535177,-1.1885619389607895,-0.958692828661964,-5.473796606049774,-0.11409069560912716,8.497159594748702,-5.2197108957336145,-7.673442116566361,-3.942274489920406,-1.416892631725559,-1.0585857105098626,1.9797086859422393,-12.48321638705493,2.3399478896573678,-2.593948900160162,-1.360220057648662,-8.061232801523676,1.2674435919670533,-1.3146528232709842,9.799301464957672,-4.281952551678735,-8.418744233294092,2.2104856134764113,-14.347369706637084,4.550810111758596,-9.914649104852685,-5.136983970910044,4.389085634602428,9.022347347603633,-5.631678874858706
-3.0088915442061115,-6.06113304854596,-13.873692432724837,-4.160696814092156,11.577197816505278,9.2206600447872,-7.211265420783284,1.0345889559629238,13.74020361264583,0.8439594209163602,-2.46303518924012,-1.0200215024116561,-1.1047793187395298,-12.935734745088034,1.8911204373205304,7.396354334865685,3.5929380064354173,-0.06763578596707914,2.235497720347132,-9.793602370074206,-13.638427827631354,-0.6378124885076684,7.270147220712802,-6.987860813881712,8.973012009069242,-8.95193105354819,4.420572312556696,-2.8288644701098966,3.519482185864992,-0.2806571114194529,0.524539723896219,-7.122109638010214,2.800962992979632,7.931873449436524,8.198068425928616,4.991834287195016,-9.086723174210498,3.775535669658487,-0.6619802909134849,-1.031331396570901,5.965938293793218,-1.1677417427873245,3.8926286841471356,-2.1397376490908884,4.389585337041959,-7.961468702433596,-10.604195026329002,-3.484112425852583,3.7493793390527856,-11.88762350172029
-2.8100156779709304,8.379192770596541,6.237456180855897,11.57719781650528,12.270742300800045,-4.2858127651101094,-0.6863420169746176,-1.3218533502769572,-0.15254789261660318,3.2719957745262467,3.4725446122382446,-3.231825974003222,-1.8320558124098245,3.9088336713708536,-6.372626199962728,2.583785962584127,-0.5502936439700119,-14.898869611116375,-0.09357819694104708,0.28773059204567597,4.619947575440645,-1.1235303312950637,-6.28203830326879,-1.9164817032911348,-3.287953486928714,-2.962089702876416,-6.31907877811431,-2.311878146423812,-6.749994099865436,7.481631059940777,2.007103250805418,0.6904980487940877,2.001875095515848,-0.8005985065314309,-10.963717757623575,-1.2625680158256765,0.5231087235449593,-1.7167658886536454,4.915724261548297,5.940163506570471,-2.10397448013789,2.856257542524126,-7.255400653017621,4.237450609282744,-5.669425416479601,7.761533902823611,6.919212965338872,6.613929022473866,-5.348285936564114,3.9429426540195194
-1.4647936151146759,10.289763696387945,1.779975712551251,9.2206600447872,-4.28581276511011,1.9844399797568766,-3.6082890086564268,8.359115866147398,-0.9634110147885429,0.7519990244349928,-5.59125356037538,1.5324224160701825,6.695955138503399,-2.079454836848804,-2.4008958715003126,1.5342877638618044,-9.907820434124911,-10.60576533399707,-0.4268498981975233,1.4533227241721267,3.8860839409048387,-8.1566027464816,-13.560142513698905,7.29997237453411,-12.676369425451021,-4.0792607768772875,-15.472210619248083,13.909577885711752,0.43657414353319846,4.326609741483143,1.5981835899753079,6.935094255796196,11.336465163044153,-8.861170675094932,-11.731499537102998,-0.7156088765168399,8.007683502816237,-3.400040161717684,-4.293896891334535,-9.676226230683131,2.846039763807558,12.506572962614074,-0.6861322914617644,-8.16189619526361,0.639867997195028,-0.23890925022462764,11.665700032223747,-0.5051979622157527,-3.1582459970221572,-7.307573699787291
-1.0987108777748036,-4.535034396692117,1.282228318667923,-7.211265420783285,-0.6863420169746177,-3.6082890086564268,-14.10124751325198,-3.531415359273612,10.085627206783203,3.911825067258241,8.685820278476129,0.2677010522695048,4.870674020196048,-5.745162122707378,8.26749382828655,-2.4409670973927016,15.433120048763062,3.9968879846204466,6.892934576341991,3.25744120355638,-12.273173841816082,0.0845620548936615,-5.179722935014677,0.9509835264140856,11.011023653329357,-2.090843445165644,2.4744866046725598,-7.170767885836807,1.5248614372940077,-9.323324484570074,2.1698995665598853,-0.9357784530215093,-7.573931887981943,-1.8850432260256347,15.601667917876476,-5.600270108624974,-4.51823549780114,0.7938017861780077,-3.972620288521186,9.28543963835644,0.8090812727844516,-8.854672728291664,5.688335064054398,-1.6951422124639293,-0.9637320891857607,-9.559295725919807,-5.850633512207026,1.7780349101421695,7.145991837250057,8.30306854032392
-8.710787098627291,2.845019313859757,-0.767450261416399,1.0345889559629238,-1.321853350276955,8.359115866147398,-3.5314153592736126,6.659159422919245,-8.097616746116177,-2.413741468645128,0.22985617190392843,0.0426978254432312,2.5586814160703883,3.190843378893433,-5.874581679834835,-0.2170089672151771,0.5661433666416432,4.722673022668499,-1.2272926701779565,-3.854663435243104,2.3877405050227454,0.3830755800682448,-6.321181642122882,-5.511742907020526,-6.90876796691051,-0.31588771606892596,2.932464551219204,-0.35084376625788716,0.2613733623271489,2.0514934048788143,0.1117474267228431,-0.19204278364032645,0.9409319026593791,1.7516714280508157,3.2719474634634365,-0.08357395829262126,5.997800650468846,0.16289338346474524,-0.034450192232663435,-4.390014556776921,-0.3488045994150677,0.34969550253349335,-10.323098803788037,-6.634172938891235,-0.051361734187724606,-2.994086863843193,4.89267798049822,-0.08570016813355663,1.565132482467381,-5.25608143779423
-14.696732315828507,3.994561089931786,16.75145511043159,13.740203612645828,-0.15254789261660384,-0.963411014788543,10.085627206783203,-8.097616746116177,5.917674529313165,-0.06766759353414376,-5.293458873167692,1.752359036681109,2.3021041247131424,8.211351277948948,3.7208274239471946,-6.869304606456464,-7.85192266863301,-6.423708842965761,-2.9983878987297725,-3.5426531036690365,12.50784373309375,5.0153983109034295,-13.269017546848007,1.7814024060170435,-1.5372571560727355,10.05614780767638,-5.683324557815663,2.2381007661005783,0.7936755129842097,15.141355231004361,-0.7375457731053024,2.874941044341939,10.814035979936842,-4.353485426087914,0.4178142852428782,3.973458554519497,8.430297557660316,1.517108747886141,-9.529449362030546,1.499510260642082,7.398317711767183,0.09306751455577145,-15.730886516110777,7.42598601445874,-3.311238898466237,0.8198069540997208,11.134984906667922,8.838562821729896,-8.872326183595565,8.750168590842799
-4.79444375155571,10.367007614467024,5.105263250655234,0.8439594209163594,3.2719957745262462,0.751999024434991,3.91182506725824,-2.413741468645129,-0.06766759353414264,7.067211182409719,5.993851196895627,-3.301906256919855,-3.018815606229773,7.443597103807891,-7.712803918352537,-2.9462540218744153,-12.690919931844029,-5.3285552629232456,-6.402620780608456,9.542452568010175,9.705836035706499,-3.531428660587161,-14.75120152026191,5.000874952695708,-5.340410700775331,-5.467177870047226,-3.449529625594331,4.881444316608747,4.332849187213518,5.159230906683245,5.115035002090239,3.033542551891099,-3.7644512294295955,-0.8521707054036756,-4.420399066719417,10.048421734469619,3.997285778823685,-5.850996402927887,3.288620041154773,-13.341903384018966,-4.824409044661233,6.4016267584479705,0.5911624926712745,4.453759781125857,1.92254812674827,5.445009054898523,0.40740552042107864,-0.9032228742000644,-4.966098380068614,-3.178379189261212
4.990480000602252,2.6732403717914033,-10.237819140727279,-2.463035189240119,3.472544612238245,-5.59125356037538,8.685820278476127,0.22985617190392915,-5.293458873167692,5.993851196895627,6.5308555083711,0.23330695049189587,-0.7744725011691865,3.5494642241043297,-1.3037700870938613,0.5085953059243267,7.799914326410293,1.976219531255233,5.522732453869631,-4.98542773937923,-0.691577449169172,0.9143383446444424,-4.913399803547875,2.683863516661234,1.0665358345065243,-0.02180939078539168,-4.227518273485285,-9.114665178585504,0.9901178672674278,-5.238604846307371,0.16082918460128087,-0.3208207415721748,2.791381177164778,-3.583347304755376,7.936050749793825,0.02798541392055942,-0.5019986895094365,0.027209161955284333,0.5127087165093795,-3.0656924286052796,-0.4853179345801745,1.6623056521614106,-0.40290073657538283,-6.1378710275750885,-0.4237189825897878,5.112139474931456,-4.63820941065084,0.2770848520164022,-0.63884774309844,6.280868529863648
4.617990607921354,6.995209206904065,-8.120975028564942,-1.0200215024116566,-3.2318259740032214,1.5324224160701834,0.2677010522695058,0.04269782544323072,1.7523590366811084,-3.301906256919855,0.23330695049189562,5.871736886249574,-0.942771566922438,-0.2066654682517851,3.4424896706263484,0.07317741006248552,0.9349598403799086,-2.569258585970603,8.016084482920023,-4.6327628025091885,2.8406305180951836,0.11388785465192552,-0.5766474959609544,-8.057674635736236,-2.5387278973137524,-0.6259254181619326,2.988511223926169,-1.205664492624563,0.14842878087840106,-0.3772140850229959,-0.35493118930668244,1.1272529173466581,0.09068384717995004,0.7117967640755535,4.283947902875166,-0.3514174816669995,1.4657506028181917,-0.4376204140419775,-0.3796830478054487,5.545355889005986,0.8280920306282274,4.841244179116333,4.733565211528507,3.09480750521925,-0.06288192205584031,-5.0069872777632085,-7.198620486087094,0.716116931217857,-1.1503428347556066,6.103108630830009
-4.074044661921245,3.080924766682102,14.656053445015708,-1.1047793187395314,-1.8320558124098238,6.695955138503399,4.870674020196048,2.5586814160703892,2.302104124713141,-3.0188156062297726,-0.774472501169187,-0.9427715669224386,-5.2774329414590415,-5.02815730238234,-7.8407358421073186,-4.5866578717008295,-1.8218645712988155,-6.083786588578684,-16.648026444090277,3.7208622187451597,-2.487298939124215,1.2294455745892168,-11.64079403791107,1.6021714065550272,0.6941774251472377,-1.6849462491239002,-8.29089783678906,-0.1450553267260714,0.32150633865351486,4.621249909355853,-3.3231594507014193,2.121105988920895,2.664898221298794,4.4412696043287845,-2.6746325031490823,-8.056404236763944,3.0149148800289933,-3.9263165389542736,2.4171389351899397,-6.478902459436013,-3.6837664146039915,2.7160292248438935,-3.1204513748857226,4.3610471469991445,9.709169945123298,7.83876913092864,9.53589977447722,6.973658277198162,-8.098673323057632,8.049181880679322
3.7218432871605303,-14.61822364145195,-11.31810197640468,-12.935734745088034,3.908833671370855,-2.079454836848805,-5.745162122707379,3.190843378893433,8.211351277948948,7.443597103807891,3.5494642241043306,-0.20666546825178467,-5.02815730238234,9.00607543285064,1.40614439874645,-3.4232318849972843,6.830263556027454,10.575286040064086,4.27069186236312,2.1335388269710163,-7.8954794732995675,1.7339999074454888,11.60901958622797,-6.044193092060416,-4.880570971103905,-6.71532624943704,-3.1472046573170607,-8.424147613762692,7.1127887071897415,-7.512004940703801,-2.0341447809852764,3.0119219667900348,5.859209625215644,-0.183451941501372,15.4045577150191,9.136902184721961,-10.557852386880128,5.667485804597561,-2.072033715565439,2.8077467833224072,5.1051567357039715,-12.6996573010534,8.024204973874832,-6.977135112904202,7.698127067523999,-1.9987004833842066,-3.6060330548419115,-1.188793029212945,-2.233097427535503,-8.167666981246233
-7.428240437893306,-1.6078824496669348,4.810465368808275,1.891120437320529,-6.372626199962729,-2.4008958715003113,8.26749382828655,-5.874581679834835,3.7208274239471937,-7.712803918352537,-1.3037700870938602,3.4424896706263493,-7.8407358421073186,1.4061443987464497,2.6742474488925767,-3.022596057088739,5.01007780032249,1.236612413581752,-7.298515936935363,7.888262204467024,-0.6877641758724597,3.2332166083329494,-11.731959346850696,14.067564354633642,-5.588417281701965,-1.9488385983705228,-3.2462906377500036,1.87671553598323,-7.596797535559017,3.7460062726267425,-1.5564959352558994,8.74224432175891,10.814247929156092,-0.16277766603764054,-12.87141469610381,9.563754189945245,0.12656001261769945,6.181987497073941,9.806356922037287,-10.270115671344406,4.349823280417925,4.746111582260241,2.4922896430920827,2.3020965095820847,3.913198539855747,3.2087241400936635,-7.27884258224727,-4.284285398907915,-0.11360099980775495,7.03869136929781
-6.75355521487943,0.018675972484170578,-4.3541448938575265,7.396354334865684,2.583785962584127,1.534287763861804,-2.4409670973927007,-0.2170089672151767,-6.869304606456463,-2.9462540218744153,0.5085953059243269,0.07317741006248552,-4.586657871700829,-3.423231884997284,-3.022596057088739,6.259086332851714,7.041711347620786,6.376541938621955,-0.5041313235298501,-5.3967411309015745,-1.6541331869470637,0.2870987874859461,6.4468778709732115,0.4729891012227016,1.6043898843718254,0.30263888195786776,2.519314475274163,5.989847770610776,-0.18197390771480104,-6.593863710817853,0.4456045674536092,-0.8691832685013438,0.9755894161591998,-0.49523479618676447,8.739666592229266,-0.40034452908020784,-2.060074215717375,0.3257296506270518,-0.7119055351721462,-3.176329569072385,0.7651407035465772,1.0074236427002092,-4.753233618842739,9.800555395111019,0.5716338452931855,-0.9851272402627392,0.24573006783792362,0.49026456341814934,0.898826039285425,-0.1365064234870048
-3.840427803792126,2.1042238094940826,10.029164602965096,3.5929380064354186,-0.5502936439700148,-9.907820434124911,15.433120048763062,0.566143366641642,-7.851922668633011,-12.690919931844027,7.799914326410293,0.9349598403799084,-1.821864571298817,6.830263556027454,5.010077800322489,7.0417113476207875,10.544529395647873,-1.3022909648265495,-9.117259007001003,9.418277757234689,1.513197991209471,2.0480915455109967,-6.260759395124346,-3.261115190386391,-1.2211686776177755,0.37967585862719244,-5.724089106270339,9.819050435132722,-0.6565328843200555,12.576710284245001,8.300015199255354,0.16357649533920493,0.7393805759769977,-3.42992008948514,-8.5691160387856,5.986644421569062,13.398891484220503,-0.07046970435216104,-5.383646146561395,-13.306330858712325,3.8646422281961232,8.378609869696126,-4.857484495042392,10.884192949340067,-9.8116866075871,2.5218731296187453,-1.8499057938639933,10.087273283872754,-1.187772407256375,12.054700443022366
-5.592586459432173,-2.973616318413429,1.4784375481049057,-0.06763578596708009,-14.898869611116375,-10.60576533399707,3.9968879846204466,4.7226730226685,-6.42370884296576,-5.3285552629232456,1.9762195312552326,-2.569258585970603,-6.083786588578685,10.575286040064086,1.2366124135817507,6.376541938621954,-1.3022909648265486,8.250236891370836,-7.983809710589643,13.305789718484426,3.7822018038025598,3.586579789483271,0.08128259765613643,6.853630892791642,-4.857333700509929,2.075555633755881,-1.202419219994857,6.87661124559803,2.6703848882803323,-3.11158074640897,-2.483522424603358,-2.879089169190464,1.082410437599149,0.40687233839014547,4.536250226730045,0.794235817753182,8.266045187928595,3.863955367221032,0.2702473998995223,-3.370859750310776,7.023739298977213,3.1112968688313876,-6.436751157548209,8.063308541850063,2.9974672622783602,4.686066806987851,1.546826371973348,0.22075813924698096,-17.374121958874678,12.632552786622076
-18.10834344564777,2.1595078624489377,-5.545648495855461,2.235497720347132,-0.09357819694104585,-0.42684989819752384,6.8929345763419905,-1.2272926701779565,-2.998387898729772,-6.402620780608455,5.522732453869629,8.016084482920023,-16.64802644409028,4.27069186236312,-7.298515936935362,-0.5041313235298499,-9.117259007001001,-7.983809710589645,-0.7231026167430121,11.921463579651405,-3.593009556241642,0.5400756456962569,-4.290600175829136,1.6659355502263467,-9.977385930486308,2.0725169561960333,1.7871679961839257,-7.080369216361147,0.43437276760683985,6.935401917756494,8.142151802913217,6.854137327109334,-2.1183001163974233,-5.338597201919886,-12.908214392922039,-6.245150425535995,9.641048309986633,0.060268683122090994,2.848897480281531,-4.057932331436032,-5.185636994638475,8.612116271401952,-4.3405561380635636,9.185483269985458,-4.082320469968495,1.5786845242127614,2.634737669650237,0.678107132184315,-11.426527216403128,4.690770662241291
-5.173785516156874,-12.681359468355083,-2.9211980198772944,-9.793602370074208,0.2877305920456764,1.4533227241721285,3.2574412035563802,-3.854663435243104,-3.5426531036690347,9.542452568010175,-4.98542773937923,-4.6327628025091885,3.720862218745159,2.1335388269710163,7.888262204467025,-5.396741130901574,9.418277757234689,13.305789718484426,11.921463579651405,10.397636985201359,-1.9245643053586972,3.70176268864958,2.6785065434894615,10.900424216542042,11.287701876808125,7.887268401403894,3.2543002926043876,-3.274252966919124,4.537055698694555,1.961248922432632,-4.551539845998918,7.805701719783724,-3.1890788130194654,9.058918772138645,12.993430535962062,-8.081627827660771,-9.354566861489767,-1.2570277473508418,-6.137337514327888,-4.032091872890894,-4.960965754386695,-10.242840378733847,4.811990918995402,3.3150595638845677,0.6974687613205022,-2.7380439183462575,-6.861844306090694,7.096875150226156,8.454558738970427,-4.33054392431445
2.5359588446839907,2.538227557180659,-3.276114030453517,-13.638427827631356,4.619947575440645,3.8860839409048387,-12.273173841816082,2.3877405050227445,12.507843733093752,9.705836035706497,-0.6915774491691701,2.8406305180951845,-2.487298939124214,-7.895479473299569,-0.6877641758724604,-1.6541331869470635,1.513197991209473,3.7822018038025593,-3.5930095562416424,-1.924564305358697,5.267544445495803,-2.3601534391063033,10.074700625724851,-3.9600720028509686,-4.464040968656625,-0.3902033558632254,-1.9439945092933097,-12.888865580525476,-0.4723967402239533,-8.523376293455142,0.013146855078120134,0.09205661994417058,-4.236384812150748,4.632890099508046,6.278334077798604,-3.984863752413866,-6.816924272390236,2.280398985827727,7.409286911665667,3.3618870963228886,-6.170579241802232,3.0110104579575503,0.8158210948218598,-8.830786915330885,-3.2096669022722493,-8.080103359415995,-1.2850515379037992,-5.026034884046561,12.068784601181289,-14.856646789377452
-3.0419328159355965,-3.6906119313806265,-1.1885619389607887,-0.6378124885076679,-1.123530331295063,-8.1566027464816,0.08456205489366181,0.3830755800682444,5.015398310903429,-3.5314286605871605,0.9143383446444427,0.11388785465192441,1.229445574589217,1.73399990744549,3.2332166083329485,0.28709878748594553,2.0480915455109963,3.586579789483271,0.5400756456962572,3.701762688649581,-2.3601534391063033,5.90650215959859,-8.0570507557388,3.8066850933764798,-3.8366437571906546,0.5496372505939238,2.0741345902012887,-3.917210689911461,0.48666608859335114,-7.6717671832628,-0.06731058068512316,-0.36728176922500255,-9.365691156086527,-4.875827763419792,-0.7628232240072924,-0.23696509747406536,2.3425259083007717,0.296768100474038,0.2843547273902675,1.2298339522749187,0.4271569088502397,-1.9757953614517136,-3.86525380327996,-3.4668720602776593,-0.5733319866243507,-9.974003958889245,4.749438668775914,0.42024191168006986,5.918563551145051,6.481519801845251
-12.186606641804211,-1.3548391859972124,-0.9586928286619639,7.270147220712802,-6.28203830326879,-13.560142513698905,-5.179722935014677,-6.321181642122882,-13.269017546848005,-14.751201520261912,-4.913399803547874,-0.5766474959609538,-11.640794037911068,11.609019586227967,-11.731959346850696,6.4468778709732115,-6.260759395124346,0.08128259765613624,-4.290600175829137,2.67850654348946,10.074700625724851,-8.0570507557388,-3.1045119971161252,3.267178650190303,-15.380708712249888,-7.137102660319126,-3.9957995263558,6.129718129269177,-1.8731055806702608,1.949041794779937,-3.165379195770784,3.614643396015532,9.428696236127628,-10.315496392032804,-5.186932542490985,-0.6497960585900574,8.245097493073635,2.8336366647456943,6.109506466286104,-1.8950576048004126,0.22508129753787764,0.30550220307204023,1.724034192022477,0.6236531224711676,-2.030905232090835,4.03278719041824,7.3292940377381,-6.021019865264225,-14.559316621885232,1.2403534287379636
10.180762991958344,-2.3669768636657813,-5.473796606049774,-6.987860813881713,-1.916481703291137,7.29997237453411,0.9509835264140865,-5.511742907020526,1.7814024060170428,5.000874952695709,2.6838635166612343,-8.057674635736236,1.6021714065550274,-6.044193092060418,14.067564354633642,0.47298910122270194,-3.261115190386392,6.853630892791641,1.665935550226348,10.900424216542042,-3.9600720028509677,3.8066850933764798,3.267178650190303,11.487749116164682,14.011409938281364,-0.11653084721594312,6.4281242151266165,3.8275279134868825,2.64468690085412,0.8550446031243224,0.9368648053875261,-5.087331357246857,-1.0237286644702863,-2.6581563116131184,4.00522163543303,-3.0121272073165333,-16.982120843693185,5.766407501708812,-1.8056033335934911,4.472408408347529,2.034812914430651,-8.689341241344232,11.112570552485806,-4.786588115674733,2.142048318025098,1.3261512409365677,-7.210106095108692,8.3723484955722,9.204107435758484,-2.0456484194557145
-1.889318549711948,14.285350890363524,-0.11409069560912707,8.973012009069242,-3.2879534869287155,-12.676369425451021,11.011023653329357,-6.908767966910511,-1.537257156072735,-5.3404107007753305,1.0665358345065252,-2.538727897313752,0.6941774251472379,-4.880570971103904,-5.588417281701965,1.6043898843718243,-1.2211686776177753,-4.857333700509929,-9.977385930486308,11.287701876808125,-4.464040968656625,-3.8366437571906538,-15.380708712249888,14.011409938281364,1.737415290446207,0.8496973878683778,-12.640274465700404,-0.8835584485872227,8.846290359453842,3.4966745783801216,0.21174943258160112,-4.820944052489582,-3.3676764980002543,-9.490258306373827,-11.430150579275317,-0.2498400117552524,0.09221287658584432,1.0107526003778409,-6.139147791945649,-6.673874910312035,0.7528024385581317,13.101282146017168,-6.225078240515126,10.559358588728177,-0.2190702072138952,2.6468435036186757,-5.510493225048771,-4.174861140928114,1.9435821466500744,10.10780212330749
5.335504425194369,-7.9961387821115,8.497159594748704,-8.951931053548192,-2.962089702876417,-4.0792607768772875,-2.0908434451656435,-0.31588771606892774,10.05614780767638,-5.467177870047225,-0.021809390785390965,-0.6259254181619328,-1.6849462491238993,-6.71532624943704,-1.9488385983705232,0.30263888195786764,0.379675858627192,2.0755556337558816,2.0725169561960333,7.887268401403894,-0.3902033558632263,0.5496372505939233,-7.137102660319128,-0.11653084721594387,0.8496973878683785,6.543782449238477,-0.29960636693433274,2.5801282750710617,0.8468233585336401,-0.539996142866162,0.37255684143162554,0.7913233841987393,2.9074342477694253,-4.117760817605362,-0.8513602323492883,-0.4379971595375358,0.7533198236662153,-0.7089360419772506,0.09512517264748027,1.2053583587185221,-0.06784664289443787,-3.9190345368239923,0.531897142432467,0.9226649124005911,-0.09379118138856413,-2.3121853808484985,-6.983434965438472,-0.5351825373297582,-6.395723891305882,1.4416852880747042
-3.5751807709634114,0.24863324181424065,-5.219710895733615,4.420572312556696,-6.31907877811431,-15.472210619248083,2.474486604672559,2.932464551219204,-5.683324557815663,-3.449529625594331,-4.227518273485283,2.9885112239261686,-8.290897836789059,-3.14720465731706,-3.246290637750004,2.5193144752741623,-5.724089106270339,-1.2024192199948571,1.7871679961839253,3.254300292604387,-1.9439945092933093,2.074134590201289,-3.9957995263558006,6.4281242151266165,-12.640274465700402,-0.2996063669343336,3.426488387016783,-4.155494206605853,-9.027000186476787,10.388641813982847,-4.19191676466716,4.180060499557571,1.8148326930238123,6.3426071469775644,-2.8009979359787107,-4.792704292546723,19.32925083262727,-3.4593182742486457,-8.454879474282702,-13.733647903394836,-0.1994618145510192,10.515282151408607,4.706189324296325,5.250270278082796,-1.1320740227163149,11.030936444393845,0.622568082577547,3.6085292327979763,-1.615808869128558,0.19016265900018547
9.216917060699538,-2.929514855596276,-7.673442116566361,-2.8288644701098984,-2.3118781464238127,13.909577885711752,-7.170767885836805,-0.35084376625788627,2.238100766100576,4.881444316608748,-9.114665178585506,-1.2056644926245617,-0.14505532672607216,-8.424147613762692,1.8767155359832297,5.989847770610777,9.819050435132722,6.8766112455980295,-7.080369216361148,-3.274252966919123,-12.888865580525476,-3.917210689911461,6.129718129269175,3.827527913486883,-0.883558448587223,2.580128275071063,-4.155494206605853,4.156090377304183,2.476250527985596,-1.2295727088059878,-3.3765887543854287,-3.3324500190580104,-1.371522602064711,1.2948208523818971,-1.891409214578914,2.7373945941375037,-2.8551294886162077,0.8436021264073886,0.6924491038870912,12.531889941103778,-7.467733853825022,1.2033514393119744,2.0781096562268697,1.9198092420115282,1.8851321791210058,-8.289160230289845,-11.752574035675252,-3.474512864360965,1.933010974927476,4.942682553401856
7.528128144785712,-1.1095573559790994,-3.942274489920406,3.519482185864992,-6.749994099865434,0.43657414353319934,1.5248614372940072,0.26137336232715125,0.7936755129842091,4.332849187213517,0.9901178672674283,0.14842878087839972,0.32150633865351574,7.1127887071897415,-7.596797535559017,-0.18197390771480126,-0.6565328843200569,2.670384888280333,0.4343727676068403,4.537055698694555,-0.47239674022395267,0.4866660885933504,-1.8731055806702603,2.6446869008541207,8.846290359453842,0.8468233585336404,-9.027000186476787,2.476250527985596,5.630450811027975,4.474394840089063,-0.16306731412829867,-0.08592421797741168,5.057642310861349,-6.290107103735792,6.80848002400166,0.2303599878443221,-3.187609589935616,0.6501685511632964,0.14719372062902458,9.390810891363415,-0.30994150525333664,7.104474334120871,-1.781174677840132,-1.218209624790234,0.15658600720437565,5.6004850566164786,3.1608291364363894,-0.33190639096677327,-7.051243668141343,4.400003196356483
0.764917715561986,-16.449521395985958,-1.4168926317255608,-0.2806571114194534,7.481631059940777,4.326609741483143,-9.323324484570074,2.0514934048788143,15.141355231004361,5.159230906683246,-5.238604846307372,-0.3772140850229959,4.621249909355853,-7.5120049407038,3.746006272626743,-6.593863710817854,12.576710284245003,-3.111580746408971,6.9354019177564945,1.9612489224326317,-8.52337629345514,-7.6717671832628,1.9490417947799363,0.8550446031243217,3.496674578380123,-0.5399961428661627,10.388641813982847,-1.2295727088059882,4.474394840089063,12.918454238901228,-7.748557566546718,-1.4888731699059354,-13.572484547179105,8.139973878085296,6.661044440890744,5.545952083926118,-8.009384146147346,3.798642348990963,9.136445742036278,8.836250536659698,3.034476471846546,0.04968491262561392,-6.478417653686782,-4.30592569820466,-5.778529368915796,-11.973046126435015,-7.452953851646027,-0.6984605439129983,12.114935780859023,0.5177556991873119
4.872312081499121,3.0867368202898398,-1.058585710509862,0.524539723896218,2.0071032508054167,1.5981835899753065,2.1698995665598857,0.11174742672284377,-0.7375457731053023,5.115035002090239,0.1608291846012808,-0.35493118930668244,-3.3231594507014206,-2.0341447809852777,-1.5564959352558996,0.44560456745361043,8.300015199255354,-2.483522424603357,8.142151802913217,-4.551539845998918,0.013146855078120412,-0.06731058068512351,-3.1653791957707837,0.9368648053875257,0.21174943258160017,0.37255684143162526,-4.19191676466716,-3.3765887543854287,-0.16306731412829964,-7.748557566546719,6.532726293216956,0.182459869805065,-1.382745404563782,4.573149254943335,-0.27405070346322935,-0.49739455930201504,-7.6672665096713715,1.087468129955829,-0.1509090149611892,-5.37380308687754,-0.24950509088519035,1.6881503783322853,-4.351195605215283,-2.2319136823615735,0.12370180569518685,-6.6265539746750814,2.9053766285397735,0.30492934337369704,7.564653554646879,1.3441689540934778
7.7103167314212415,-7.479084008118898,1.9797086859422386,-7.122109638010214,0.6904980487940886,6.935094255796196,-0.935778453021509,-0.19204278364032648,2.8749410443419383,3.0335425518910983,-0.3208207415721756,1.1272529173466583,2.1211059889208936,3.0119219667900343,8.74224432175891,-0.8691832685013445,0.16357649533920593,-2.8790891691904643,6.854137327109335,7.805701719783723,0.0920566199441697,-0.3672817692250031,3.6146433960155315,-5.087331357246857,-4.820944052489583,0.7913233841987395,4.180060499557572,-3.3324500190580104,-0.08592421797741068,-1.4888731699059354,0.18245986980506546,5.5916524222952635,2.4630541497559566,3.3810861347988697,-3.1116272448700966,-0.3052626014657749,4.674011323072034,0.057290046338716455,0.07487229302717177,-8.301828478905696,0.5869211537134267,4.099918083828747,-0.37588633987890074,0.6030059434032238,-0.3096230097531181,5.133724088559602,-4.244485131118411,-0.8024337575244382,-6.351701361235929,2.4408659560511876
10.778323986449298,1.1562002248522965,-12.48321638705493,2.800962992979631,2.001875095515848,11.336465163044153,-7.573931887981941,0.9409319026593794,10.814035979936843,-3.7644512294295938,2.7913811771647774,0.0906838471799496,2.664898221298794,5.859209625215643,10.814247929156092,0.9755894161591995,0.739380575976999,1.0824104375991497,-2.118300116397422,-3.189078813019466,-4.236384812150748,-9.365691156086525,9.42869623612763,-1.0237286644702859,-3.3676764980002547,2.9074342477694257,1.8148326930238128,-1.3715226020647104,5.057642310861348,-13.572484547179105,-1.3827454045637817,2.4630541497559575,2.796588946262805,-3.6490840297254064,-5.3542414569760215,4.519497567924964,-7.155277697907078,-2.3657176008452323,-1.4480120113809922,-1.2381689958110238,1.113395191681748,6.71838347984232,7.069368681745477,-6.2637390425501005,-0.8247307285577657,-8.346981696175085,-5.506755696911913,-3.742336577713268,9.60389509476602,6.280874482599465
-4.7063315280971825,4.633379533921927,2.3399478896573678,7.931873449436523,-0.8005985065314299,-8.861170675094932,-1.8850432260256351,1.7516714280508157,-4.353485426087915,-0.8521707054036769,-3.5833473047553763,0.7117967640755525,4.441269604328785,-0.18345194150137334,-0.16277766603764016,-0.49523479618676447,-3.4299200894851403,0.4068723383901459,-5.338597201919886,9.058918772138645,4.632890099508046,-4.8758277634197915,-10.315496392032804,-2.6581563116131184,-9.490258306373827,-4.11776081760536,6.342607146977565,1.2948208523818978,-6.290107103735792,8.139973878085295,4.573149254943336,3.38108613479887,-3.6490840297254064,-10.780796732997292,1.3629115852521632,0.07820049308407517,9.274718709808146,-0.8011485393042115,-9.156296069146382,-2.590554882549267,0.16999688765251175,20.48870902027371,-11.685660457100983,4.212448548543009,-0.9348863175541914,-0.7861686806446988,19.113953103952344,1.7907461069001434,-5.244255332385723,1.60083415926873
-9.389470572477162,-1.2512179786077473,-2.5939489001601626,8.198068425928618,-10.963717757623575,-11.731499537102998,15.601667917876476,3.2719474634634356,0.4178142852428772,-4.4203990667194155,7.936050749793825,4.283947902875166,-2.6746325031490823,15.404557715019102,-12.87141469610381,8.739666592229266,-8.5691160387856,4.536250226730045,-12.908214392922039,12.993430535962062,6.278334077798604,-0.7628232240072921,-5.186932542490985,4.005221635433033,-11.430150579275319,-0.8513602323492884,-2.8009979359787107,-1.8914092145789159,6.808480024001659,6.661044440890745,-0.27405070346322935,-3.1116272448700975,-5.3542414569760215,1.3629115852521618,4.074854485985222,1.4273328215825956,3.698869471153045,2.654704021214434,4.880944256621505,-5.158156536885934,-4.846882789048385,2.803128867564339,-5.8657052027401955,6.114381312025495,0.6324368683073665,1.3401194163569585,-1.4180044371495255,-10.218421846482332,-4.767020762722372,7.449769519752482
-5.303976978766698,-2.413621011212665,-1.3602200576486612,4.991834287195019,-1.2625680158256771,-0.71560887651684,-5.600270108624974,-0.08357395829262068,3.973458554519496,10.048421734469619,0.027985413920559754,-0.35141748166699927,-8.056404236763942,9.136902184721961,9.563754189945247,-0.4003445290802089,5.986644421569063,0.7942358177531819,-6.245150425535996,-8.081627827660771,-3.984863752413867,-0.23696509747406413,-0.6497960585900582,-3.0121272073165333,-0.24984001175525283,-0.4379971595375354,-4.792704292546723,2.7373945941375037,0.2303599878443222,5.545952083926117,-0.49739455930201537,-0.30526260146577516,4.519497567924964,0.07820049308407462,1.427332821582596,5.81009777967447,1.650661792108815,-0.23466146437944832,0.22354432430542215,9.575998617885606,0.26952328884126553,8.298404565673916,0.1213071938216197,-1.9117671971227295,-0.5691415159161025,-3.455457694074445,3.272217352660854,-0.03168811046150122,3.371253484930217,5.302693587316634
6.680246960852655,-5.555487087812264,-8.061232801523676,-9.0867231742105,0.52310872354496,8.007683502816239,-4.51823549780114,5.997800650468846,8.430297557660316,3.9972857788236844,-0.5019986895094359,1.4657506028181924,3.0149148800289933,-10.557852386880127,0.1265600126176991,-2.0600742157173744,13.398891484220503,8.266045187928595,9.641048309986633,-9.354566861489767,-6.816924272390236,2.3425259083007717,8.245097493073636,-16.982120843693185,0.0922128765858441,0.7533198236662144,19.32925083262727,-2.8551294886162077,-3.1876095899356165,-8.009384146147346,-7.667266509671372,4.674011323072035,-7.155277697907078,9.274718709808145,3.698869471153045,1.6506617921088158,12.964864146707308,-0.3796628486689051,-2.9143794134726675,16.441885527427402,-3.599927716112494,-5.822090673179895,0.8261122937593637,-6.843375121943927,-5.002529779944216,-13.088610958336309,-7.192306389426262,1.359346492111873,13.584973511251073,-14.233044680105623
-1.3337159796123417,4.698671363304668,1.2674435919670528,3.775535669658487,-1.7167658886536437,-3.400040161717683,0.7938017861780076,0.16289338346474497,1.5171087478861405,-5.850996402927886,0.02720916195528353,-0.4376204140419775,-3.926316538954273,5.667485804597561,6.181987497073941,0.32572965062705195,-0.07046970435216128,3.863955367221033,0.06026868312209155,-1.257027747350842,2.280398985827728,0.2967681004740365,2.8336366647456948,5.766407501708812,1.010752600377841,-0.7089360419772512,-3.4593182742486452,0.8436021264073876,0.6501685511632972,3.7986423489909638,1.0874681299558304,0.05729004633871643,-2.365717600845232,-0.8011485393042118,2.654704021214434,-0.23466146437944918,-0.3796628486689049,6.204944064821152,0.1261214691804361,4.365557775328498,0.562676635542697,3.3755551350134545,-5.513731984313409,5.212616072071739,-1.3998606535230351,0.6864375513756527,-3.1336096801704487,0.21719442855464355,-4.867910071869508,-7.017556577535209
0.2745812588251253,7.189700091873182,-1.3146528232709844,-0.6619802909134855,4.915724261548297,-4.2938968913345334,-3.9726202885211848,-0.03445019223266321,-9.529449362030546,3.288620041154772,0.5127087165093797,-0.3796830478054485,2.4171389351899393,-2.072033715565441,9.806356922037287,-0.711905535172146,-5.3836461465613965,0.2702473998995248,2.848897480281532,-6.137337514327889,7.409286911665667,0.2843547273902669,6.1095064662861045,-1.8056033335934905,-6.139147791945648,0.09512517264747933,-8.454879474282702,0.6924491038870911,0.14719372062902497,9.136445742036278,-0.15090901496118928,0.0748722930271718,-1.4480120113809916,-9.156296069146382,4.880944256621505,0.2235443243054226,-2.9143794134726684,0.12612146918043615,6.632786635088065,-1.0240321882999435,0.4580618119500661,4.783671331707123,-7.531521057302937,-3.58326976888532,0.5840831254659816,-4.883942169130813,7.32527291938483,0.35872784419282544,2.3615643855000723,-2.109415560215032
1.9670052039640187,-0.4788458677461733,9.799301464957674,-1.0313313965709,5.940163506570471,-9.676226230683131,9.285439638356438,-4.390014556776922,1.4995102606420834,-13.341903384018966,-3.0656924286052796,5.545355889005986,-6.478902459436014,2.8077467833224072,-10.270115671344408,-3.1763295690723865,-13.306330858712323,-3.370859750310776,-4.057932331436032,-4.032091872890895,3.3618870963228877,1.2298339522749182,-1.895057604800413,4.472408408347529,-6.673874910312035,1.205358358718521,-13.733647903394838,12.531889941103778,9.390810891363415,8.836250536659698,-5.37380308687754,-8.301828478905696,-1.2381689958110234,-2.590554882549267,-5.158156536885934,9.575998617885606,16.441885527427402,4.365557775328499,-1.0240321882999432,5.876067520878374,-3.4424781109176443,12.092744134927432,-5.55683678025768,10.622072135844887,-1.482449110934534,4.272854476006179,8.368750694332162,-3.9392830838424424,-7.957392583015816,11.728196764780987
1.0342210418722175,5.007531317185858,-4.281952551678736,5.965938293793219,-2.1039744801378903,2.8460397638075587,0.8090812727844507,-0.34880459941506636,7.398317711767183,-4.824409044661234,-0.4853179345801739,0.8280920306282264,-3.683766414603991,5.1051567357039715,4.349823280417926,0.7651407035465779,3.8646422281961224,7.023739298977213,-5.185636994638475,-4.960965754386695,-6.17057924180223,0.4271569088502404,0.2250812975378761,2.0348129144306504,0.7528024385581327,-0.0678466428944392,-0.19946181455102008,-7.46773385382502,-0.3099415052533354,3.034476471846547,-0.24950509088519054,0.5869211537134262,1.1133951916817486,0.16999688765251186,-4.846882789048385,0.269523288841265,-3.599927716112494,0.5626766355426969,0.4580618119500657,-3.4424781109176434,6.915331551480476,2.9185751911556674,2.252697912072019,1.9530313247145936,-0.313079201141337,0.4785301960557073,2.130170083213068,-0.4785204159459828,-10.382826188213086,-5.15285222304367
5.873336082397054,-11.179803174576003,-8.418744233294092,-1.1677417427873245,2.8562575425241272,12.506572962614074,-8.854672728291664,0.34969550253349324,0.09306751455577034,6.40162675844797,1.6623056521614097,4.841244179116333,2.7160292248438926,-12.6996573010534,4.746111582260239,1.0074236427002092,8.378609869696126,3.1112968688313867,8.61211627140195,-10.242840378733847,3.011010457957551,-1.9757953614517119,0.30550220307203957,-8.68934124134423,13.101282146017166,-3.919034536823993,10.515282151408607,1.2033514393119749,7.104474334120872,0.04968491262561303,1.6881503783322862,4.099918083828746,6.71838347984232,20.48870902027371,2.803128867564338,8.298404565673918,-5.822090673179895,3.3755551350134554,4.783671331707124,12.09274413492743,2.9185751911556683,-3.498402856366674,10.990853220955156,-3.921703839424318,3.6139491061102698,-0.479588981846918,-8.212354708081714,5.49782886426999,6.7677874981777695,-10.954648050734212
-8.09017597978243,13.959372830803286,2.210485613476411,3.8926286841471365,-7.25540065301762,-0.6861322914617636,5.688335064054398,-10.323098803788035,-15.730886516110777,0.5911624926712741,-0.4029007365753824,4.733565211528508,-3.120451374885723,8.024204973874832,2.4922896430920827,-4.7532336188427395,-4.857484495042395,-6.436751157548209,-4.340556138063564,4.811990918995403,0.8158210948218596,-3.865253803279961,1.724034192022477,11.112570552485808,-6.225078240515125,0.5318971424324674,4.706189324296324,2.0781096562268697,-1.7811746778401325,-6.478417653686781,-4.351195605215284,-0.3758863398789003,7.069368681745476,-11.685660457100983,-5.865705202740196,0.12130719382162036,0.8261122937593629,-5.51373198431341,-7.531521057302937,-5.55683678025768,2.25269791207202,10.990853220955154,7.012181062894553,10.913217830955587,-2.1089848177098673,8.369913527849073,-3.5455426612054017,-2.7567429026291035,-0.7050372763006535,14.099340480049117
-2.018180022790782,-10.387703124286562,-14.347369706637082,-2.1397376490908897,4.237450609282745,-8.16189619526361,-1.6951422124639293,-6.634172938891235,7.42598601445874,4.453759781125857,-6.137871027575088,3.094807505219249,4.3610471469991445,-6.977135112904201,2.3020965095820856,9.800555395111017,10.884192949340067,8.063308541850063,9.185483269985458,3.3150595638845672,-8.830786915330885,-3.4668720602776597,0.6236531224711676,-4.786588115674734,10.559358588728177,0.9226649124005919,5.250270278082796,1.919809242011529,-1.2182096247902336,-4.305925698204659,-2.2319136823615726,0.6030059434032234,-6.2637390425501005,4.2124485485430085,6.114381312025494,-1.9117671971227292,-6.843375121943927,5.212616072071739,-3.5832697688853195,10.622072135844888,1.9530313247145932,-3.921703839424317,10.913217830955588,-1.1597611647144745,5.350260994245691,-12.229428054665155,-11.204666530262076,-2.4931049779654524,13.299436097865483,3.6589244004571366
4.915095364197389,0.3232562423370604,4.550810111758596,4.38958533704196,-5.669425416479601,0.6398679971950274,-0.9637320891857608,-0.051361734187723274,-3.311238898466237,1.9225481267482685,-0.4237189825897877,-0.0628819220558402,9.709169945123298,7.698127067524,3.913198539855747,0.5716338452931861,-9.8116866075871,2.9974672622783602,-4.082320469968496,0.6974687613205024,-3.209666902272249,-0.5733319866243498,-2.0309052320908347,2.1420483180250987,-0.21907020721389525,-0.09379118138856407,-1.132074022716315,1.8851321791210052,0.15658600720437582,-5.778529368915796,0.12370180569518703,-0.3096230097531186,-0.8247307285577654,-0.9348863175541902,0.6324368683073658,-0.5691415159161018,-5.002529779944216,-1.3998606535230353,0.5840831254659817,-1.4824491109345335,-0.3130792011413383,3.6139491061102706,-2.108984817709868,5.35026099424569,6.702841587250721,-6.8248880059619825,5.045650866432334,0.22292031638776472,8.082206314389357,-1.799553375226962
3.9056256703235586,-1.853837159812446,-9.914649104852687,-7.961468702433596,7.761533902823611,-0.23890925022462722,-9.559295725919808,-2.994086863843193,0.8198069540997204,5.445009054898524,5.112139474931455,-5.006987277763209,7.838769130928639,-1.9987004833842055,3.208724140093663,-0.9851272402627378,2.5218731296187453,4.686066806987851,1.5786845242127612,-2.738043918346257,-8.080103359415995,-9.974003958889243,4.03278719041824,1.3261512409365683,2.646843503618677,-2.3121853808484985,11.030936444393845,-8.289160230289845,5.6004850566164786,-11.973046126435014,-6.6265539746750814,5.133724088559602,-8.346981696175085,-0.7861686806446975,1.3401194163569583,-3.455457694074445,-13.08861095833631,0.6864375513756527,-4.883942169130813,4.27285447600618,0.478530196055708,-0.47958898184691867,8.369913527849073,-12.229428054665155,-6.8248880059619825,-9.130224592544666,8.109646978734753,2.663497009572459,4.45823248889158,-13.624363425571362
6.355251000141021,-8.122763295858935,-5.136983970910045,-10.604195026329002,6.919212965338872,11.66570003222375,-5.850633512207027,4.89267798049822,11.13498490666792,0.4074055204210787,-4.638209410650841,-7.198620486087094,9.53589977447722,-3.606033054841911,-7.27884258224727,0.24573006783792434,-1.8499057938639927,1.5468263719733484,2.634737669650238,-6.861844306090694,-1.285051537903799,4.749438668775913,7.3292940377381,-7.210106095108694,-5.510493225048772,-6.983434965438471,0.6225680825775478,-11.752574035675252,3.16082913643639,-7.452953851646027,2.9053766285397735,-4.244485131118412,-5.506755696911913,19.113953103952344,-1.4180044371495248,3.272217352660854,-7.192306389426262,-3.1336096801704505,7.32527291938483,8.368750694332162,2.1301700832130663,-8.212354708081714,-3.5455426612054026,-11.204666530262074,5.045650866432333,8.109646978734752,2.121199928858606,5.471752813626054,-0.8230875265236163,-12.164251503422083
-0.7244930725881594,3.949075672847158,4.389085634602428,-3.4841124258525826,6.613929022473867,-0.5051979622157511,1.77803491014217,-0.08570016813355741,8.838562821729896,-0.9032228742000654,0.2770848520164023,0.7161169312178566,6.973658277198162,-1.1887930292129454,-4.284285398907915,0.4902645634181496,10.087273283872754,0.22075813924698018,0.6781071321843151,7.096875150226156,-5.026034884046561,0.4202419116800714,-6.021019865264225,8.372348495572203,-4.1748611409281144,-0.5351825373297575,3.6085292327979763,-3.4745128643609653,-0.3319063909667727,-0.6984605439129978,0.30492934337369604,-0.8024337575244391,-3.7423365777132687,1.7907461069001427,-10.218421846482334,-0.03168811046150033,1.359346492111873,0.21719442855464235,0.35872784419282566,-3.9392830838424415,-0.4785204159459824,5.497828864269989,-2.7567429026291044,-2.493104977965453,0.22292031638776397,2.6634970095724584,5.471752813626055,5.514433027323191,2.5747472416900665,9.379293843357269
-5.155519276660576,9.017375760261048,9.022347347603633,3.749379339052786,-5.348285936564114,-3.158245997022158,7.145991837250057,1.5651324824673807,-8.872326183595565,-4.966098380068615,-0.6388477430984401,-1.1503428347556057,-8.098673323057632,-2.233097427535503,-0.11360099980775518,0.898826039285425,-1.1877724072563751,-17.374121958874678,-11.426527216403128,8.454558738970428,12.068784601181289,5.918563551145051,-14.55931662188523,9.204107435758484,1.9435821466500751,-6.395723891305882,-1.6158088691285564,1.9330109749274738,-7.051243668141343,12.114935780859023,7.5646535546468785,-6.351701361235929,9.60389509476602,-5.244255332385724,-4.767020762722372,3.371253484930218,13.584973511251073,-4.867910071869508,2.3615643855000714,-7.957392583015815,-10.382826188213086,6.7677874981777695,-0.7050372763006528,13.299436097865483,8.082206314389357,4.45823248889158,-0.8230875265236168,2.5747472416900665,-1.8530611849357745,-1.0104774952974178
-2.8221887085602093,2.0490680692575434,-5.631678874858706,-11.88762350172029,3.942942654019519,-7.307573699787292,8.30306854032392,-5.256081437794229,8.750168590842799,-3.178379189261212,6.280868529863647,6.1031086308300075,8.049181880679322,-8.167666981246235,7.038691369297808,-0.13650642348700415,12.054700443022366,12.632552786622076,4.69077066224129,-4.3305439243144495,-14.856646789377452,6.481519801845251,1.2403534287379625,-2.0456484194557154,10.10780212330749,1.4416852880747042,0.19016265900018592,4.9426825534018555,4.400003196356483,0.5177556991873116,1.344168954093478,2.440865956051187,6.280874482599466,1.6008341592687296,7.449769519752482,5.302693587316633,-14.233044680105623,-7.017556577535209,-2.1094155602150333,11.728196764780987,-5.15285222304367,-10.954648050734212,14.099340480049117,3.6589244004571366,-1.799553375226963,-13.624363425571362,-12.164251503422083,9.379293843357269,-1.0104774952974174,3.6270910239436747
