n
50
c
138.75001570114765 121.80521980175307 -16.042847248077905 -140.35487530141134 156.58141825813846 216.38083731198154 -124.4377195671638 128.32747980780667 141.53659186204482 14.449045350477427 -140.41811946397968 -117.47413502207888 -6.515662855042325 -1.845844880884318 195.28754541565695 193.36134737593432 -119.53881736472641 35.406034516171076 -176.25629822877144 -137.254898241908 157.9018872283966 20.896469546052742 153.73276154014488 -8.915038652253408 -206.07042362720225 144.99132444029274 111.17972464836993 -192.018844584919 -12.699974737223094 -203.95506726867387 171.40617687240797 -12.367757270618963 -17.644586634091233 -114.91812079004177 -178.01159991787256 176.01359185547145 157.25744168264472 167.66123474218887 -132.03701014345933 13.84678098961577 -177.7121893935933 -161.9181002672103 -149.37598990680777 -7.950272121602416 -157.58671925445367 -128.5142133904229 182.73463314665824 -26.004536292420113 -147.53136968544 -189.33169122515886
Q
-7.83954749898517,0.3194775637641284,-9.395911679297235,6.434883592117025,-7.4247819542922535,4.213763456806534,7.061006436867955,-10.349406148579618,-5.395824803990984,-0.06339148006960585,-0.7323897493597621,13.583661117463794,-1.1571150779046606,-1.6747815043398435,-5.049376785055256,-6.950501810616404,-2.8024047622515647,1.5982592473639587,9.270150636092053,9.306752518648377,-6.837484266528824,0.7683110197529461,-2.3831302690716862,-0.5308772378673734,12.823478987143632,5.213106900451499,-4.843984838006871,4.436567864695156,3.25921814963259,10.450365179232618,-6.605563797678492,-6.7620209006946,-7.5113774243864375,9.40821961390576,6.133358015092877,0.6585767288754737,-9.349962159026928,-10.007125698439594,4.561580558318969,-3.0662081449099814,10.803652720059205,1.9406999453115743,4.2964616739965775,1.7004964317949112,2.9507507318940855,16.773485553490424,7.304307941250734,0.43809427288781055,1.3778289457697666,-3.854983126021015
0.31947756376412917,9.160448699374523,-1.4332274868068846,2.167632860186801,-8.554809483427196,-18.258821244112816,7.093619416999576,-3.4281476190153555,-4.5563176493881326,4.162758522776565,1.7441273380115212,-0.9412564486843584,1.4187339396685101,-0.17037386019715206,-4.191815482529175,-5.01685005735834,1.1450949868183269,4.54845921022358,11.948041251646416,16.101226497067795,-17.082107746534597,-7.352287710620743,-9.35726877653925,-1.239655061841434,-3.9724174672113453,-7.891978767803323,-5.823408439451931,13.651904233352521,-4.228460328469798,9.463770331900694,6.1037846727471345,2.530151253216419,3.9938233533981062,1.1919049286020866,9.402421539477878,-6.420287092778713,-7.840870695116478,-17.096708091743835,6.089187135967558,1.2989050848293355,15.862523935186253,11.070114222339116,-6.499041241382018,1.3210580066747526,0.8734986271697693,8.63145167108145,-9.68846834706533,5.671440261435929,6.000568161888378,8.052003067320184
-9.395911679297235,-1.4332274868068855,4.386406464160148,2.6758133552180148,0.3653861946275966,0.5352624404700542,-2.1020777151147425,-2.8048901519003677,-0.05514919966986109,0.12586689035745718,1.2254827292265968,-7.535385870677684,-0.35475840854809604,0.17774237162325324,-4.7265565115183845,2.903347944557648,-1.8443212661452786,-0.2760786144262006,5.9976603679956995,-8.705162331187028,-3.4661708127287554,0.22598550072631673,-0.7062832699358932,-0.03981004168746316,1.3356893455414112,-5.411003891270235,0.9143125172539833,4.4475193424586905,-0.11112905125712669,5.267966097038844,-1.1740824062772561,0.7288664911704317,0.18907523581040708,4.809156981833547,0.9780946008476766,-6.303433623930928,-1.6894851457283382,2.152621552147541,-7.103009068604276,-0.10859116837912519,6.691715178746285,2.7523527838171864,-0.845804785839633,-0.05063651443317713,6.856757957557728,5.019735965272488,-2.8063661143026915,-0.44734450620503674,-7.9277997105488325,2.7419538599474182
6.434883592117026,2.1676328601868016,2.675813355218014,6.156928471639434,7.710265187425103,8.37840361910397,-3.0828021621338104,11.291583541652845,7.331385148916317,-8.505085085422838,-0.12500520201903664,-3.5636001353963715,-0.09503835705175279,8.753907170035387,4.641376693089377,6.851434639095681,-13.29686449024533,-9.388900309954238,-3.881802749938729,2.569324430645179,1.4204911178942496,-5.8096057134967545,4.649705982597535,-1.4976035747399292,-6.118013891542256,4.925684586068115,2.8412210984364754,-4.406967066008285,-1.2882903483963257,-9.202606737389871,3.774215249304285,5.027851809852692,-0.253856886871086,-4.7127055584461175,-1.4520857305195736,-1.5764444850286297,9.390680783065614,0.3969429085922651,-1.97598746780801,-0.1944073927363712,-5.6613237799756595,-5.708033566290139,7.659134143731143,-1.878942615189579,-7.053082297019085,-4.294166075605194,6.31259709196317,0.5084018608121295,-12.732954876893539,-12.749023830768376
-7.4247819542922535,-8.554809483427196,0.36538619462759747,7.710265187425103,-1.24259307866632,-12.57884045161542,1.5390468045404653,-6.864685229187966,-4.757349910401537,8.279354898669034,10.122003360634615,-1.7843593264429374,1.8917442854144693,1.5033893305405033,-7.470936966981114,-2.3493381744692217,2.6959667930078575,2.6445970582216654,14.034923364526964,11.012492567696706,0.8462502715864846,-2.598306029706644,-4.96815297672841,1.212689315142797,10.390702846737964,4.098099444469404,6.919505366305491,1.5068488646528566,0.1760170818619683,0.1425220470560627,5.134772257983066,1.284942268850894,8.172356684393366,11.699681458539795,-2.7243695202018823,-3.4155949112623016,1.9199809103396628,4.313852305951473,11.183641353699205,-0.2809608360984146,-9.428870065934852,10.065015230910905,-2.2787045905595082,-3.637850193277395,12.093193601626774,-1.614916539016297,-4.353857677657274,-3.062018563102505,5.054592336900772,-0.8573619856485428
4.213763456806535,-18.258821244112813,0.5352624404700539,8.37840361910397,-12.57884045161542,1.4034118591936933,6.476348168616162,-12.091389050322427,-7.528854746846092,1.8643049487892775,3.2243013290379476,3.15513423023104,4.3808608650848795,-6.389397824715836,-4.381456278963566,-9.118021780945808,4.980278726755815,4.082933714642488,-1.696399674678679,-4.710614729478414,-4.805550893640622,-3.662245001658477,-14.035559203333762,6.7349059222434935,-1.2134379373187434,-8.494059809183664,-7.865715898454013,11.518806810956121,4.377552582913417,2.9501465471357524,-2.404704578080117,-3.1439881015389104,-0.7166200908435432,2.1235487080262927,-6.790249502383576,-14.960183976351646,-12.764877304494972,-3.781243137245497,11.963749077015596,5.230308016589608,15.3132171166099,-1.8795018503765786,1.2159401115187884,-3.970077309579702,3.5150092975641676,8.978896147285733,-15.666247124534397,-2.781719318788592,7.959545107375386,3.9066503338097855
7.061006436867955,7.093619416999576,-2.102077715114743,-3.0828021621338104,1.539046804540466,6.476348168616162,1.9712492746979091,5.571592492048579,2.20749391124422,-4.346968363671456,-4.399661239802891,-12.952254474726063,-1.619672468575409,-4.6196004555290395,8.889893066624838,-0.8350395292647474,-4.547989042306378,5.240929300546227,-7.049984301357924,-6.974569825572557,-5.1386240769514755,-8.426169758767273,4.492182241251233,3.8256470875680018,-3.963045852951639,14.509872340412404,1.5450349828648797,-3.4954692503895117,-4.088329624282584,2.565382417262806,8.8942981995318,-2.6886400632884686,-2.895118773508438,-10.86785682617207,-10.94862327678072,7.023077950091764,-2.0417814954651874,-1.0307681965680864,-2.7064022948380964,-0.13660212198932825,-3.464966311638416,1.7076805225293463,-1.5876400753406192,7.866422695327674,-8.297231000513893,-1.418332881244609,8.92081315389803,5.245492271886635,-12.004824208133803,-7.823491286188988
-10.349406148579616,-3.4281476190153546,-2.8048901519003686,11.291583541652843,-6.864685229187965,-12.091389050322428,5.5715924920485795,-0.9803165897628716,1.77512826909753,1.3546909181082833,5.800943533606589,11.87166677152652,-6.283571933758147,-3.5512047523421595,-4.548297548971958,-7.593433905484215,7.420350969556073,-7.302272787953669,8.93889155781192,-3.0322417960888393,-4.2045630874442175,-1.0421722431431477,-7.233551669703919,-2.208962558117639,7.818847207957998,-15.224238753137497,-1.1450256014459603,8.71312635617153,-1.9413206432870025,1.6319910267069393,-7.146890396296343,-4.778886591956256,-5.330257704602307,-7.140176059778563,13.341121075066722,-0.37771487214074917,-6.9882289467468475,-3.8647233797591065,4.06115183088298,2.229364296295213,7.4178918547700965,-1.2972475243132724,5.0773044211249925,0.06028556901851004,10.394356898635726,5.613881932480568,3.772995907394555,6.233513642545771,13.971291253135341,2.126153691317956
-5.395824803990983,-4.5563176493881326,-0.055149199669862314,7.331385148916317,-4.757349910401537,-7.528854746846092,2.2074939112442205,1.77512826909753,0.8865051613718382,8.293189546208678,11.024838396711479,2.1939994516612606,-3.438176309527313,-0.12275784793204308,-12.243047561058376,0.06309882255675703,1.0007816872947564,-7.1537741979312415,3.4824798162385564,2.8149567208949775,-8.668212023707103,-1.6313340967128331,-1.5135020277289104,-0.8188298403660208,2.8175310913340477,-15.472434960544826,-4.79227082592085,3.5340522459251753,-1.9624917600026932,-2.603322053048767,-3.365495653769682,5.947828378555182,0.5183196007539315,2.5609418000988056,14.778482423078428,-11.771675901993525,-0.46112801223198396,0.5932838385661792,4.232731089040993,-6.4981495616029825,12.849089143021404,1.879835517408777,3.375570917270378,2.4105386793457315,12.52558387342529,-1.4157206471622554,-1.1798473085789123,-0.4287690636903636,15.371530179146031,10.291283593781618
-0.06339148006960652,4.162758522776564,0.12586689035745932,-8.505085085422838,8.279354898669034,1.8643049487892773,-4.346968363671456,1.3546909181082838,8.293189546208678,5.005956745772588,-3.1323238031676865,-2.0770094788290727,-0.520645368713904,0.33277979126972856,2.375937024473946,-1.8452795749559618,5.307378979375402,-0.6231818923120367,5.767142655221121,1.7129501227743378,-3.612885125972606,-0.15233834073537655,2.7371915547473895,0.471033777887355,2.7749221314310186,-0.11357751926003873,4.366900996923855,2.6001074908045094,0.04980180279711394,-8.469895049681899,-5.9386923115836465,-0.004940821772620618,-0.11903106609314507,-6.647067873509045,1.4267379005254142,-1.8946825047534284,-6.000629955046263,-1.9294886261668998,1.583182875346827,1.1964330751524974,1.1860148852477304,2.227617602574695,-4.154021713642495,0.16653252987094236,-0.5448274450100732,3.064085625924298,-2.1495364788692997,-0.33788316344665037,1.3250877713474314,-7.477466494566303
-0.7323897493597616,1.7441273380115216,1.2254827292265964,-0.12500520201903723,10.122003360634615,3.224301329037947,-4.3996612398028905,5.800943533606588,11.024838396711479,-3.132323803167688,-4.134639667531943,3.6817656308852835,-3.0721808811197593,4.397176152046064,12.579179305806885,1.2049724164902678,-11.772507209241176,-4.951060460322951,-3.4142061967320565,-13.435895728826626,1.8220491834470411,0.7099805225351883,-5.6894428799914145,-0.11736083333323344,-16.549552805134855,11.687785618771954,4.146360624578096,-6.442997565795967,-8.875403089550327,-0.5247773747508924,-0.5566261123270668,-1.2792838109963445,-2.4414353645849216,-11.411482258504657,-3.2550719036168205,-5.050042554415004,-3.0479307406000005,-6.179366840078904,-6.9719534152806535,-4.5624242745829315,-4.86671257415706,-7.024459119516447,-9.842207015089075,-7.816961633179733,-10.898082912734665,-0.6945668642410499,7.842361673427187,5.307631808597367,-4.183774012861937,-8.942736469307059
13.583661117463794,-0.9412564486843584,-7.535385870677686,-3.5636001353963715,-1.7843593264429378,3.155134230231039,-12.952254474726063,11.871666771526522,2.193999451661261,-2.077009478829072,3.6817656308852835,-9.315664032843225,2.001855470294572,-5.2048562832717975,8.184784524122371,1.0541057362659885,-5.814181362955546,-6.798205825220078,-16.393194923129663,-7.217782892456253,9.277258753847615,-8.788261391028371,15.176358480853297,0.6904172250297744,-4.481990215678173,8.470294418062068,1.7137642980313128,1.8429211566122339,6.4588837982251555,-4.515021388023125,13.912363260503707,-2.556805703518786,6.341784028172377,-4.928260784442144,-4.805655545798023,5.4123473969219384,11.214907881444235,3.64386493831427,-3.957880438744808,2.241029295422738,-5.310608439896928,3.1651416447860874,-10.09820178962964,-5.467425103626936,-7.732649944737621,-17.84397339436804,-4.96855975960751,-5.157126303183491,-20.319847741892726,-7.081775511338075
-1.1571150779046613,1.4187339396685095,-0.3547584085480958,-0.09503835705175447,1.8917442854144686,4.3808608650848795,-1.619672468575411,-6.2835719337581475,-3.438176309527314,-0.5206453687139061,-3.0721808811197593,2.0018554702945717,5.941862408609319,-0.22500451524759013,-1.4633996149220916,-4.909662856325916,-2.3372322483477332,0.0023140659876328407,1.907381310931853,-4.30842561819264,2.361468477509221,-0.7060677048714253,-8.342343555746034,0.5085902175141289,3.9870247759017636,1.6323086091474117,3.6918577460797524,5.963715369269298,-0.27886128012561834,-0.6220517950608424,-1.293037568915468,0.48058792186305105,-0.08159966391748763,1.8113982525656314,-7.0333341833285985,2.0888238403521795,5.448025839438058,-3.6491719007356975,3.298949888310985,-0.3376607415189449,-6.151901700249061,6.637528372159574,-0.31042595856742744,-0.8751678267197458,2.7657026099910462,5.031126903605633,2.647983974619112,0.5857024103246701,-3.7997863975434427,1.8904166578838502
-1.6747815043398444,-0.17037386019715128,0.17774237162325246,8.753907170035385,1.5033893305405037,-6.389397824715836,-4.619600455529039,-3.5512047523421586,-0.12275784793204367,0.33277979126973,4.397176152046063,-5.2048562832717975,-0.22500451524758908,5.657360831615799,3.9203805092712574,2.44345876517445,-0.8513636905324483,0.6865915346243039,-1.8974727043456685,-2.9234011612414723,4.947929918439351,-0.05396582505993652,1.1956468533938245,-0.19721538683831685,-2.3013211551197204,5.4195715198412655,-2.8244981843238643,-1.533926723872432,0.5000972713855177,0.5080856526293462,0.5688323716705135,-0.33758153592033074,0.3656935926630586,-7.981216633784542,0.28396461953710017,-0.7509327925450309,4.449731825743483,-5.619276871541949,-0.803883619495271,-0.7779676579898929,4.9518166577805145,-2.408900163858111,6.482693746931634,0.6204594816348764,1.7212238660528791,3.786272706639884,-1.9210151972619434,-0.4130551918010211,2.2090558192162506,-4.969297258511885
-5.049376785055256,-4.191815482529176,-4.7265565115183845,4.641376693089376,-7.470936966981113,-4.381456278963566,8.889893066624838,-4.5482975489719575,-12.243047561058376,2.375937024473944,12.579179305806885,8.18478452412237,-1.4633996149220905,3.9203805092712587,-5.879533743186759,-14.874189411237053,2.2843915761600795,0.2346405805397751,-3.1110418305378436,5.77580809565222,-4.247689793501608,9.055701686558367,-2.0283830616315806,-5.739206174386362,-0.2533914402449893,-0.04050907152249028,-2.9831799423602625,3.629995388592223,-0.9573555527001122,1.962607572376286,-10.922144742380164,-2.4081825555034553,3.506394887769467,1.3057021571059262,0.7881484391098533,-7.898252328138124,-2.5606362180703286,-2.233520337883753,4.86320631649571,0.5209413919964841,-0.5011677642495528,-5.2530795226069795,-0.05075375155288031,-3.654482178044714,10.211133876598376,10.05951647758914,5.587521867777342,4.484386476120633,8.348648782933678,16.625224114500046
-6.950501810616405,-5.01685005735834,2.9033479445576478,6.85143463909568,-2.3493381744692217,-9.118021780945808,-0.8350395292647462,-7.593433905484214,0.06309882255675697,-1.8452795749559623,1.2049724164902669,1.0541057362659876,-4.909662856325916,2.4434587651744515,-14.874189411237053,-4.325280192230425,5.867561659469365,-7.181272148981192,13.257637514123438,2.6904734821317438,1.8802317171379952,3.452402966160642,-3.4868103460223,-4.85743006046447,2.3857477327040946,-1.7732225236520236,-8.697346676196862,12.374486306736767,-6.006265498686675,8.266821464108382,-0.9474490494535638,-1.8091168776127053,3.0847240705128565,9.469407984384091,-5.618543944952947,-10.23575748827448,-3.521113459111863,-9.895578220293176,12.187410820595222,-5.342742455843238,0.06152876157318521,-4.890944982811407,-0.4162552627089161,-3.703044946303624,1.3952346948530983,-1.2268824529010938,-3.702431486159787,3.8185398498236314,-1.2202018549424016,11.417977535552492
-2.8024047622515655,1.145094986818326,-1.8443212661452786,-13.29686449024533,2.695966793007859,4.980278726755816,-4.547989042306379,7.420350969556072,1.0007816872947568,5.307378979375402,-11.772507209241176,-5.814181362955546,-2.337232248347733,-0.8513636905324488,2.28439157616008,5.867561659469364,4.990725195066068,1.357279142824185,1.8709999870283356,-5.089907685363946,0.7089565391158389,-3.8584364456021296,0.3000962612556791,-3.179213959860723,0.9502631735912278,1.079964884399026,4.485768982834318,-1.767895979750395,7.413898086270958,-11.093476286380266,-1.7141438694242486,5.899477909909847,2.742606734801785,-8.532333281625718,-3.4166427257380403,8.517760184272333,-1.3200615925575854,3.246338236748784,-15.245294944517427,1.875518094023579,-0.712175961358385,-4.666432993357792,-1.9316684180134658,-1.6853785680401674,-3.321302547224624,-12.355696810904345,-0.2578938620367528,-3.8035461172670635,1.367935042123211,-9.465446092082633
1.5982592473639574,4.54845921022358,-0.2760786144262011,-9.388900309954236,2.644597058221666,4.082933714642487,5.240929300546228,-7.302272787953669,-7.1537741979312415,-0.623181892312036,-4.951060460322951,-6.798205825220079,0.002314065987635283,0.6865915346243037,0.23464058053977577,-7.181272148981192,1.357279142824186,4.709947500067059,0.8307272006706611,-8.838221679286423,0.31051769073404606,-0.5435166900242785,-2.991650150019277,0.16052483859283884,-2.056559468974805,6.9964685856799305,5.439203468165771,-1.9306668330483772,0.06549585634319977,5.315156524406276,-1.60477131679953,-0.0058820593037331725,-0.19514605372557758,5.205318476207962,-3.329321492741053,-0.44445288120709975,3.8318148645077965,-4.71212086019327,-6.76238897986646,-0.11198808705554653,4.431036214181123,-4.178399040666262,2.5953999141965056,0.3550225089412945,-7.584689230190588,-3.4915330023534903,-7.957467595951313,-0.24933247502945388,0.5214289979945703,-2.8467116881033268
9.270150636092055,11.948041251646416,5.9976603679957,-3.8818027499387284,14.034923364526966,-1.69639967467868,-7.049984301357925,8.93889155781192,3.482479816238558,5.767142655221122,-3.414206196732057,-16.393194923129663,1.9073813109318545,-1.8974727043456683,-3.1110418305378436,13.257637514123438,1.8709999870283365,0.8307272006706621,9.651784718856154,-3.0480639560480904,9.03874103095877,4.99868607544473,4.25279082399721,1.0966684441448455,-8.149744285578937,1.4866506281430478,14.748350453518192,-4.439864746700367,5.486352908081834,-5.352052393405884,3.3599525829527446,-4.143382996621725,6.501905280007989,0.5745573489178482,5.720378058186365,4.203166630153978,9.369476647116919,-1.9375805128250712,5.149539180199257,-1.3856802463804962,-8.615474321929641,-5.598141447488647,3.4327065716585943,4.291313960673331,-7.869518639668468,-6.1541739593073945,-0.2703911663488334,2.3679480282235676,-3.5761925767875935,-9.707541667451439
9.306752518648377,16.101226497067795,-8.705162331187028,2.56932443064518,11.012492567696706,-4.710614729478414,-6.974569825572557,-3.0322417960888397,2.814956720894977,1.712950122774338,-13.435895728826626,-7.217782892456253,-4.308425618192641,-2.9234011612414728,5.775808095652219,2.690473482131743,-5.089907685363946,-8.838221679286422,-3.0480639560480913,-9.87451222548073,0.3667437513180204,-3.0395164744439516,14.139513372488835,-5.175663246677231,-9.473822550849093,6.060436061178139,12.651272801255354,-2.775537619496493,0.08974511293246179,-3.9589871779505272,5.743256712894471,0.3813919136742051,-1.1540494565968622,1.2168347216733992,3.139358712213787,3.52094123766126,-0.7378707028907018,-1.9140668552306574,-11.823841949336616,-0.39760551005636513,0.0638811132190509,-0.9562121745299115,-12.216527025907782,-0.9176121901137015,-8.029342451157342,-5.544465848125695,11.383622580695487,-1.7656524475031083,-1.5809332329796937,-2.512764791163866
-6.837484266528825,-17.082107746534597,-3.4661708127287563,1.4204911178942503,0.8462502715864846,-4.80555089364062,-5.138624076951477,-4.2045630874442175,-8.668212023707103,-3.612885125972606,1.822049183447042,9.277258753847615,2.3614684775092214,4.94792991843935,-4.247689793501609,1.880231717137994,0.7089565391158383,0.3105176907340451,9.03874103095877,0.366743751318021,3.115474794647935,3.7369331796739,-5.720594428737386,-2.528518336975666,4.483777794656389,-10.054172223882823,-2.267188082583993,18.673731181987954,-7.77353028272658,7.512477277553316,-5.446272876151293,-4.113112814961271,0.467057938636407,6.8177098146258714,9.236508347025275,-7.962250142521742,2.174441253030142,-3.771536462178691,3.5557360965264135,1.3904898583876963,4.153782311843536,-2.054559986692669,14.549055178709184,8.875185436026687,3.300257789379524,3.324960850234728,8.076829753717973,4.554960957030893,9.652477134481174,-8.718032187836068
0.7683110197529457,-7.352287710620743,0.22598550072631807,-5.809605713496754,-2.5983060297066447,-3.6622450016584773,-8.426169758767273,-1.042172243143149,-1.631334096712833,-0.15233834073537547,0.7099805225351876,-8.788261391028371,-0.706067704871426,-0.05396582505993621,9.055701686558367,3.4524029661606424,-3.85843644560213,-0.5435166900242798,4.998686075444729,-3.03951647444395,3.7369331796739,6.322382232644301,7.442599520159201,0.5893665522122098,0.48186637209014727,-0.9695509563459512,-1.182524721187978,0.34180214312089674,-0.2060000126386215,0.30769149171043475,6.986298797966035,-0.34216688781141935,0.3534736257960238,3.5033384034345847,2.846917179829501,-3.885231453539189,0.1995208753509441,-4.242638465141391,-3.9181307649522434,-0.5123925751804055,-1.5274417266747768,0.7516459277568852,-2.5982292914990084,0.5667177215635979,-0.7230503644317783,2.429162321908558,-2.003260966347188,0.4844642045787484,-1.456747302986089,-1.2179760837928368
-2.3831302690716862,-9.357268776539252,-0.706283269935893,4.649705982597535,-4.968152976728408,-14.035559203333762,4.492182241251233,-7.233551669703919,-1.5135020277289104,2.7371915547473904,-5.689442879991414,15.176358480853297,-8.342343555746032,1.195646853393825,-2.028383061631581,-3.4868103460222994,0.3000962612556791,-2.9916501500192774,4.252790823997209,14.139513372488834,-5.720594428737386,7.4425995201592015,-3.886480557454356,5.612593847657818,4.142157638448464,0.6435472039002148,-5.812822668191551,2.8548816320098442,1.8530497072324525,0.37780941520286904,-6.061676824659836,-0.8999868094453012,3.3405906859812586,16.561963173358368,0.7544256513603264,0.8190207139354131,-3.397492133201569,-8.35613807563564,-0.41974507244678827,-8.667469038582146,5.643089793425766,10.521479755755182,5.736107362966114,-4.93794002688319,8.114704868109932,3.4475740769674146,-9.140350582870724,-7.548213125868422,3.293280465866918,8.63571283065157
-0.5308772378673734,-1.2396550618414344,-0.03981004168746238,-1.4976035747399297,1.212689315142799,6.734905922243493,3.8256470875680026,-2.2089625581176393,-0.8188298403660209,0.47103377788735523,-0.11736083333323405,0.690417225029774,0.5085902175141299,-0.1972153868383173,-5.7392061743863625,-4.85743006046447,-3.179213959860722,0.1605248385928384,1.096668444144846,-5.175663246677232,-2.5285183369756656,0.5893665522122109,5.612593847657818,5.972043458458494,1.578195411745014,-5.4496999877077315,1.8373036898162876,-4.8942173980888,-0.23707664870400164,9.046041634769626,5.871110607036899,0.017506957830732195,0.01692111805872809,-5.884921168005056,-0.21454420459107004,2.3548277142631227,3.2266521965985198,-7.873136310767601,8.405881881350858,-0.43975106668927116,0.7918378444800657,0.6507569934934856,1.9151604253013774,-0.05394376311344162,-2.771261144799727,0.722837475837647,-1.3948767115650162,0.25815504237178555,3.631524559053795,-3.016286263045009
12.823478987143632,-3.972417467211345,1.3356893455414118,-6.118013891542258,10.390702846737966,-1.2134379373187443,-3.9630458529516397,7.818847207957999,2.8175310913340486,2.774922131431018,-16.549552805134855,-4.481990215678174,3.9870247759017645,-2.30132115511972,-0.2533914402449897,2.385747732704096,0.950263173591228,-2.0565594689748035,-8.149744285578937,-9.473822550849093,4.483777794656388,0.48186637209014777,4.142157638448464,1.5781954117450145,2.9891191875247527,-0.9826516430015704,1.6184276560628028,-17.420300874720105,-7.798897656901021,0.31746825556606684,1.1697631549301464,2.472284030507877,8.594570234372501,-8.176006778273754,-11.851319003466864,7.925539464463939,0.9177048988721492,4.1064318145174115,8.839535522458256,-2.362135739403686,-1.144809043806604,4.628980567699322,-6.403297323451487,0.043307681894363514,6.212886412250999,-3.9256444052415924,4.1737411356183705,-0.4256216663300263,5.654216616662581,1.5663977875119932
5.213106900451501,-7.89197876780332,-5.411003891270235,4.925684586068116,4.098099444469404,-8.494059809183664,14.509872340412404,-15.224238753137497,-15.472434960544826,-0.11357751926003848,11.687785618771954,8.470294418062066,1.6323086091474117,5.4195715198412655,-0.040509071522489615,-1.7732225236520232,1.0799648843990264,6.9964685856799305,1.486650628143047,6.060436061178139,-10.054172223882825,-0.9695509563459512,0.6435472039002169,-5.4496999877077315,-0.9826516430015699,2.243758194296041,-9.112494700173592,4.8746865930055305,-0.3004069048213711,-1.2629322804988392,-4.583060737194295,-2.461311727831364,-3.354544812198099,-2.35613711319519,5.033618882648372,4.0533066894708405,-14.070383986313821,-4.519586186847013,10.735950951820612,0.8922658568189028,5.878357142054358,12.664223116489076,11.360131214408867,3.2585372129204457,13.453260696107282,3.1885404203159746,-6.063353876868968,6.593850252675255,8.440291780040532,9.983732714073975
-4.843984838006872,-5.8234084394519305,0.9143125172539825,2.841221098436475,6.919505366305491,-7.865715898454014,1.5450349828648795,-1.1450256014459612,-4.792270825920851,4.366900996923854,4.1463606245780955,1.713764298031312,3.6918577460797524,-2.8244981843238666,-2.9831799423602647,-8.697346676196862,4.485768982834318,5.439203468165772,14.74835045351819,12.651272801255354,-2.2671880825839934,-1.1825247211879777,-5.812822668191552,1.8373036898162878,1.618427656062802,-9.112494700173592,10.530971998041275,12.287765175647467,4.955380433330562,11.170954839843054,2.1646628104594825,-7.003341417116395,-4.410884325685994,8.410557681564319,11.213797802152865,-7.332348633771172,-9.482754324094195,-0.8471634361376836,1.0916421650128918,0.8460067860568679,3.7406583666588684,6.3806620148824,8.573195553100616,4.181151230265926,2.4847956419164223,1.9444052352941215,-8.323145121927825,-0.2326810080779882,7.132989383353149,12.069930940945026
4.436567864695154,13.651904233352521,4.4475193424586905,-4.406967066008285,1.506848864652857,11.518806810956121,-3.4954692503895104,8.71312635617153,3.5340522459251753,2.6001074908045103,-6.442997565795968,1.8429211566122348,5.963715369269299,-1.5339267238724337,3.6299953885922225,12.374486306736769,-1.7678959797503941,-1.930666833048378,-4.4398647467003665,-2.7755376194964962,18.673731181987954,0.34180214312089796,2.854881632009844,-4.894217398088802,-17.42030087472011,4.8746865930055305,12.287765175647468,8.682546611418076,7.072327024105739,-9.339614943714793,7.9818744364603145,0.3643338602947561,-4.639682431875208,-16.382788357932505,7.046395522234219,14.614508991778598,2.983338735981857,11.404864370986013,3.781209372124131,-1.1779652828749319,-7.9495634396525165,-11.935876104876769,-5.920164527304894,2.0702977228118042,4.877181711985812,-8.891837967402683,11.319400324574728,8.38580841035001,-7.912524972856795,-4.904296693085777
3.2592181496325896,-4.228460328469798,-0.1111290512571268,-1.2882903483963262,0.17601708186196685,4.377552582913415,-4.088329624282583,-1.9413206432870018,-1.9624917600026937,0.04980180279711313,-8.875403089550327,6.4588837982251555,-0.2788612801256203,0.5000972713855171,-0.9573555527001121,-6.006265498686675,7.413898086270959,0.06549585634320132,5.486352908081835,0.08974511293246265,-7.77353028272658,-0.20600001263862167,1.853049707232453,-0.23707664870400214,-7.798897656901019,-0.3004069048213713,4.955380433330562,7.07232702410574,4.675748401955537,3.888067596480206,4.496635829100993,-0.42606496374138547,0.026704996388345448,-10.892859911303297,-2.832082833740028,-7.89115034276665,5.233013359150018,-0.048937026093624714,2.372785128754473,0.26690799317335623,1.9612163206117048,-0.08198000640984149,1.9470262359683153,-0.45249653824253655,-0.7990181936174604,6.74531798984241,7.055768042443685,0.01257286570242444,3.535914028616874,0.8736582149908482
10.450365179232618,9.463770331900694,5.267966097038844,-9.202606737389873,0.14252204705606336,2.9501465471357524,2.5653824172628066,1.6319910267069386,-2.603322053048767,-8.469895049681897,-0.5247773747508939,-4.515021388023123,-0.6220517950608426,0.5080856526293449,1.9626075723762857,8.266821464108382,-11.093476286380266,5.315156524406277,-5.352052393405884,-3.9589871779505263,7.512477277553316,0.3076914917104341,0.3778094152028699,9.046041634769628,0.3174682555660674,-1.26293228049884,11.170954839843054,-9.339614943714793,3.888067596480206,-3.360559360805375,11.760761549053882,8.483286036534984,2.018124353702028,-7.434723526755966,-7.048152042640303,-1.0256734506411709,11.001449758967283,19.288039620152613,-8.128820539876317,-0.27998494873393975,1.6719930615952088,-1.5424425134566258,-2.326433617205347,5.36219632721631,0.47357371345537724,1.614478109349061,8.314022362626002,-1.1726942808669039,-5.34458061786099,-6.893945195644395
-6.605563797678492,6.1037846727471345,-1.1740824062772555,3.774215249304285,5.134772257983064,-2.404704578080116,8.8942981995318,-7.146890396296342,-3.365495653769683,-5.9386923115836465,-0.5566261123270659,13.912363260503707,-1.2930375689154692,0.5688323716705153,-10.922144742380164,-0.947449049453563,-1.7141438694242495,-1.6047713167995297,3.3599525829527446,5.743256712894471,-5.446272876151294,6.986298797966034,-6.061676824659836,5.8711106070369,1.1697631549301468,-4.5830607371942955,2.1646628104594834,7.981874436460315,4.496635829100993,11.760761549053882,5.7789363706899595,0.8989350246629679,7.284207241798605,-0.854139305072138,2.59034084483848,-1.7655249349035138,-6.632803987363379,-11.4119495029263,9.66213220653424,0.48497274914884536,5.490223666072199,-8.878169446096036,-1.6185450066447635,-6.125892878756483,7.65898729163051,0.9865547566861894,-16.421236621986683,-0.45008776135773987,3.929362188801562,-1.4892455471727126
-6.7620209006946,2.5301512532164177,0.7288664911704327,5.027851809852691,1.284942268850895,-3.143988101538911,-2.688640063288469,-4.778886591956256,5.947828378555181,-0.004940821772619897,-1.2792838109963443,-2.556805703518788,0.4805879218630509,-0.33758153592033,-2.4081825555034557,-1.8091168776127053,5.899477909909848,-0.005882059303733422,-4.143382996621725,0.381391913674205,-4.113112814961271,-0.34216688781141835,-0.8999868094453034,0.017506957830732972,2.4722840305078764,-2.4613117278313634,-7.003341417116395,0.364333860294756,-0.4260649637413852,8.483286036534984,0.8989350246629676,5.612821280959372,-0.49141124730918806,5.9337430673587415,-6.298893496438776,-1.9251412768684197,9.651097106858037,-2.118559183512949,1.21579443953491,0.02122950185979733,0.12406368450297478,-5.421950937819846,4.0064381174136985,0.510856944760089,-2.7867872818218644,1.804587267322983,-6.038229715539286,0.5909419811489034,-0.590893007865231,1.5750453288522412
-7.5113774243864375,3.9938233533981067,0.18907523581040664,-0.2538568868710853,8.172356684393366,-0.7166200908435428,-2.895118773508437,-5.330257704602308,0.5183196007539314,-0.11903106609314529,-2.441435364584922,6.341784028172377,-0.08159966391748763,0.3656935926630577,3.5063948877694675,3.0847240705128565,2.742606734801785,-0.19514605372557745,6.501905280007989,-1.1540494565968622,0.4670579386364069,0.35347362579602426,3.3405906859812586,0.016921118058727425,8.594570234372501,-3.3545448121980983,-4.410884325685995,-4.639682431875209,0.02670499638834456,2.018124353702027,7.284207241798605,-0.4914112473091887,4.978716101145922,-0.2875954288952609,1.6832493154977761,2.316100535533642,0.9305136857517131,0.8211589508293875,0.2640140469706547,0.11809490273283618,7.891348146765245,-5.682417095538279,-2.3006658230378494,0.37136834254332085,-2.0275933572432376,2.031900478657107,-3.1958035007758854,-0.15218219997314208,-3.645847508245983,3.4009808677938285
9.40821961390576,1.191904928602086,4.809156981833546,-4.7127055584461175,11.699681458539795,2.1235487080262927,-10.867856826172067,-7.140176059778562,2.5609418000988065,-6.647067873509045,-11.411482258504659,-4.928260784442143,1.8113982525656311,-7.981216633784543,1.3057021571059255,9.469407984384091,-8.532333281625718,5.205318476207964,0.574557348917849,1.2168347216733972,6.817709814625871,3.503338403434585,16.561963173358368,-5.8849211680050555,-8.176006778273754,-2.35613711319519,8.410557681564319,-16.382788357932505,-10.892859911303297,-7.434723526755966,-0.8541393050721369,5.933743067358741,-0.2875954288952618,9.919404468102693,-10.607424572692373,12.355808595021966,1.95370483940652,11.173479072539502,-2.367618951680588,5.262511223691374,-9.241093079540812,-4.010588863927358,-15.234384113825499,7.714490244569806,-13.447115159359532,-17.612730126317835,-9.02138714206356,8.099830983618372,0.041056773336704766,6.1119914693210955
6.133358015092877,9.402421539477878,0.9780946008476763,-1.4520857305195742,-2.7243695202018814,-6.790249502383575,-10.948623276780722,13.341121075066722,14.778482423078428,1.426737900525413,-3.255071903616821,-4.805655545798023,-7.033334183328598,0.2839646195371006,0.7881484391098543,-5.618543944952947,-3.4166427257380403,-3.329321492741054,5.720378058186364,3.1393587122137867,9.236508347025275,2.846917179829501,0.7544256513603251,-0.21454420459106915,-11.851319003466864,5.033618882648373,11.213797802152865,7.046395522234219,-2.8320828337400274,-7.048152042640303,2.590340844838481,-6.298893496438776,1.6832493154977768,-10.607424572692373,9.32813177259629,13.90461103908353,-2.4384600351685823,4.3665331602576325,5.171931496175059,-0.2648610799446671,-1.1620096248624203,-5.463940100250113,-11.739193856632959,-0.536785090391368,-1.677803088412305,-12.029560877108304,0.06890117236263357,-0.8429082191287876,-15.035829825138562,1.3212266182037158
0.6585767288754728,-6.420287092778714,-6.303433623930928,-1.57644448502863,-3.4155949112623025,-14.960183976351646,7.023077950091764,-0.3777148721407484,-11.771675901993524,-1.8946825047534295,-5.050042554415004,5.4123473969219384,2.0888238403521786,-0.750932792545032,-7.898252328138123,-10.23575748827448,8.517760184272333,-0.4444528812070987,4.203166630153978,3.52094123766126,-7.962250142521742,-3.8852314535391894,0.8190207139354131,2.354827714263121,7.925539464463939,4.0533066894708405,-7.332348633771171,14.614508991778598,-7.891150342766649,-1.0256734506411704,-1.7655249349035131,-1.9251412768684202,2.3161005355336415,12.355808595021964,13.90461103908353,-1.0028808889281766,-7.011144342717255,-4.2172544207170475,5.663929108304736,-2.7109915134177003,3.2725088271090153,13.209947410363977,2.1102916061257075,3.14240336393864,8.56837825552489,5.279901088660523,-4.788840277689069,-4.200454142092401,6.867759247555825,3.525363562430229
-9.349962159026928,-7.840870695116477,-1.6894851457283384,9.390680783065616,1.9199809103396612,-12.764877304494972,-2.0417814954651883,-6.9882289467468475,-0.4611280122319839,-6.000629955046263,-3.0479307406,11.214907881444235,5.448025839438058,4.449731825743484,-2.560636218070328,-3.521113459111861,-1.320061592557585,3.8318148645077965,9.36947664711692,-0.7378707028907032,2.174441253030142,0.1995208753509436,-3.397492133201568,3.2266521965985198,0.91770489887215,-14.070383986313821,-9.482754324094195,2.9833387359818575,5.233013359150018,11.001449758967283,-6.632803987363379,9.651097106858039,0.9305136857517136,1.953704839406519,-2.438460035168582,-7.011144342717255,-5.3895832523128036,1.6593090647589825,4.254400356023758,3.235222448413298,10.713286609732648,2.523915724422258,10.520482127128558,-5.149695397409071,4.851442182986482,-2.076593853196195,-4.661377481948372,-6.836868828170633,7.227243517504576,-1.7023777399390219
-10.007125698439593,-17.096708091743835,2.15262155214754,0.3969429085922658,4.313852305951472,-3.7812431372454975,-1.0307681965680862,-3.864723379759106,0.5932838385661785,-1.9294886261669002,-6.179366840078904,3.6438649383142714,-3.6491719007356975,-5.619276871541949,-2.233520337883753,-9.895578220293176,3.2463382367487843,-4.71212086019327,-1.9375805128250714,-1.914066855230658,-3.7715364621786907,-4.242638465141391,-8.356138075635641,-7.873136310767601,4.106431814517411,-4.519586186847012,-0.8471634361376842,11.404864370986013,-0.04893702609362449,19.288039620152613,-11.411949502926298,-2.1185591835129483,0.8211589508293877,11.173479072539502,4.366533160257633,-4.217254420717048,1.6593090647589837,-4.310517656439999,-3.8154659508990454,2.4430978048254697,-1.516037209142907,-1.1517571101721553,10.442586718248455,8.380694869168021,15.182743294715369,-8.857153404225906,0.3274951789426646,0.3452206146350748,2.29048142846266,-1.0675741467165683
4.561580558318967,6.089187135967559,-7.103009068604276,-1.97598746780801,11.183641353699203,11.963749077015596,-2.7064022948380972,4.06115183088298,4.2327310890409935,1.5831828753468278,-6.971953415280655,-3.957880438744808,3.2989498883109842,-0.803883619495272,4.86320631649571,12.18741082059522,-15.245294944517427,-6.762388979866459,5.149539180199256,-11.823841949336616,3.555736096526413,-3.918130764952245,-0.41974507244678844,8.405881881350858,8.839535522458254,10.735950951820612,1.0916421650128914,3.7812093721241316,2.372785128754473,-8.128820539876317,9.66213220653424,1.21579443953491,0.26401404697065467,-2.367618951680588,5.171931496175061,5.663929108304735,4.254400356023759,-3.8154659508990445,-9.817689116435886,-9.2618753874472,-1.9691322730035545,-13.940779100065841,-14.022192623475343,-5.650653905701958,2.114140470561222,-14.407930715241262,7.151250563083683,-0.07219111644799692,-7.732988550594628,-2.5792376450533876
-3.066208144909981,1.2989050848293346,-0.10859116837912514,-0.19440739273637186,-0.2809608360984144,5.230308016589608,-0.1366021219893293,2.2293642962952123,-6.4981495616029825,1.1964330751524976,-4.562424274582931,2.241029295422738,-0.3376607415189432,-0.7779676579898933,0.5209413919964838,-5.342742455843237,1.8755180940235783,-0.11198808705554608,-1.3856802463804971,-0.39760551005636563,1.3904898583876972,-0.5123925751804053,-8.667469038582146,-0.43975106668927144,-2.362135739403686,0.8922658568189041,0.8460067860568672,-1.1779652828749316,0.26690799317335556,-0.2799849487339411,0.48497274914884625,0.021229501859797377,0.11809490273283618,5.262511223691372,-0.2648610799446678,-2.7109915134177003,3.2352224484132974,2.44309780482547,-9.261875387447201,5.731814153948757,6.866680869122856,-1.6642513942633967,-8.833141585718895,0.0007779330427307718,-9.223126066853018,5.972171366091112,1.1378089184205842,-0.23635379051370897,5.01536569478272,-3.080486973977841
10.803652720059205,15.862523935186251,6.691715178746284,-5.6613237799756595,-9.428870065934852,15.3132171166099,-3.464966311638416,7.4178918547700965,12.849089143021406,1.1860148852477295,-4.866712574157061,-5.310608439896928,-6.151901700249062,4.9518166577805145,-0.5011677642495524,0.06152876157318579,-0.7121759613583861,4.431036214181122,-8.615474321929641,0.06388111321904977,4.153782311843537,-1.5274417266747777,5.643089793425766,0.791837844480066,-1.1448090438066039,5.878357142054358,3.740658366658868,-7.949563439652517,1.9612163206117044,1.6719930615952092,5.490223666072199,0.12406368450297434,7.891348146765245,-9.24109307954081,-1.1620096248624208,3.272508827109015,10.713286609732648,-1.5160372091429075,-1.9691322730035545,6.866680869122856,4.63782529200428,-7.826748917570628,-4.061980505638296,-2.211118046921012,-7.766192465347299,-1.8583009117307356,14.683051640759789,-0.0450323352029629,0.4770103163287047,-11.264719602367801
1.9406999453115747,11.070114222339116,2.7523527838171864,-5.708033566290139,10.065015230910905,-1.8795018503765781,1.7076805225293468,-1.2972475243132724,1.8798355174087766,2.227617602574695,-7.024459119516447,3.165141644786087,6.637528372159574,-2.408900163858112,-5.2530795226069795,-4.890944982811406,-4.666432993357793,-4.178399040666261,-5.598141447488647,-0.9562121745299115,-2.054559986692669,0.751645927756885,10.52147975575518,0.650756993493486,4.6289805676993225,12.664223116489076,6.3806620148824,-11.935876104876769,-0.08198000640984127,-1.542442513456625,-8.878169446096036,-5.421950937819846,-5.682417095538278,-4.0105888639273575,-5.463940100250111,13.209947410363979,2.523915724422258,-1.1517571101721549,-13.94077910006584,-1.664251394263397,-7.826748917570628,3.0021624322060125,-4.822892339475074,5.5700719868871005,0.8556525171581628,-7.20802965713774,1.7088534122614754,-0.44307224670998246,-6.41828017475966,-1.946862380455742
4.2964616739965775,-6.499041241382019,-0.8458047858396325,7.659134143731144,-2.278704590559509,1.215940111518789,-1.5876400753406186,5.077304421124994,3.3755709172703785,-4.1540217136424955,-9.842207015089073,-10.09820178962964,-0.31042595856742705,6.482693746931635,-0.0507537515528792,-0.41625526270891544,-1.9316684180134651,2.5953999141965056,3.432706571658594,-12.216527025907782,14.549055178709185,-2.5982292914990093,5.736107362966115,1.9151604253013779,-6.403297323451487,11.360131214408867,8.573195553100616,-5.920164527304893,1.9470262359683153,-2.326433617205347,-1.6185450066447638,4.006438117413697,-2.3006658230378485,-15.234384113825499,-11.739193856632957,2.1102916061257067,10.520482127128558,10.442586718248455,-14.022192623475343,-8.833141585718895,-4.061980505638296,-4.822892339475074,4.427920719774443,-1.4504033149418696,-0.6433570999088423,-13.365516196985954,-8.160224632944763,6.314482625394155,-4.499707814790828,-6.100590806646785
1.7004964317949112,1.3210580066747535,-0.05063651443317774,-1.8789426151895787,-3.6378501932773957,-3.970077309579702,7.866422695327675,0.060285569018508914,2.4105386793457315,0.16653252987094305,-7.816961633179733,-5.467425103626937,-0.8751678267197462,0.6204594816348776,-3.654482178044713,-3.7030449463036246,-1.6853785680401678,0.35502250894129395,4.291313960673331,-0.9176121901137001,8.875185436026687,0.566717721563597,-4.93794002688319,-0.05394376311344096,0.04330768189436318,3.2585372129204453,4.181151230265926,2.0702977228118034,-0.4524965382425356,5.362196327216311,-6.125892878756484,0.5108569447600911,0.3713683425433203,7.714490244569804,-0.5367850903913677,3.1424033639386404,-5.149695397409071,8.380694869168021,-5.650653905701958,0.0007779330427311049,-2.211118046921012,5.570071986887102,-1.4504033149418698,6.135502710476376,5.424792806979073,-4.3943567527846605,-3.4360438429789677,-0.3647885469793444,-6.815558732037948,5.518868967724746
2.950750731894086,0.8734986271697694,6.856757957557729,-7.053082297019083,12.093193601626776,3.515009297564167,-8.297231000513891,10.394356898635726,12.52558387342529,-0.5448274450100721,-10.898082912734665,-7.73264994473762,2.765702609991047,1.7212238660528782,10.211133876598378,1.395234694853098,-3.3213025472246245,-7.584689230190589,-7.869518639668467,-8.029342451157342,3.3002577893795246,-0.7230503644317783,8.114704868109932,-2.771261144799726,6.212886412250999,13.453260696107284,2.484795641916421,4.877181711985812,-0.7990181936174603,0.47357371345537735,7.65898729163051,-2.7867872818218657,-2.027593357243238,-13.447115159359534,-1.677803088412304,8.56837825552489,4.851442182986482,15.182743294715369,2.114140470561222,-9.22312606685302,-7.766192465347299,0.8556525171581633,-0.6433570999088423,5.424792806979073,10.7484885171609,-7.058430016117935,8.213464200889812,0.7320528532767728,-8.443769097212183,-3.854821587294081
16.773485553490424,8.631451671081448,5.01973596527249,-4.294166075605194,-1.6149165390162974,8.978896147285734,-1.4183328812446097,5.613881932480568,-1.415720647162256,3.0640856259242977,-0.6945668642410487,-17.84397339436804,5.0311269036056325,3.7862727066398842,10.05951647758914,-1.2268824529010944,-12.355696810904346,-3.4915330023534903,-6.154173959307394,-5.544465848125694,3.324960850234728,2.4291623219085583,3.447574076967414,0.7228374758376455,-3.925644405241593,3.1885404203159746,1.944405235294121,-8.891837967402683,6.745317989842411,1.6144781093490623,0.9865547566861892,1.8045872673229812,2.031900478657107,-17.61273012631783,-12.029560877108304,5.279901088660522,-2.076593853196195,-8.857153404225906,-14.40793071524126,5.9721713660911115,-1.858300911730735,-7.208029657137739,-13.365516196985954,-4.3943567527846605,-7.058430016117936,8.442102483633013,6.703352451678686,-0.48456463061615385,-6.414223977660994,6.327996243598134
7.304307941250734,-9.68846834706533,-2.806366114302691,6.312597091963171,-4.353857677657275,-15.666247124534395,8.92081315389803,3.772995907394555,-1.1798473085789125,-2.149536478869299,7.842361673427188,-4.96855975960751,2.6479839746191125,-1.9210151972619427,5.587521867777342,-3.702431486159787,-0.2578938620367528,-7.957467595951313,-0.2703911663488334,11.383622580695487,8.076829753717975,-2.003260966347187,-9.140350582870724,-1.3948767115650162,4.173741135618371,-6.063353876868968,-8.323145121927823,11.319400324574728,7.055768042443685,8.314022362626002,-16.421236621986683,-6.038229715539286,-3.1958035007758854,-9.02138714206356,0.06890117236263271,-4.788840277689069,-4.661377481948371,0.3274951789426648,7.151250563083683,1.1378089184205837,14.683051640759789,1.7088534122614756,-8.160224632944763,-3.436043842978968,8.213464200889812,6.703352451678684,0.22079811452130116,-0.030913983107121124,-6.852373287922448,1.0721286472541782
0.4380942728878109,5.671440261435929,-0.44734450620503674,0.5084018608121306,-3.0620185631025048,-2.7817193187885914,5.245492271886633,6.2335136425457724,-0.4287690636903633,-0.33788316344665015,5.307631808597367,-5.157126303183491,0.5857024103246697,-0.41305519180101946,4.484386476120633,3.8185398498236323,-3.803546117267063,-0.24933247502945421,2.3679480282235685,-1.765652447503108,4.554960957030892,0.48446420457874895,-7.548213125868422,0.258155042371786,-0.42562166633002607,6.593850252675256,-0.23268100807798725,8.38580841035001,0.012572865702424108,-1.1726942808669045,-0.4500877613577392,0.5909419811489025,-0.15218219997314186,8.099830983618372,-0.842908219128789,-4.2004541420924,-6.836868828170634,0.34522061463507414,-0.07219111644799618,-0.23635379051370864,-0.04503233520296246,-0.44307224670998335,6.314482625394155,-0.3647885469793441,0.7320528532767726,-0.4845646306161545,-0.030913983107120346,5.894431651459397,-0.3693787758514613,3.0472834477135184
1.3778289457697663,6.0005681618883795,-7.927799710548833,-12.732954876893539,5.054592336900772,7.9595451073753845,-12.004824208133803,13.971291253135341,15.371530179146031,1.3250877713474318,-4.183774012861936,-20.31984774189273,-3.7997863975434436,2.2090558192162497,8.348648782933676,-1.2202018549424012,1.36793504212321,0.5214289979945699,-3.576192576787594,-1.5809332329796932,9.652477134481172,-1.456747302986088,3.2932804658669173,3.6315245590537955,5.6542166166625805,8.440291780040532,7.132989383353148,-7.912524972856794,3.5359140286168738,-5.3445806178609905,3.929362188801562,-0.5908930078652302,-3.645847508245982,0.0410567733367051,-15.035829825138562,6.867759247555826,7.227243517504576,2.2904814284626602,-7.732988550594628,5.01536569478272,0.47701031632870394,-6.418280174759661,-4.499707814790829,-6.815558732037947,-8.443769097212181,-6.414223977660994,-6.852373287922449,-0.3693787758514613,-1.9471070810136393,-10.394974555348364
-3.854983126021015,8.052003067320184,2.741953859947419,-12.749023830768376,-0.857361985648543,3.9066503338097855,-7.823491286188988,2.126153691317956,10.291283593781618,-7.477466494566304,-8.942736469307057,-7.081775511338075,1.8904166578838504,-4.969297258511885,16.625224114500046,11.41797753555249,-9.465446092082635,-2.8467116881033268,-9.707541667451437,-2.5127647911638666,-8.718032187836068,-1.2179760837928366,8.635712830651572,-3.0162862630450085,1.5663977875119928,9.983732714073975,12.069930940945026,-4.904296693085776,0.8736582149908483,-6.893945195644395,-1.4892455471727133,1.5750453288522401,3.400980867793828,6.1119914693210955,1.3212266182037156,3.5253635624302295,-1.7023777399390216,-1.0675741467165683,-2.5792376450533876,-3.080486973977841,-11.264719602367801,-1.9468623804557417,-6.100590806646785,5.518868967724744,-3.8548215872940803,6.327996243598134,1.072128647254178,3.047283447713519,-10.394974555348364,8.993216663988036
