n
50
c
0.5249275960188107 17.29297556783024 12.84831412065888 172.32584937420245 120.38683590609475 5.542822092508654 1.6051793243249017 -1.166939961071219 -169.85035496782632 -21.54641179855402 181.16877931516453 158.90158186792593 164.0540366580908 -50.54440857310919 -132.2573337317203 153.62069016943468 32.21374367670099 -149.34440133237013 -183.69878833893804 -180.94596323496287 -201.1229988355058 -184.30967433138957 -134.704550558067 -164.676590367987 173.50813863099955 -137.12259051908603 -49.24800965877406 -191.86705948709763 -166.5630338479241 -178.32571445353548 113.02600457246959 183.41165154487356 215.3225172350834 -180.98823970626015 -5.033188912413081 -16.589932660480883 -127.00695668021177 -183.26830383199822 161.94420536293828 179.9126972704638 0.43183552413907034 129.2813015504129 148.35087910867261 -148.862841370076 158.8071468640967 141.60513307211932 -130.3073758918345 168.95210487689525 -4.467182950437191 218.76253258253527
Q
5.825323761243474,0.16505550801717417,0.10263959404204726,7.5803921261062195,-0.42513873553986803,-0.3266870903479362,-0.47203529191758903,0.01558039201933839,-0.8722616722418473,0.38156822760476583,3.0311212840476967,-6.59896579835643,-3.3001372626538417,0.15596163611697567,4.875630943969694,3.387766067590779,-0.844766184913402,-9.318480931764253,4.855632145365544,-2.430315663690603,-7.018585720314041,3.910487085810054,-6.24198066413067,7.309841307435254,-3.372539190132928,2.471983544282173,0.4156187678527463,4.300670780124198,5.171506338480248,-3.841926081829537,-1.950128116748851,-1.602847712570314,-3.924968220667267,0.8688492047308308,0.039975072841650694,0.6164121553647377,-1.7008233963075676,1.7031626670622684,1.1451327169741465,4.635605023940304,0.12323336589695777,4.251621044923588,-1.8803834277648697,-5.2254412205546235,-4.8971623827706505,-1.0341072296317397,-0.6635146058187648,-6.44374037500073,0.0296381544322597,6.9017842472435325
0.16505550801717428,6.326761073542072,0.1746905483481922,0.9158338576481548,4.340207932661791,0.6247397973271145,0.1880402831746516,0.8245075751129206,5.28393681930953,0.5877983479033979,4.5469506749790645,2.1928190412897006,0.5366607436183196,-0.4166599904366799,1.3653630914781005,-1.3743336519809901,-0.23769312939787923,4.882766787137713,-10.448772256519357,0.8512134724229723,-0.5241391373391882,2.6829621888996567,-6.23776579503448,2.524573230524719,0.1716539772740292,-2.653288632814641,-0.16235517500013807,-5.5808946758438545,-0.17172126181544123,-7.710284041969224,0.9847499230326958,5.893824208741421,-1.4139630258225018,-4.224005383542245,0.14176434141625616,-0.07912062753380511,0.45616074523148487,0.7213179742023602,-1.4723164196640106,1.791113782995677,-0.08248435552100941,5.141040992965046,2.49587818976114,1.8253480829180804,-2.5208748597392,10.312385537611325,-4.927671416748072,0.9816925556712628,-0.07322222584745786,1.9434493696912447
0.1026395940420457,0.1746905483481918,6.415063895191222,3.104639721802016,2.308399685979549,-0.4705811129331676,-0.102244185184448,-0.5977614211006174,1.6680553506316935,-0.20956816009097198,8.516688118330517,-5.397591903851756,1.0130316773499026,1.0141135452290855,1.4927818391672172,3.121485373243498,0.35348721044440823,3.15055890603947,6.8251828869889435,8.565115487600032,-4.962233859470945,2.2337923657957734,-3.3372844246758318,-1.4557585261978747,3.096567975147351,-4.338641581828537,0.12678930798485277,-1.362007020074718,1.31680819494925,-8.649383363349449,-6.95457801506094,4.557712216011201,-2.7990929167946144,-3.1070618585711154,-0.20478773449880605,0.32940455953388836,-8.604310417073911,1.558680976017826,5.47269527419385,0.32955449935230874,0.4102108629328258,1.1702835726304497,-1.8510367064639206,-5.447220765278779,-4.038990308262057,-1.6961967517862395,-0.5569348178255116,-4.928224176870969,0.680264799709211,10.121445225010973
7.580392126106219,0.9158338576481543,3.1046397218020156,2.2257992729434237,-3.9955971466233513,8.17498831017446,-2.9481220324625887,-4.945196635329635,-1.7466864070301473,-2.382174742728467,-5.325790556621077,-9.389100583567753,-5.624289108319686,-0.18601867867978983,5.618057471207089,-5.131911822591938,5.367235037459276,1.9807086302266625,6.724132862685739,1.310349468645165,0.37450417750412446,6.944381828057564,2.541041642794478,9.132464175867613,-9.352841356109273,0.9564489978111601,1.5617300648014292,10.46789346894894,6.806784439876427,8.08857997862787,-9.000939944763427,-7.27348642838417,-5.858232423528789,0.3264313042622766,4.502688201966716,4.248017890861052,8.335437341533474,4.150191057531523,2.068514725294368,-8.14862428579189,0.6364272921856171,-3.970196429891155,-0.11629925845762473,11.002716228501221,-8.86133630554499,-2.2853345250964026,-4.34138429030738,-6.241670443500813,-5.293503152196182,-12.598304934060959
-0.42513873553986836,4.340207932661791,2.30839968597955,-3.9955971466233513,3.080621542810868,-2.192460412055325,-2.621294357351084,5.895766727981801,5.568912544235124,0.39144433138271584,-3.868204810990404,-12.299743332303713,-12.21620194127867,3.7612906205328067,5.2082142799246025,-9.640850362046661,1.4872102217183667,7.378158541547824,8.968784314949353,5.325078911338938,2.2296874031790326,16.414130940797452,3.945400241672014,12.343004295795216,-10.690496321567714,2.864331318801126,-7.099472865642933,6.084213227289024,5.713210440645931,7.936619490332507,-8.847310016350177,-10.948302008146356,-6.974664442119994,3.953403492007568,0.7876770444552126,3.5228638693574252,3.4183666703674054,1.1702248952713528,-0.9010607841344737,-8.389056662784569,1.250987963513002,1.3812097261477683,1.4243278281809824,11.691318068844982,-12.744738400349137,3.949729024396583,-3.3570496977700652,-7.541489655040341,4.487005282380771,-4.984408937086105
-0.32668709034793647,0.6247397973271146,-0.4705811129331692,8.17498831017446,-2.1924604120553246,4.735658161219984,0.04641219845636968,0.4340822183109776,-4.096937255500325,-0.44570099879668973,5.119570585657293,2.309862958200877,-2.5305313071792535,0.9142150651761771,-5.839086940074705,-2.641600796355458,0.11208009800381541,-0.2971359864729819,0.8376838283598135,-0.24549897291150602,-0.5981874824210355,-0.47219960690928586,3.0764981850816997,-7.624702852198323,-0.6055205397437278,1.274365731634218,-0.12480456741615498,-0.6537209688048253,-2.1659191931289357,2.104725251977711,8.812036498197557,3.3234922926210926,0.23639614272666787,5.214551013570933,-0.2521607574752165,-0.08879745327901131,-6.086665420772377,3.9577982772705895,5.030602148800169,0.7760663996977571,-0.378171967357938,4.087303100256423,-2.5082892354941544,-2.6976272389841487,-3.209136124349043,-5.377911300818252,7.482947739009906,1.1767345509024376,-0.48116914085295126,-0.26887547395027506
-0.47203529191758886,0.1880402831746506,-0.10224418518444611,-2.9481220324625887,-2.6212943573510854,0.04641219845637004,6.755794272209924,0.7204285330444256,-3.951662181480534,0.3095694668237541,-0.6415096759197151,-0.20066532718626579,-4.2040335345330675,-0.0492278687159451,-3.957357364039524,8.349202595162406,-0.3003690955965702,-8.854196516302453,-0.5429652033336578,3.9702096002252425,5.032752486007759,-0.6142847162085479,0.5013238645981044,-1.4816231159325182,0.0351677277062854,9.216093145756032,0.031141159348081704,6.317438753037832,-0.5660050612803178,-7.578871922822543,-0.7238891296894677,-5.744268683114237,-5.767581206656299,0.9807459538349763,-0.22062462832721585,-0.19384632880281405,-2.1388211094490392,3.744153856356026,1.6149659173354571,-1.5009540181874919,0.14101606961784396,4.406167381374774,5.440776994172045,-9.438312589489717,3.977773862175632,2.4219235103287393,2.0138645143133616,-0.2821714153476278,0.25611794355333345,-4.114134814123538
0.015580392019338918,0.8245075751129197,-0.5977614211006174,-4.945196635329636,5.895766727981802,0.43408221831097804,0.7204285330444263,5.2477422279188595,-3.4326325611483393,-0.013991410740410326,4.93637151747274,7.423832055253757,7.3716386898371065,0.2979573083346918,0.30388686133407683,8.634351239924165,0.27607536350364514,9.789090101828203,-2.6450418209586966,-1.717201473990723,-8.625195872813928,7.599903653002034,2.0114741112922534,-4.311301427905091,-2.540631685823593,1.5240948226858708,-0.14270385086332904,5.003481416877252,2.6461188157754707,-2.294756968004033,8.06062945525113,-0.4161554035773747,-7.596800477599447,4.674361236255642,0.3469332206297761,-0.7085255729325961,0.3930724749688306,-5.0735758681407725,4.637794923095479,-1.088425614626057,0.18377151989045543,-3.4399373514320883,-2.0477531574631467,-7.582972448762254,6.499996918794329,0.9696009381413766,-0.895138839733224,2.359288156675259,0.2005765248427187,-7.442194850782898
-0.8722616722418481,5.28393681930953,1.6680553506316933,-1.7466864070301482,5.568912544235125,-4.096937255500325,-3.9516621814805326,-3.4326325611483406,1.1914339645912575,-3.2632614678032508,-0.6433385996133912,5.391046068668079,11.988941817788831,-1.5065071566433943,-11.158410642741458,1.920485053792377,0.9903187532223324,-8.350755664938948,-0.9828333684962333,-8.410646618592555,-9.681993064791802,-8.087598930759587,3.2789079915630945,-5.048489829950621,0.5557536377134649,2.042619694635553,4.630049692373918,-4.086888366594545,-8.54153100041608,1.3054115525455707,2.59096747497247,1.0375325495909564,5.903588993740867,0.039834809025682594,5.668545857640932,-3.3385992221887006,-0.17504120283131785,0.7212036593035178,-8.728746343291224,16.169230939333563,4.265994123664414,5.6132854860345205,-5.366554473171084,-15.040586531627623,2.5510979093754838,3.529964327574846,-16.356327085617348,4.92637207491044,-2.4263936205930907,12.057367187321232
0.38156822760476516,0.5877983479033988,-0.2095681600909719,-2.3821747427284676,0.39144433138271517,-0.4457009987966907,0.3095694668237514,-0.013991410740410637,-3.2632614678032508,6.222219200219021,4.093269498924785,7.379043267865528,6.042937376291377,0.595676710808528,4.978670910013054,-8.345726043618106,-0.009594128801657664,-2.719364713977454,1.7250260769758066,9.324961481096773,3.1981551638104757,3.1742269574418893,0.10186776265467623,0.22528815932290447,-2.9433712540289756,-7.36822034354774,0.4161460234460441,4.987259066719922,-5.157249851540725,4.857437952408077,5.91225443738281,-4.3905091555347635,-2.888020511896812,-6.713272660758999,0.8688557715745017,0.06192808036367614,6.297057588342797,4.647267966872846,-6.774783997415577,3.8262013801781127,-0.4502141670289368,4.107243917622245,1.0406215335256535,2.274844107139298,2.2250311567903722,-1.7431019497712543,-4.3987151154899,-1.6639441944206639,0.7617004763434548,-6.390854265243152
3.031121284047697,4.546950674979064,8.516688118330515,-5.325790556621077,-3.868204810990405,5.119570585657292,-0.6415096759197145,4.93637151747274,-0.6433385996133907,4.093269498924784,13.037757442640352,0.28855674695599737,-2.257170658163401,1.8112911997086378,-2.7193152378344996,-16.453512790470757,0.8689216884489155,7.93617117383806,6.565671930023277,7.039126952044568,7.8265577572668095,2.6068647859422356,9.438262535542542,1.5279008539072367,-10.105157893453837,-7.016681451899131,3.03533719574777,7.83835910242402,6.861538368194293,0.3733565725898855,-4.297602042434593,-3.594662614782465,-7.358476621482268,13.741782472826884,2.421765995543282,-0.6666387184764642,0.3241952156974117,4.267328753122593,-18.646449583483463,-12.028564955198021,-10.685352241062485,1.9022934612035631,-4.65619155820997,11.582534123241595,-6.085906966655695,-3.3026035224242807,9.269560428600302,-8.802110007333674,-1.1532226167421515,-8.994929820920111
-6.598965798356428,2.192819041289701,-5.397591903851757,-9.389100583567753,-12.299743332303713,2.3098629582008776,-0.20066532718626684,7.423832055253757,5.391046068668078,7.379043267865528,0.2885567469559973,-0.969779127575956,-0.22345007963427024,4.561618613704211,11.18291450487704,-13.218521748904944,-0.00683096794790905,-7.293831757843937,-2.479917169344979,5.6630937070522025,0.7869019903754121,5.316403679799498,15.315175244591494,3.9611748023101634,-15.704909791821962,10.042904027763592,-5.264347534525871,11.085768209637179,4.132281089541565,-1.4485829227500033,-2.719751979742042,-7.930240371154365,-0.3787290572906022,5.873801699959117,-2.2324013032548153,-4.963355766477173,-4.133677812339304,14.15698965295102,-12.686501442644802,-12.808779931663091,-4.951618620915248,-9.43524802410028,-9.908774632295469,9.836056750909007,7.895876362588707,-8.389655388147471,2.4615859716011768,-13.461647775211091,4.900210925284407,-7.635753521539519
-3.3001372626538403,0.5366607436183177,1.0130316773499017,-5.624289108319686,-12.216201941278673,-2.5305313071792535,-4.2040335345330675,7.3716386898371065,11.988941817788831,6.042937376291378,-2.2571706581634015,-0.22345007963427038,6.357462639680743,1.516487411160071,1.3184044828298678,3.4402016518468104,-0.8231921509685061,4.29729504985995,17.092537628120297,9.817481080736382,-0.055670105915845036,2.5062330554783996,-2.2271006180967343,2.0686027037869454,-5.079192252042276,12.99886704875476,7.314463418335242,2.925666962756572,-0.14191416411251223,4.070368615995131,5.507783995066344,-8.651614741871782,-9.983677825241545,-0.7728986465689158,-3.739315537572114,1.9517298592388772,14.328575873660606,6.142445264187126,-0.5484894695141915,-6.882394637399776,-1.6524823279396763,-13.27950429527083,-8.881359738308332,5.644287278674236,-9.223492747517854,-7.011660278160376,-3.1795144907809636,1.6729053658966555,3.480389517472632,-4.771705415276384
0.1559616361169751,-0.4166599904366788,1.0141135452290855,-0.18601867867978983,3.7612906205328076,0.9142150651761771,-0.04922786871594431,0.2979573083346917,-1.5065071566433947,0.5956767108085275,1.8112911997086374,4.561618613704211,1.516487411160071,5.360812832952224,-0.04393075691361914,-5.2051608692105855,0.11580596832061552,7.1656305129656275,8.393584512106491,-0.322505984815475,3.21043290188744,0.946642126724784,-4.923900905935117,9.326002311180448,1.7271208257517565,0.07314137897748271,-0.4490175339363296,-7.236335768877023,6.419169797026812,8.679428709077138,0.6342355160595151,1.4012846583967558,2.9461523922875164,5.668451558940709,0.07282198407892992,0.09654202489246316,4.377083100903949,-0.8708591000183216,-5.605267895530956,-0.27479913030720127,-0.3810565071614054,2.627946967227584,-0.6502693378026656,5.094490090081272,3.1116168180898542,0.8601041038600985,1.768016877603788,-1.9961387004920415,0.544472824808552,1.4782535786699165
4.875630943969694,1.3653630914781,1.4927818391672159,5.61805747120709,5.2082142799246,-5.839086940074705,-3.9573573640395234,0.3038868613340764,-11.15841064274146,4.978670910013054,-2.7193152378344987,11.18291450487704,1.3184044828298687,-0.043930756913619695,1.8018882262113198,4.609351168490826,-4.496599419554538,-13.594450465570148,-10.466362871393972,-11.527328863075546,-0.6737118807450317,-8.074920623882038,-8.137231441646307,-5.217627745346203,4.567440762896155,-5.266384481482777,2.184833603728918,-2.4642670511532376,1.6721296828289676,-9.287800442493943,12.462227553160249,13.130769142282125,3.9141189076557907,-5.313770737745839,0.41039823908047246,-0.4693349982636181,-12.055758581272135,-10.345863098011245,11.830109315914394,-2.0837612800555005,-3.481679032881918,0.7934116428137594,6.119104484690551,-4.597221937171923,4.552083894971857,-5.382568917395028,4.8864468943033375,11.695302673883617,-1.781059474654354,1.1507745780936174
3.387766067590778,-1.3743336519809914,3.1214853732434973,-5.131911822591938,-9.640850362046663,-2.641600796355459,8.349202595162408,8.634351239924165,1.9204850537923772,-8.345726043618106,-16.45351279047076,-13.218521748904942,3.44020165184681,-5.2051608692105855,4.609351168490826,8.781502663304298,3.0663417544237106,0.0268815129071919,1.188658124170837,5.390484252972701,5.757583911059459,7.701230500791961,-4.935614024473631,5.949891724611725,-2.569205374322146,2.437048693043833,1.9586396161122699,7.123830117686543,14.371790559487831,7.147554763740568,-6.806496409794923,-11.943362692104667,-0.39577794949404294,-6.192699566696424,0.27210567860104845,-1.80267223395896,-0.4882059820265354,13.011226570245208,-4.41831084638505,-2.1220692778904873,2.1779732512759993,-7.384168385810293,-2.431472742803665,8.752713959329704,0.9254534391591692,-1.660400529916748,4.8213412155039705,3.205144669029195,-6.0573813073348575,-12.161927080870875
-0.8447661849134029,-0.2376931293978789,0.35348721044440723,5.3672350374592765,1.4872102217183687,0.11208009800381724,-0.3003690955965712,0.2760753635036455,0.9903187532223325,-0.009594128801655916,0.868921688448916,-0.006830967947908696,-0.8231921509685076,0.1158059683206154,-4.4965994195545385,3.0663417544237097,5.812351698812184,2.80142472649128,-3.7556894936256673,-3.1509998955946057,1.2189390950500605,1.110700241239348,-6.2424993532744155,-1.5671663489456962,-6.922328618322606,-3.7998333622326066,0.16043023490527686,0.28616241915555163,-1.03361645593214,-9.348897625115164,2.8785577322239186,-10.99779858216875,0.30591487794356176,-3.2367705597164855,0.03815137075634567,0.18030562206580392,3.235387824234368,0.2505911645341331,1.3028118680239271,-2.5326020643927656,0.2850634418737419,2.392513590878344,5.997454052964359,-5.038822094247734,-0.826413798453542,3.1907698081613973,-4.705408466946737,-3.5623075088635643,-0.072453458174639,9.740072398339588
-9.318480931764253,4.8827667871377125,3.150558906039471,1.9807086302266632,7.378158541547824,-0.29713598647298256,-8.854196516302453,9.7890901018282,-8.350755664938948,-2.7193647139774533,7.936171173838061,-7.293831757843936,4.297295049859949,7.1656305129656275,-13.594450465570148,0.026881512907192984,2.8014247264912804,-12.0100125259738,4.334777333211409,-8.15020867314113,4.5402808940170925,-9.934902158943132,-10.358067789535388,-14.826566789773223,1.0822935942843732,-3.875102513148619,7.311719101193289,-7.947103396812822,-2.357586387290259,2.0224869032050203,5.833139093005693,1.400240266892622,0.6987691091776274,-0.03713787320759265,-5.383450717663154,7.017626870376169,-5.8118992922093655,-9.061133868691734,8.114190302910442,-4.631781152974965,-5.510751260447898,14.155114768965499,0.14969550277540988,-2.9451416716674053,-1.6795929496976099,14.134487099761184,-7.732154260018011,1.9901927995525215,-2.8334760704092736,5.815887936822791
4.855632145365544,-10.448772256519357,6.825182886988943,6.724132862685739,8.968784314949353,0.8376838283598131,-0.5429652033336573,-2.645041820958697,-0.9828333684962324,1.725026076975806,6.565671930023276,-2.4799171693449793,17.092537628120297,8.393584512106493,-10.466362871393972,1.1886581241708367,-3.7556894936256664,4.334777333211409,-0.598820566220784,2.6284793847233967,-7.183099665761677,-11.897058650983496,-3.283540778968343,-8.984037819816031,-0.6993910843718052,-1.5191238133401366,0.17271015592330874,2.9340767332290922,-10.031897614454065,-12.810663523715139,15.122420560943985,6.655402839517859,-4.664828063156241,8.849235642054476,-1.062377138468608,-5.569029184421974,-6.189069904483505,-5.2321041854158805,18.277407100849068,-0.7892781795550791,5.760070776056782,1.5730910942271978,6.628804770876834,-8.14458353507326,2.2482059382550172,-4.169458597048196,-3.103494763154975,8.972411897171533,5.258177748269454,10.49325222225988
-2.430315663690604,0.8512134724229745,8.565115487600032,1.3103494686451644,5.325078911338939,-0.24549897291150746,3.970209600225242,-1.7172014739907224,-8.410646618592555,9.324961481096771,7.039126952044569,5.663093707052202,9.817481080736382,-0.3225059848154749,-11.527328863075548,5.390484252972701,-3.1509998955946052,-8.15020867314113,2.6284793847233976,9.546078226372163,-12.508890938124578,-0.04066989291621825,-2.945005046505812,-3.2458061511918173,10.896490801944912,-10.362387590165273,0.8685352259647566,-14.228073868486824,-14.337520777812669,-3.6655715053167928,13.040257392718768,5.653637952876375,3.0014434784396804,-2.8833136389468215,-2.804129009500528,2.4443876208619715,1.0833136788798812,-12.988788585160545,3.585662564006004,8.795723524482977,2.6113356204868285,6.711312890028483,3.245360033473622,-8.623274478162292,2.4889086487815644,-4.019176504888533,-0.7158498554745004,9.572129004746406,0.5721467946851051,0.9319799654500589
-7.018585720314039,-0.5241391373391878,-4.962233859470946,0.37450417750412435,2.2296874031790335,-0.5981874824210359,5.032752486007759,-8.625195872813928,-9.681993064791799,3.198155163810476,7.8265577572668095,0.7869019903754129,-0.055670105915845536,3.2104329018874402,-0.6737118807450319,5.757583911059459,1.21893909505006,4.5402808940170925,-7.183099665761676,-12.508890938124578,-0.49258218339235427,1.1881669802190307,-0.39693020606627083,-2.014308807055304,-2.0745182414959373,-8.158503105826576,1.142817199874372,8.025703052770343,-2.9718088898322415,-3.1086245964625183,6.9270311415135835,1.0915465709937453,0.49001256138713667,-10.824280696069868,-2.5884576372425223,4.71999625724618,-14.654263723215413,3.958451745520375,0.7916977004805903,1.0872441055013067,0.9053178864683069,6.437926989023425,5.922166425735901,-2.7757329758894653,6.675216543342631,15.049607562715122,-5.17587627749411,7.427576215693174,3.7602827439645887,-2.306080844890694
3.910487085810055,2.6829621888996567,2.233792365795772,6.944381828057566,16.414130940797452,-0.4721996069092851,-0.6142847162085472,7.599903653002034,-8.087598930759587,3.17422695744189,2.6068647859422356,5.316403679799499,2.5062330554784005,0.9466421267247834,-8.074920623882036,7.70123050079196,1.1107002412393474,-9.934902158943133,-11.897058650983498,-0.04066989291621792,1.18816698021903,4.218430943461126,-3.315558362488072,-4.95340410614151,14.759106722903528,-13.407499277911755,6.110343694880724,-8.470507891257208,-1.9580051912818375,-12.756225183257772,5.199153780654749,3.3213738652372125,7.910518192273474,-2.1223274686340616,3.8003652815809637,7.944345501963836,-7.704891192758522,-3.6599805775880516,2.5400930249842855,9.343647664712094,1.887565916470394,4.677833540914369,8.115114227210784,-9.240688692936661,4.685706047329591,10.88572853485199,-13.548244177739729,5.964167475230679,1.9100282781820748,2.1949872925901754
-6.24198066413067,-6.237765795034479,-3.337284424675832,2.5410416427944775,3.9454002416720133,3.0764981850817,0.5013238645981042,2.011474111292254,3.2789079915630954,0.1018677626546762,9.43826253554254,15.315175244591494,-2.227100618096734,-4.923900905935119,-8.137231441646307,-4.935614024473631,-6.242499353274414,-10.358067789535388,-3.283540778968342,-2.9450050465058126,-0.3969302060662714,-3.315558362488071,11.429497913191627,-3.579133396956195,4.861951360576965,-4.696856836445241,-1.5288129927619791,-7.0061233487117525,-9.982876959967678,-0.8391878651301266,5.816368122330188,-1.507063376275277,5.102665008107358,-12.14841579595461,7.368274704047305,-4.136743378614275,-11.781965684255265,-11.28911375073656,10.269285207935775,16.912663766869734,4.4721982984651305,18.133965387361368,4.363874551804302,-4.29048791365503,4.095338989055897,6.827873457616219,-14.440094684651248,-1.2149459756543255,4.526707302693008,-1.930511033624462
7.309841307435254,2.524573230524719,-1.4557585261978736,9.13246417586761,12.343004295795218,-7.624702852198323,-1.4816231159325186,-4.311301427905091,-5.048489829950621,0.22528815932290258,1.5279008539072374,3.9611748023101625,2.068602703786944,9.326002311180448,-5.217627745346204,5.949891724611725,-1.5671663489456953,-14.826566789773223,-8.984037819816031,-3.2458061511918173,-2.014308807055304,-4.953404106141511,-3.5791333969561956,-5.501396641868768,4.100806083200531,-6.7754518521922025,0.2716077203522408,-4.709841750575692,-1.2590100093706615,-4.34591621955878,0.7209212560189364,5.723749302419063,6.95559532349111,7.314222223881776,-0.8091899527918156,1.95262735003073,-4.7791736880909665,-9.6026311775368,2.5412097659248882,5.02754417651065,2.9212183575070054,6.662815525599687,8.237466811875555,-15.049996702217125,12.018300877570429,2.7729154084664103,-5.993162439191766,12.042216557905691,-0.6491323220689686,11.971835725140316
-3.3725391901329296,0.17165397727402865,3.0965679751473507,-9.352841356109273,-10.690496321567714,-0.6055205397437285,0.03516772770628451,-2.540631685823592,0.5557536377134651,-2.9433712540289765,-10.105157893453837,-15.704909791821963,-5.079192252042277,1.7271208257517552,4.567440762896155,-2.5692053743221455,-6.922328618322606,1.0822935942843743,-0.6993910843718046,10.896490801944912,-2.0745182414959373,14.759106722903528,4.861951360576965,4.1008060832005295,4.589791593543573,9.886478529097136,4.0919556604789165,4.523267737554173,-0.16136923116057678,5.859085327603256,-0.8740956903821432,-8.983782616573189,-10.972675597378434,3.2452277296929726,-1.421123995048942,5.728391996822161,-0.30555834460198594,-0.08081321020900087,-14.226507796645649,-4.464940074073244,7.650280255592759,-4.515401175844675,-12.187864015721104,6.067988062470363,-7.611513772400669,-14.000277224501044,3.709554291812736,-1.1216560067050758,5.28811968068244,-6.853864893001236
2.471983544282174,-2.653288632814641,-4.338641581828538,0.9564489978111608,2.864331318801125,1.2743657316342178,9.216093145756032,1.5240948226858717,2.0426196946355533,-7.3682203435477405,-7.016681451899131,10.04290402776359,12.99886704875476,0.07314137897748378,-5.266384481482776,2.4370486930438324,-3.7998333622326053,-3.875102513148618,-1.5191238133401352,-10.362387590165275,-8.158503105826574,-13.407499277911754,-4.6968568364452405,-6.775451852192202,9.886478529097134,-0.341737539364237,-1.533320594735992,-4.952127293931147,-5.016960369284375,-10.310044976068614,5.113146500095916,7.834220191383922,0.7107619742385101,-3.2019890303748397,0.10929941301919488,1.1954312297250689,-4.259330317377904,-3.0627489884192767,1.1522910460443208,5.831317879731224,-2.512366157075757,-0.8347053298909469,7.138576130263726,-8.015729645285472,2.3727194254163746,4.514720644476961,-2.1785246764597463,-2.5614176708974266,-7.091063609170316,-3.2776434556415674
0.4156187678527455,-0.16235517500013696,0.12678930798485322,1.5617300648014285,-7.099472865642934,-0.12480456741615509,0.031141159348079483,-0.14270385086332893,4.63004969237392,0.41614602344604457,3.035337195747772,-5.264347534525871,7.314463418335243,-0.4490175339363296,2.1848336037289178,1.9586396161122708,0.16043023490527664,7.311719101193289,0.17271015592330724,0.8685352259647569,1.1428171998743708,6.110343694880724,-1.5288129927619796,0.27160772035224007,4.091955660478918,-1.5333205947359927,5.190596499465837,0.2943343040889679,-2.0260161050072965,9.745126253441663,2.2284760067447498,-0.9673832926121029,-2.6117056653017396,2.9911598887996242,-0.12339266796390624,0.7697669463029214,0.48750710221096094,4.771594113282953,3.7298449856505065,-2.735875605429088,0.39768587691786883,1.884189315955813,5.09806133332525,8.075122971436693,7.639299999982943,1.1080485057138114,1.3594315368212762,4.628243848986699,-0.5062817211211413,0.3229307127278237
4.300670780124198,-5.580894675843856,-1.3620070200747174,10.46789346894894,6.084213227289023,-0.6537209688048253,6.317438753037831,5.003481416877253,-4.086888366594545,4.987259066719923,7.83835910242402,11.085768209637177,2.925666962756572,-7.236335768877023,-2.4642670511532385,7.123830117686542,0.2861624191555523,-7.947103396812821,2.9340767332290927,-14.228073868486824,8.025703052770343,-8.47050789125721,-7.0061233487117525,-4.709841750575692,4.523267737554174,-4.952127293931148,0.2943343040889683,2.9829631830814325,-6.118900523151277,0.17269325487633536,-1.815882501501001,8.73675045990295,8.304032794577035,-3.4792644583546704,-3.0743538268894883,1.5338913988571639,-2.3622963835309183,-11.399628202794158,9.085876469605592,1.8494793436390795,-0.9229786503948361,5.2686834566683425,9.034269979794104,-0.1681254965028981,12.427662220239652,5.313921851731701,-6.417131211189611,-4.004958655567454,1.068774158294267,-4.04525675495627
5.171506338480249,-0.171721261815442,1.3168081949492478,6.806784439876428,5.7132104406459305,-2.1659191931289357,-0.566005061280318,2.6461188157754707,-8.541531000416082,-5.157249851540725,6.861538368194294,4.132281089541565,-0.1419141641125109,6.419169797026812,1.6721296828289667,14.371790559487831,-1.0336164559321406,-2.3575863872902594,-10.031897614454063,-14.337520777812669,-2.971808889832241,-1.9580051912818366,-9.982876959967678,-1.2590100093706615,-0.1613692311605764,-5.016960369284374,-2.0260161050072965,-6.118900523151277,7.386101649563364,-0.4754199531935292,13.354901142755844,-5.490375777848415,0.1810983720331954,2.949593449451055,0.277787629400825,-1.7409801345337144,-7.842795536254274,-10.096679052161607,2.242681012693498,4.650838651222516,-0.968224675812861,-2.2889886552932053,3.08318690086649,-14.105890914296554,-6.235175277261324,0.14009592503816215,-4.041488404904228,2.5285098923513387,-0.040659214631839635,-0.7235804044696349
-3.8419260818295364,-7.710284041969223,-8.649383363349449,8.088579978627871,7.936619490332507,2.1047252519777118,-7.578871922822543,-2.2947569680040334,1.30541155254557,4.857437952408075,0.37335657258988575,-1.448582922750003,4.07036861599513,8.679428709077138,-9.287800442493943,7.147554763740568,-9.348897625115164,2.0224869032050194,-12.810663523715139,-3.665571505316792,-3.1086245964625174,-12.756225183257772,-0.8391878651301268,-4.345916219558779,5.859085327603256,-10.310044976068612,9.745126253441663,0.17269325487633602,-0.4754199531935291,-12.515958674521674,8.117436130314037,14.09138761684303,5.6986097438155205,-8.516157891450536,2.039299806363971,0.7768550618477006,-0.009677002236117005,-0.15554682612363302,1.605778951648917,4.088301462741246,-3.1809630654065577,5.866192085658923,12.711573700323406,-6.166717782891814,12.147765468580188,5.034987784766661,1.6205219660563834,4.992469532465692,-3.4499348291900436,5.805287236438617
-1.9501281167488507,0.984749923032695,-6.95457801506094,-9.000939944763427,-8.847310016350177,8.812036498197557,-0.723889129689467,8.060629455251132,2.590967474972469,5.91225443738281,-4.297602042434594,-2.7197519797420426,5.507783995066344,0.634235516059515,12.462227553160249,-6.8064964097949225,2.8785577322239186,5.833139093005692,15.122420560943983,13.040257392718766,6.927031141513583,5.199153780654749,5.8163681223301875,0.7209212560189349,-0.8740956903821431,5.113146500095916,2.2284760067447507,-1.8158825015010014,13.354901142755844,8.117436130314038,0.040342422054303384,-5.286101747308349,-9.65234553764299,1.8856705877906548,-0.876100971800797,2.133134689642405,9.662582523218749,8.256591250189867,-8.484016574834023,4.477157743679127,1.1753068119484507,-14.547888875746992,-5.800144699081906,5.44558918187292,-9.651505853938609,-4.055709003949989,6.900636865133079,-1.1160633452846216,7.02674192777777,-8.60687492538576
-1.6028477125703142,5.893824208741421,4.557712216011201,-7.273486428384171,-10.948302008146356,3.323492292621092,-5.744268683114238,-0.41615540357737457,1.0375325495909564,-4.3905091555347635,-3.5946626147824645,-7.930240371154365,-8.65161474187178,1.4012846583967558,13.130769142282125,-11.94336269210467,-10.99779858216875,1.4002402668926222,6.655402839517859,5.653637952876375,1.0915465709937464,3.3213738652372116,-1.5070633762752763,5.723749302419063,-8.983782616573189,7.834220191383922,-0.9673832926121031,8.73675045990295,-5.490375777848415,14.091387616843027,-5.286101747308348,-8.767861424060069,-15.770765118458428,5.143676492465363,-3.261782953117888,8.108943215010857,7.484963758725626,3.650245585422603,-10.049355331415166,-9.037738569026,-0.5860342050648234,-2.2638904703755167,-4.383322687529194,10.815032830543453,-0.6957274267172178,-4.1460748334215385,-6.306237936381896,-8.982439115027763,0.04933656902954492,-14.980735486395712
-3.924968220667267,-1.4139630258225007,-2.799092916794613,-5.85823242352879,-6.974664442119995,0.23639614272666742,-5.767581206656298,-7.596800477599448,5.903588993740868,-2.888020511896812,-7.358476621482268,-0.3787290572906017,-9.983677825241545,2.9461523922875195,3.914118907655791,-0.39577794949404155,0.30591487794356365,0.6987691091776274,-4.66482806315624,3.001443478439681,0.4900125613871378,7.910518192273474,5.102665008107359,6.955595323491112,-10.972675597378435,0.7107619742385103,-2.6117056653017405,8.304032794577035,0.1810983720331948,5.6986097438155205,-9.65234553764299,-15.77076511845843,0.16230144528152657,2.6500166232721076,4.748340908349721,7.1750796653399025,0.8067316722352467,4.631925608437903,1.098389517724569,-8.418283905742241,4.23302364501499,-17.30853425184535,-11.239777153913783,6.298890926388961,-11.688314727617488,-3.19315907206276,9.031494150023462,-11.323535087935866,-6.51535187118977,-1.0175641081217297
0.8688492047308316,-4.224005383542246,-3.107061858571115,0.3264313042622765,3.9534034920075682,5.214551013570933,0.9807459538349768,4.674361236255641,0.03983480902568193,-6.7132726607589985,13.741782472826884,5.8738016999591185,-0.772898646568915,5.668451558940708,-5.313770737745838,-6.192699566696426,-3.236770559716486,-0.03713787320759365,8.849235642054476,-2.8833136389468215,-10.824280696069868,-2.122327468634062,-12.148415795954609,7.314222223881776,3.245227729692973,-3.201989030374839,2.9911598887996234,-3.47926445835467,2.9495934494510547,-8.516157891450536,1.8856705877906543,5.143676492465364,2.650016623272107,-1.5230964856154507,-0.334882553838745,4.773097635338875,-8.896528301003482,-18.949417361752182,10.15251376672382,11.185429470033235,2.061792084175983,0.9019445084689847,0.548524726333744,-3.9216885674032906,8.620589507384725,1.3488063405461594,-14.920792288873963,6.20006507372488,6.037888523671355,17.698205757485837
0.039975072841648585,0.14176434141625618,-0.20478773449880378,4.502688201966716,0.7876770444552127,-0.252160757475216,-0.22062462832721455,0.3469332206297755,5.668545857640932,0.8688557715745018,2.421765995543284,-2.2324013032548153,-3.7393155375721143,0.07282198407893092,0.41039823908047235,0.2721056786010487,0.03815137075634517,-5.383450717663153,-1.0623771384686092,-2.8041290095005276,-2.588457637242522,3.800365281580964,7.368274704047306,-0.8091899527918156,-1.4211239950489418,0.10929941301919549,-0.12339266796390691,-3.0743538268894883,0.2777876294008239,2.039299806363971,-0.8761009718007977,-3.261782953117889,4.748340908349721,-0.33488255383874566,5.4606572241323175,0.15081134846017896,0.517318039359522,-5.745280913595512,-2.336599340631168,-0.7333293075312235,-0.014826070801072233,1.31975856119854,2.678989193437549,3.0260264196295905,-7.3008384026653435,-1.8365673643753748,-2.2957449451002088,-5.33848708466288,-0.35162929277072663,-2.163707490287923
0.6164121553647375,-0.07912062753380544,0.32940455953388814,4.2480178908610515,3.5228638693574257,-0.08879745327901101,-0.19384632880281394,-0.708525572932595,-3.3385992221887,0.06192808036367603,-0.6666387184764642,-4.963355766477173,1.9517298592388777,0.09654202489246261,-0.46933499826361913,-1.8026722339589591,0.18030562206580258,7.01762687037617,-5.569029184421973,2.4443876208619724,4.71999625724618,7.944345501963835,-4.136743378614275,1.9526273500307305,5.728391996822161,1.1954312297250682,0.7697669463029221,1.5338913988571636,-1.7409801345337133,0.7768550618477021,2.1331346896424046,8.108943215010857,7.1750796653399025,4.773097635338875,0.15081134846017843,6.157022078942901,3.7250927096654562,-7.0552403337697704,-5.115635293248365,-4.260652074099298,-0.058869815526501834,5.209745685466463,4.121056164489463,-4.654772287103553,1.2239420289936187,-4.898191512451262,1.0924415353617687,4.2770391761935915,0.6036456194570873,2.371705755438867
-1.7008233963075678,0.456160745231484,-8.604310417073911,8.335437341533474,3.418366670367406,-6.086665420772378,-2.138821109449038,0.39307247496883035,-0.1750412028313189,6.297057588342796,0.3241952156974116,-4.133677812339304,14.328575873660606,4.377083100903949,-12.055758581272135,-0.48820598202653426,3.2353878242343694,-5.811899292209365,-6.189069904483505,1.0833136788798812,-14.654263723215415,-7.704891192758521,-11.781965684255265,-4.7791736880909665,-0.3055583446019853,-4.259330317377904,0.4875071022109607,-2.362296383530918,-7.842795536254273,-0.009677002236117123,9.662582523218749,7.484963758725626,0.8067316722352462,-8.896528301003482,0.5173180393595216,3.725092709665456,-8.186282067141892,-7.393836628236579,0.4800167693510302,7.661154188622576,-1.4560915918438515,6.6266048824484045,10.642878912597801,-5.824558318906103,2.0407879026608216,7.781589304804685,-15.398120537933664,11.250687396459455,5.510558735586994,-2.1287251554615505
1.7031626670622684,0.7213179742023608,1.5586809760178273,4.150191057531522,1.1702248952713519,3.95779827727059,3.744153856356026,-5.073575868140772,0.7212036593035172,4.647267966872845,4.267328753122593,14.15698965295102,6.142445264187127,-0.8708591000183225,-10.345863098011247,13.011226570245208,0.25059116453413277,-9.061133868691735,-5.2321041854158805,-12.988788585160545,3.958451745520375,-3.6599805775880525,-11.28911375073656,-9.6026311775368,-0.08081321020900131,-3.062748988419276,4.771594113282953,-11.399628202794158,-10.096679052161608,-0.1555468261236326,8.256591250189867,3.6502455854226032,4.6319256084379035,-18.949417361752182,-5.745280913595511,-7.055240333769771,-7.3938366282365795,9.30728112270284,-4.993347565227866,6.449195811656393,-7.997547751703136,7.6846081254885785,11.723779969339885,-9.855519419803182,9.155102222007976,0.46349403275866774,-0.33188048307675433,-1.2434694235418027,-3.358857942247016,4.897483129575729
1.1451327169741465,-1.47231641966401,5.472695274193851,2.068514725294368,-0.901060784134474,5.030602148800169,1.6149659173354558,4.63779492309548,-8.728746343291224,-6.774783997415577,-18.64644958348346,-12.686501442644802,-0.5484894695141918,-5.6052678955309565,11.830109315914394,-4.41831084638505,1.3028118680239276,8.114190302910442,18.277407100849068,3.585662564006004,0.7916977004805905,2.5400930249842864,10.269285207935777,2.541209765924888,-14.22650779664565,1.1522910460443216,3.729844985650506,9.085876469605592,2.2426810126934975,1.6057789516489172,-8.484016574834024,-10.049355331415166,1.0983895177245682,10.15251376672382,-2.336599340631167,-5.115635293248365,0.4800167693510309,-4.993347565227868,0.1037459221120276,0.19509336213291306,0.22581565435374695,-1.6715825398895316,-1.0366640736521238,13.007455390840253,3.2695801159397573,-12.24901195860418,5.690306600619131,-13.805880169025171,1.516397586072034,-8.903600948893345
4.635605023940305,1.7911137829956791,0.32955449935230896,-8.14862428579189,-8.389056662784569,0.776066399697757,-1.5009540181874923,-1.088425614626057,16.169230939333563,3.8262013801781127,-12.02856495519802,-12.808779931663091,-6.882394637399777,-0.27479913030720093,-2.083761280055501,-2.122069277890489,-2.5326020643927656,-4.631781152974965,-0.7892781795550792,8.795723524482977,1.087244105501305,9.343647664712094,16.912663766869734,5.0275441765106486,-4.464940074073242,5.831317879731223,-2.7358756054290887,1.8494793436390797,4.650838651222516,4.0883014627412475,4.477157743679126,-9.037738569026,-8.418283905742243,11.185429470033235,-0.7333293075312238,-4.260652074099297,7.661154188622576,6.449195811656393,0.19509336213291295,6.266084971277527,0.19611074605834888,-2.9834340547648646,-9.65639271931484,-2.41026029677882,-6.858272840305215,0.17670644209183883,1.3979264614890061,0.7467907413170407,-6.2992540263505,-12.806685049918658
0.1232333658969586,-0.08248435552100963,0.41021086293282527,0.6364272921856166,1.2509879635130021,-0.3781719673579387,0.1410160696178432,0.18377151989045615,4.265994123664414,-0.45021416702893613,-10.685352241062484,-4.951618620915248,-1.6524823279396772,-0.38105650716140516,-3.4816790328819187,2.1779732512759993,0.285063441873741,-5.510751260447898,5.760070776056783,2.6113356204868285,0.9053178864683067,1.8875659164703942,4.472198298465131,2.9212183575070045,7.650280255592758,-2.512366157075756,0.3976858769178686,-0.9229786503948362,-0.9682246758128613,-3.180963065406558,1.1753068119484513,-0.5860342050648238,4.233023645014991,2.0617920841759836,-0.014826070801072677,-0.058869815526501945,-1.4560915918438508,-7.997547751703137,0.22581565435374706,0.1961107460583488,6.083341657364192,0.8471241730277785,-6.933680286294466,-3.0617254001506105,1.4094123527665334,-1.79757515829796,-0.6093576808037031,4.899918822318421,-0.35924361770939717,0.3102190962676703
4.2516210449235885,5.141040992965047,1.1702835726304517,-3.9701964298911516,1.3812097261477687,4.087303100256424,4.4061673813747735,-3.4399373514320883,5.6132854860345205,4.107243917622244,1.9022934612035636,-9.43524802410028,-13.27950429527083,2.627946967227584,0.7934116428137601,-7.384168385810292,2.3925135908783437,14.155114768965497,1.5730910942271987,6.711312890028481,6.437926989023424,4.677833540914368,18.133965387361368,6.6628155255996875,-4.515401175844673,-0.8347053298909465,1.8841893159558134,5.268683456668344,-2.288988655293206,5.866192085658924,-14.547888875746992,-2.2638904703755167,-17.30853425184535,0.9019445084689831,1.3197585611985403,5.209745685466463,6.626604882448404,7.684608125488579,-1.671582539889531,-2.9834340547648637,0.8471241730277789,13.48847864141036,-8.111361377782679,11.845708745245776,-6.586679276619456,-11.299353833265883,9.452412898093161,-5.332537908979717,1.6192897563494137,-7.775216354182125
-1.8803834277648699,2.4958781897611404,-1.851036706463919,-0.1162992584576264,1.424327828180982,-2.5082892354941553,5.440776994172045,-2.0477531574631453,-5.366554473171084,1.0406215335256532,-4.656191558209971,-9.908774632295469,-8.88135973830833,-0.6502693378026646,6.119104484690548,-2.431472742803665,5.997454052964358,0.14969550277541077,6.628804770876835,3.245360033473621,5.922166425735901,8.115114227210785,4.363874551804303,8.237466811875555,-12.187864015721106,7.138576130263724,5.09806133332525,9.034269979794104,3.0831869008664894,12.711573700323406,-5.800144699081906,-4.383322687529195,-11.239777153913783,0.5485247263337438,2.678989193437549,4.121056164489464,10.642878912597801,11.723779969339883,-1.0366640736521218,-9.656392719314841,-6.933680286294465,-8.111361377782679,-0.5708792665996727,12.825067437555726,-7.423971604757258,-6.889162959820163,6.972196313898549,-3.4919936304483077,1.8243799621490124,-7.010391100426516
-5.2254412205546235,1.82534808291808,-5.447220765278779,11.002716228501221,11.691318068844982,-2.6976272389841487,-9.438312589489717,-7.582972448762255,-15.040586531627623,2.2748441071392973,11.582534123241595,9.836056750909005,5.644287278674234,5.094490090081272,-4.597221937171923,8.752713959329702,-5.038822094247732,-2.9451416716674053,-8.14458353507326,-8.623274478162292,-2.775732975889465,-9.240688692936661,-4.2904879136550305,-15.049996702217125,6.067988062470364,-8.015729645285472,8.075122971436693,-0.16812549650289843,-14.105890914296554,-6.166717782891814,5.445589181872921,10.815032830543453,6.29889092638896,-3.9216885674032906,3.0260264196295896,-4.654772287103552,-5.824558318906103,-9.85551941980318,13.007455390840253,-2.4102602967788185,-3.0617254001506105,11.845708745245776,12.825067437555726,-2.350332347922011,2.239034240378328,9.17256553627777,-2.3891791896161316,-2.1586775096207043,-6.064116584542118,5.206715578666791
-4.89716238277065,-2.5208748597392012,-4.038990308262057,-8.861336305544988,-12.744738400349137,-3.2091361243490426,3.9777738621756313,6.49999691879433,2.5510979093754855,2.225031156790373,-6.0859069666556955,7.895876362588707,-9.223492747517854,3.111616818089855,4.552083894971859,0.9254534391591691,-0.8264137984535416,-1.6795929496976092,2.248205938255018,2.488908648781565,6.675216543342632,4.68570604732959,4.095338989055897,12.018300877570429,-7.61151377240067,2.372719425416374,7.639299999982944,12.427662220239654,-6.235175277261324,12.147765468580186,-9.651505853938609,-0.6957274267172172,-11.688314727617488,8.620589507384725,-7.3008384026653435,1.2239420289936191,2.040787902660821,9.155102222007974,3.2695801159397577,-6.858272840305213,1.409412352766534,-6.5866792766194555,-7.423971604757258,2.2390342403783294,9.712380509295679,-9.573228497558018,12.078337815466805,-4.034082875266736,5.824613305035371,-1.634507041134555
-1.0341072296317395,10.312385537611325,-1.696196751786239,-2.2853345250964026,3.949729024396583,-5.377911300818252,2.421923510328739,0.9696009381413774,3.5299643275748456,-1.7431019497712532,-3.302603522424281,-8.389655388147471,-7.011660278160376,0.860104103860098,-5.382568917395028,-1.660400529916747,3.190769808161397,14.134487099761184,-4.1694585970481945,-4.019176504888532,15.049607562715122,10.88572853485199,6.827873457616219,2.772915408466411,-14.000277224501044,4.514720644476961,1.1080485057138116,5.313921851731701,0.14009592503816087,5.0349877847666615,-4.05570900394999,-4.1460748334215385,-3.193159072062759,1.348806340546159,-1.8365673643753753,-4.898191512451261,7.781589304804684,0.4634940327586673,-12.249011958604179,0.17670644209183806,-1.7975751582979602,-11.299353833265881,-6.889162959820162,9.172565536277768,-9.573228497558016,7.090594506815217,11.760869593475057,0.7780506829228244,6.487112336279272,-14.694303114686189
-0.6635146058187653,-4.92767141674807,-0.556934817825511,-4.3413842903073805,-3.3570496977700643,7.482947739009905,2.013864514313362,-0.8951388397332241,-16.356327085617348,-4.398715115489899,9.269560428600302,2.4615859716011776,-3.1795144907809627,1.768016877603788,4.886446894303338,4.82134121550397,-4.7054084669467375,-7.732154260018011,-3.103494763154976,-0.7158498554744996,-5.175876277494111,-13.548244177739729,-14.440094684651246,-5.993162439191767,3.7095542918127364,-2.1785246764597463,1.3594315368212764,-6.417131211189612,-4.041488404904228,1.620521966056383,6.900636865133079,-6.306237936381897,9.031494150023464,-14.920792288873963,-2.2957449451002097,1.0924415353617687,-15.398120537933664,-0.3318804830767532,5.690306600619131,1.3979264614890068,-0.609357680803704,9.452412898093161,6.97219631389855,-2.389179189616132,12.078337815466803,11.760869593475057,-2.911209269549226,6.444781043121134,2.0390923588019425,-2.0285227347987753
-6.443740375000729,0.9816925556712637,-4.928224176870968,-6.241670443500811,-7.5414896550403405,1.1767345509024376,-0.28217141534762924,2.359288156675259,4.926372074910439,-1.6639441944206637,-8.802110007333674,-13.461647775211093,1.6729053658966542,-1.99613870049204,11.695302673883617,3.2051446690291945,-3.5623075088635625,1.9901927995525222,8.972411897171533,9.572129004746406,7.4275762156931755,5.964167475230679,-1.2149459756543264,12.04221655790569,-1.1216560067050754,-2.561417670897426,4.628243848986698,-4.004958655567454,2.5285098923513383,4.992469532465691,-1.1160633452846207,-8.982439115027763,-11.323535087935868,6.200065073724881,-5.33848708466288,4.2770391761935915,11.250687396459456,-1.2434694235418022,-13.805880169025173,0.7467907413170414,4.89991882231842,-5.332537908979717,-3.4919936304483086,-2.158677509620704,-4.034082875266737,0.7780506829228249,6.444781043121134,11.423153809395426,6.137171895336549,-3.3444538976964626
0.029638154432261143,-0.07322222584745863,0.6802647997092098,-5.293503152196182,4.487005282380771,-0.4811691408529518,0.2561179435533342,0.2005765248427187,-2.42639362059309,0.7617004763434536,-1.153222616742152,4.900210925284407,3.480389517472631,0.5444728248085524,-1.781059474654354,-6.0573813073348575,-0.07245345817463722,-2.833476070409274,5.258177748269454,0.5721467946851055,3.7602827439645883,1.9100282781820745,4.526707302693008,-0.6491323220689696,5.28811968068244,-7.091063609170316,-0.5062817211211419,1.0687741582942663,-0.040659214631839746,-3.449934829190043,7.02674192777777,0.04933656902954522,-6.515351871189769,6.037888523671356,-0.3516292927707272,0.6036456194570865,5.510558735586994,-3.358857942247016,1.5163975860720353,-6.2992540263505,-0.35924361770939717,1.619289756349414,1.8243799621490113,-6.064116584542117,5.8246133050353714,6.487112336279273,2.039092358801942,6.137171895336548,5.43385193997787,-7.732708181284458
6.901784247243532,1.9434493696912445,10.121445225010973,-12.598304934060957,-4.984408937086105,-0.26887547395027545,-4.114134814123538,-7.442194850782898,12.057367187321232,-6.390854265243151,-8.994929820920111,-7.6357535215395185,-4.771705415276384,1.4782535786699167,1.1507745780936176,-12.161927080870875,9.740072398339588,5.815887936822791,10.49325222225988,0.9319799654500591,-2.306080844890693,2.1949872925901746,-1.9305110336244624,11.971835725140314,-6.853864893001238,-3.2776434556415674,0.3229307127278229,-4.045256754956269,-0.723580404469635,5.805287236438618,-8.60687492538576,-14.980735486395712,-1.01756410812173,17.698205757485837,-2.1637074902879236,2.371705755438867,-2.128725155461551,4.897483129575729,-8.903600948893345,-12.806685049918658,0.3102190962676704,-7.775216354182125,-7.010391100426516,5.20671557866679,-1.6345070411345544,-14.694303114686187,-2.0285227347987744,-3.3444538976964635,-7.732708181284457,3.489058984873335
