n
50
c
-201.22578460117367 -179.47764546442258 -151.80263056970225 -29.37755167436978 -168.69081672782107 -0.48575280607860316 163.11645324999265 -169.16966199688795 171.62158441783123 147.7492766658473 -199.03638570047852 -163.7220458808269 -160.87291712914998 -14.043244108866812 -14.47628498919167 -153.64090249561482 160.81761599787572 5.72604790709864 17.814587348628553 182.61371172524957 209.81961724819277 -21.614246548912234 178.99657751802147 -153.71974989798434 -153.55041969257718 165.19963032674457 -192.213272777071 -171.1483505764926 -170.67806679240192 22.080622599826192 -193.84326950264852 0.7950147333236597 115.30791622793026 179.030336849667 -38.0578911074806 146.71122012911349 -180.75924601445058 -187.4223981608791 -7.606241052168072 -32.16421963163595 11.571193507082093 8.618693563542339 -16.622854791609853 128.1230530048088 -166.7817140389625 196.81992015982718 -15.259437521653512 142.43307644217705 151.30127742713185 29.414714182218194
Q
7.007816356860564,7.803171660237514,-7.365959549510868,4.403955824706155,-5.185252977190071,-2.7832506672827457,0.25856680778683333,-9.400509163340121,6.850280558502028,-0.8653785089224454,-8.0542787850549,-3.6877054656541537,-11.73847082609322,-7.1482134901817105,3.097628168115677,-4.202286937108821,11.813099686604462,-5.705248649532178,-0.13450737435439653,0.527494154962993,3.933436984231615,1.0906209484674814,9.126893837593135,5.639203923086927,-8.67267659913006,7.509612522895574,-3.1270560384604926,-7.7636890055559515,3.604208654202524,0.5875865110037313,-10.567041438396084,8.563092635788887,9.677137381927874,-2.2748584881939884,5.774563503405849,3.34163283713795,-11.070984012210321,0.11993585585384117,2.3557847504395664,6.557466234566977,-1.1181413189870297,-0.6602795792113849,-1.768389896314286,1.1211440975843003,-11.14476220728419,6.643726003338579,1.0119130674393784,5.09236218880108,6.5234314315895645,-4.925451190684413
7.803171660237514,-9.050430317535653,-7.041085866413506,3.940718855983903,-14.68128122208107,3.792596973115324,16.294855638701602,4.3580639885918675,-2.7201243172100176,9.153295489219662,-1.849032589833153,-7.496141089022786,-8.293103889564527,-6.1773058084554915,8.32129262734821,-6.0297074877410735,4.211989557879329,-3.6681738336472853,-0.6489535325831959,-2.18189430216959,8.666595799674745,4.9612144661753,9.858306408831044,-6.912599840053264,-7.218342020609256,6.913060142971425,-8.13386654169119,-5.661454465790835,-9.289655353162624,-1.548157797865582,-11.41741057590539,-2.3546600047418798,9.157496541724674,6.502881296075596,0.8065530068278002,-1.9213872314371674,-5.858262645203684,1.4708105303686851,2.237713986166086,2.962236753278863,-6.215900112774321,4.564299220069194,2.4438387004766744,2.919449151736025,-0.8927475176904797,8.177520104147689,-3.707170792027629,6.745801118170865,5.5537070406748805,-3.5225750335979806
-7.365959549510868,-7.041085866413506,4.344717056443379,-3.479654891823271,-1.226672187624109,-3.594176164475182,2.952518271340456,-14.087812101305218,5.752163054812003,-0.3757743917811755,-5.372165690728606,2.6147230000980346,-3.5948694358074142,4.951164819230659,-6.217448681827517,-14.178621258095344,-6.582222747799371,-4.76071343310491,-8.627080001661845,6.034555355735835,1.0761760200156734,-3.662594253649243,1.2478463364510044,2.173066906090894,-9.118147478425833,0.968850188091412,-8.418265559293305,-1.6888159597497012,-5.265122265418201,3.1873501864947174,-5.371674244768782,-2.781062383355228,9.94553303554582,2.95776798658685,6.017900152819449,0.7823558448684882,-10.760715084424247,-4.107832641129055,0.06886060791803472,6.89929275345043,10.019235408499808,-0.3904678952032412,2.125989232888953,15.256408326842879,-1.1823853628469005,6.575979360986653,-4.332413078676825,3.856593224561693,12.890608522404136,-1.8870514924279456
4.403955824706155,3.940718855983901,-3.479654891823272,5.379808650210589,8.556980826185198,-0.38158295976346834,-1.309398208418809,-3.8726272836922133,-6.233838428149425,-5.996637545141653,6.132344205300224,-6.215717962124684,-3.154650371462536,-0.010861796358573761,0.19402987141874695,-1.7790787156922154,-0.6768978816364251,-0.2289461715803704,0.01398729635808893,1.9451927216779326,-6.076995328532442,-0.10471172306856957,4.395902516839813,-4.023691395375983,7.2127522821406895,0.27267408483358685,5.355867533812588,-7.207708544914808,6.850171636275142,0.47859180428053505,-1.1937800384248498,-0.1972646705851615,3.3218983523915044,4.893060832112829,-0.4176197925837054,-3.7438918369916814,9.256576482715332,3.313581578284125,-0.35287910687561064,-0.0723607175797279,0.6294615168952754,-0.2572636160715661,0.014665118980468073,1.1867490137004117,3.062005358877091,3.571423959282483,0.24831462059598608,0.9517957153231718,8.401159121930018,0.6712751716106062
-5.18525297719007,-14.681281222081072,-1.2266721876241087,8.556980826185198,13.840972127438171,-0.5348647925737848,0.8845476786125274,-1.4190164112290302,-0.26803778853478166,-0.47563660180821277,-5.752770918004227,-5.084034415029967,4.361315559681884,7.754703592380818,-3.9492065655721245,-16.244748484088724,9.623936613192884,-3.447134959602462,-10.066622921543768,3.2288123411511402,5.0726072472089685,-0.4573070657656986,6.028737291918195,-4.075934440094718,-7.631741962101732,0.8392096043580896,-7.142096650160977,-8.318417433619517,-10.821640751354039,-1.423641852408485,5.340989129670295,-6.70709758948281,13.132122821432615,5.836106614095305,0.5982526745002194,-6.786924618725973,-7.999290750114976,-2.0961813091123216,-6.190541370197515,-1.873828435307132,-1.693372497962176,-0.49383559755808215,8.578776659390416,-3.0712669368068237,-2.780553738346873,0.8863260282918055,6.517153140148338,4.796837528933095,6.387773709938721,0.4125775241090355
-2.783250667282745,3.7925969731153253,-3.594176164475184,-0.3815829597634673,-0.5348647925737854,4.7851726267292385,-3.681661605902524,1.1926864283780214,-2.7327786536066014,-5.744024671791126,0.2979249661590615,5.859878047217783,-4.064738480744424,-0.5285181811778629,-0.1460645569730083,2.0813068416608913,-3.201286814476453,0.1001380058081818,0.05340590585801047,0.36751369442564785,-3.2671089225674526,-0.4703408204245635,-8.930866855145457,6.665668539970168,-6.474552672250989,-1.1610887548659083,-3.00095749102655,3.5767900731741133,0.5881317852184169,-0.12721094114209353,-2.739530932134622,0.3726584624559516,9.304478984321635,2.6445309061029345,-0.21085624889188415,0.6972242392232587,-6.303061635702168,3.586897612454515,0.20514178595639676,0.7063122047612849,-0.2987416053643419,-0.26675469815274633,0.67386891324651,-0.8661789177316515,0.07127439662360646,5.242542594326826,-0.17082189701561729,-1.723437668269998,-6.9039865393160245,0.027497210364976432
0.2585668077868339,16.294855638701602,2.9525182713404567,-1.3093982084188092,0.8845476786125267,-3.681661605902524,1.335573486255477,6.966419378157374,-8.72141804023336,-7.8813731938844205,3.1668856572338484,3.752708450630289,-1.2696961544797385,0.185591975723991,4.493459308687446,3.3385310892867786,8.16258646970034,-9.666185196636622,-0.7399434021381386,2.1367563084994874,-7.397783415606772,-5.408165149832572,-0.040983237789775195,-2.1778159733382845,0.3531559957595597,-3.5906788247827146,2.926731211473448,11.342592637310736,5.9766793032800445,2.6616294768777147,0.42852732294257057,5.927447802324024,0.1376518508617537,-6.4551855809500935,0.9658379172166552,-5.876736953023069,6.049567875138103,0.8637530940900756,5.248258181213146,6.627686116182204,-0.07128108686561707,0.371952490291264,-2.9807931578852918,-4.781136621419853,9.56949965726583,-2.8664557942471216,-0.1584945782089886,2.1278000066486458,-1.2366774598524644,-5.687825709315772
-9.400509163340121,4.3580639885918675,-14.087812101305216,-3.872627283692214,-1.4190164112290309,1.1926864283780203,6.966419378157374,-8.118717722954532,4.64863076368703,8.59031475939576,-4.410605717069094,-4.058290789190134,-10.424353334856654,-5.15153973161965,-1.7539876687318208,-3.6353763557827072,4.656481960800202,-5.722238767996529,-1.931835575055411,8.915403314363637,3.5902222685484944,-6.522878807132951,-1.126992960071456,-5.4016748172382,-6.121769524051483,4.884753650244569,-0.28812284812640937,-11.064648958341456,-7.6442107147124,-9.043944814005261,4.421783979965319,2.1184674836016453,6.640717943422912,13.166354181212082,9.875372282602076,16.198679740374995,0.11058911094241505,-1.7594899683812244,6.145822135318845,-2.263937995022394,-7.907525725352131,-6.053833364879707,2.140615862352844,7.535660709147212,3.8118556017743392,5.865305407426871,6.848782177465162,-0.08871482029684741,2.022903806250257,-4.28629713522134
6.850280558502027,-2.7201243172100167,5.752163054812004,-6.233838428149424,-0.26803778853478144,-2.732778653606602,-8.72141804023336,4.64863076368703,7.857203060520625,-4.587959201007452,2.8040620090523523,-5.116129454116429,12.580578638202205,0.2116499155347218,-4.308032409126978,8.32975223432752,6.094227021184963,-5.581762352052555,-3.8322289825555234,-11.199835842414528,2.2582036098432328,-6.9058412855487665,-6.881156776619851,11.994255279534018,-2.0196264763800995,-2.472555539645503,0.6089230358442368,-2.307412264444247,8.512325563120415,5.3326401442132925,-5.019566007864304,-0.8142259132235752,-3.518539210077483,-5.87806123032854,-0.6521874025111172,-12.770503896165351,-0.08375896792760529,4.653388312051758,-1.3540678243682176,-7.158096852142852,-2.9599148344202444,0.7135177930108912,-1.9519648665399902,-7.922312988143226,0.9182702552446026,-5.182317723066347,-0.854157059847796,-0.7691869270026375,-5.38033147259252,-6.4039694073545
-0.8653785089224459,9.153295489219662,-0.3757743917811751,-5.996637545141654,-0.47563660180821166,-5.744024671791127,-7.881373193884421,8.59031475939576,-4.587959201007452,-7.944567194271641,0.8553466004015777,5.113448319099881,5.222974613997638,5.295880550105462,2.8322845862089547,7.88725801180688,-0.523579088900171,2.281462427581858,-7.023395243562607,-4.980930415082194,-7.807784430923837,9.83259260146673,3.69148315448205,9.599470829495722,8.163501856205283,0.8850557178167134,11.104219190584141,0.80638014947466,5.1009548834743565,-2.3276295593478107,5.554208023454949,-1.149094896631711,-4.439978202775593,-1.8434361169107116,-5.312880939746234,-14.800905320584437,7.025636040568345,8.040020987028626,4.449403057114816,-0.9105333142974029,-5.04956359522917,-5.386400263846871,7.516396476469051,-13.298315227718223,-5.891473657130862,-8.907568573525138,-6.533568485442504,-5.13607217389573,-5.162125535063229,-0.0009238092424097011
-8.054278785054898,-1.8490325898331532,-5.372165690728605,6.132344205300224,-5.752770918004227,0.2979249661590607,3.166885657233849,-4.410605717069095,2.804062009052352,0.8553466004015771,12.755536642044413,-11.727305038557923,-7.765017444992228,6.214261705366935,6.3263877798137536,7.291245938668477,1.6180620481144983,0.4899537161127597,-5.257259798458075,4.540749101686436,4.633899914028213,-0.29828631752691703,3.570884192135185,-1.8171338767767127,-3.8942145336741776,-0.8926270876541409,-2.8956247455274156,2.326025506571571,0.7396086567479633,-3.8436153358810072,-0.9754473619047441,-1.7680675173538485,1.657687432200307,2.619670436436354,1.6978967503905404,7.10062863345342,-10.5494862228831,-1.698869881952671,3.7380277289425017,3.8499958301467685,7.920620637360104,2.6661595072205637,4.719150964870893,-3.374463132572388,-5.648263377588135,17.866262111606083,-3.243591464575294,2.356725379754055,-0.5051727182254815,3.77061106368033
-3.6877054656541532,-7.496141089022787,2.6147230000980355,-6.215717962124682,-5.084034415029967,5.859878047217784,3.7527084506302897,-4.058290789190134,-5.116129454116428,5.113448319099881,-11.727305038557923,4.170992217742683,-8.783231691805756,-0.8273701519119288,4.901580551580981,-3.8158223607790425,13.456487818463183,4.940222200951737,1.203386466368679,3.3057114091064372,-0.08555770624298686,2.451934443695907,-1.0486849724148852,-4.536090477270273,-10.140275423324086,7.484549746605333,2.606769471824762,0.2880281414752883,-8.034980662883594,-6.888002990711188,-6.875139198974602,-2.4750560136296906,6.761125003258385,5.0768073176934765,0.14480937369049984,4.107923098304318,2.134189847446682,-7.435633397808451,-6.968013328484821,8.934214807456277,-4.647569410213599,0.8630717675540529,0.06104692410529752,5.688574685620449,-13.910950831678347,5.608842347769577,-2.2755370398697594,6.013573719444631,6.618188611820968,-9.972416246730909
-11.738470826093218,-8.293103889564527,-3.5948694358074134,-3.154650371462537,4.361315559681885,-4.064738480744424,-1.269696154479738,-10.424353334856654,12.580578638202205,5.222974613997637,-7.765017444992227,-8.783231691805756,0.3209743072924942,4.853439479331609,-3.8628875187017986,-9.017054328928497,12.915788115283958,8.562103521534747,-7.569997289028926,8.048559204872564,1.7840077537284615,4.808313615239683,7.085839577901162,1.5224862329488187,-10.851833994852004,-0.46823491016607766,1.9076142092612987,-16.89345991677493,-4.178406067484615,-6.14347396118454,-8.757781882615383,3.2854607908877376,6.387933270155708,10.054934760927756,7.090485292937412,5.1365096487672535,3.6512566327510343,4.9890461516893385,0.7003497813468152,-8.836508089620002,-7.789235004917516,-1.714591102982997,3.697052422864419,0.8272618327333245,1.3112433301810635,0.8250014359679247,9.519789331276506,5.794662628497799,10.367370954183972,-7.82898981781774
-7.148213490181711,-6.177305808455492,4.95116481923066,-0.01086179635857315,7.754703592380817,-0.5285181811778621,0.1855919757239926,-5.151539731619651,0.21164991553472023,5.295880550105461,6.214261705366935,-0.8273701519119284,4.85343947933161,5.269760705811972,0.028045906776362844,-3.1404769826371255,1.0877700475268273,-0.18949046587454316,0.5183449385220562,-5.954814909219191,1.329774065097471,-0.15303611631488168,-1.739766693624755,-3.209125114416999,7.857627368592771,2.769934615024021,4.1199725738238495,0.0372154992934024,1.0431653821992868,-0.15437386119460905,5.014826503012879,0.05281267416086055,0.24940570175140409,-1.5455384944787574,-0.17641496858297256,0.3636001737952944,-4.630948182519768,-3.50337598260104,-0.2828929730629566,-0.19441442742614579,0.009802896819502194,0.0955961469687133,-0.9600091516540971,-5.133234548591295,6.620977149939483,2.793612965338855,0.40941360896771706,-1.9806411976903677,-6.8630793914148205,-0.1588124405881458
3.097628168115677,8.32129262734821,-6.217448681827515,0.1940298714187454,-3.949206565572125,-0.14606455697300813,4.493459308687446,-1.7539876687318203,-4.308032409126978,2.832284586208955,6.3263877798137536,4.901580551580981,-3.8628875187017986,0.028045906776362678,4.440312027159186,9.068691546820316,-9.121361008005081,0.11061620251974014,-0.28430950751202255,-2.589347379031328,-3.0855788405780613,0.3597734817082612,-8.170077639933448,-5.156666563666112,2.3476452754293464,2.208109263020513,2.686112276736261,-3.88536301850046,3.9935298524070184,-0.2130521919102064,-0.5974811300418945,-0.1905577498884834,-5.6390548152222255,-5.6038712221926374,0.051508299465845675,-4.576361819729071,-0.04875781083630687,-7.682452166126029,-0.24542396724130305,-0.4692418400118338,-0.45469653013211275,-0.21254097711529518,-0.16945663033878627,1.452767077694244,6.3570220250823795,-1.1941946635717644,0.0838982092289553,3.7136994855830743,-5.416740913615329,0.5739406280362851
-4.20228693710882,-6.029707487741074,-14.178621258095344,-1.7790787156922159,-16.244748484088728,2.0813068416608913,3.338531089286779,-3.6353763557827063,8.32975223432752,7.887258011806881,7.291245938668478,-3.8158223607790425,-9.017054328928497,-3.1404769826371255,9.068691546820316,-10.185055585614986,14.047057027232952,6.377793278255858,0.2091502902853043,-0.8980717282639556,-4.2629880203546255,1.0188750162369717,2.1245604053812515,-9.625865142431131,-6.105595049035071,13.752512891881747,3.0232685020378174,-16.2397072534445,-3.556052924469858,-3.8489917401571443,-0.21636957187954636,-1.1758128584859675,-1.1269428672564255,3.4986036385499046,-0.1499712611420123,13.449175733105942,2.3791060215556246,-8.885479783819688,-6.861030722104492,-4.79885709828141,-1.2250000277934359,4.803766211255494,-1.2341315839388751,10.547563587372267,-5.704317766234684,1.7247699564405994,7.417104129908735,3.59444564669679,-3.906481004466766,-2.4897633419710763
11.813099686604462,4.2119895578793285,-6.582222747799371,-0.6768978816364255,9.623936613192884,-3.2012868144764535,8.16258646970034,4.656481960800202,6.094227021184962,-0.5235790889001711,1.6180620481144976,13.456487818463183,12.915788115283958,1.0877700475268266,-9.121361008005081,14.047057027232952,6.863861138658535,6.899780665971897,-0.607271033771086,1.7886690867729533,-14.258301152731912,-2.191233339002445,-4.5885009575676765,4.931262527253085,-1.0334190401071157,-1.9923656773569582,4.619247054957652,-1.8339953921601917,0.18929818438744683,0.5220078742113983,-1.1447651945742772,7.948998643874475,3.6948454217975897,-11.104525043038743,-2.7405554055538452,-3.6934569117515026,13.741660177474333,2.8781585543097026,9.916055452502121,-1.460379586310897,9.300891269799589,-10.287416676796171,-3.8727552992257213,-11.141269697867173,-1.7494578564275889,-8.41109933973678,-5.03851540825108,-5.905303760660463,-13.397532503164514,-3.738095170255693
-5.705248649532178,-3.668173833647285,-4.760713433104911,-0.22894617158037028,-3.4471349596024616,0.1001380058081821,-9.666185196636622,-5.722238767996529,-5.581762352052555,2.281462427581857,0.48995371611275906,4.9402222009517365,8.562103521534747,-0.1894904658745431,0.11061620251974053,6.377793278255857,6.899780665971897,4.646905034051782,-0.13954146500444486,-5.71482755095853,7.286252762210693,0.5174981024095151,1.8474190959483732,7.420715784665434,2.072635567839413,1.568523455164102,-1.6721503802677629,0.07860163076267734,-6.883200976607994,-0.054655647602562196,-7.208334744560602,0.21572242761829663,-3.0958398999286203,-9.45833663453999,0.01149015089628258,5.133330125781122,-1.1319191516185358,-0.23968467419123743,0.33719124928359995,-0.3512588792765072,0.3881432422983968,-0.22974755424570015,-0.026480530677592595,-0.75074669856367,3.1327732592842357,-8.944535464894507,0.02460301756345265,0.08904347202815993,2.586695292632187,0.3452758870209992
-0.13450737435439608,-0.6489535325831958,-8.627080001661843,0.01398729635808893,-10.066622921543768,0.05340590585801079,-0.7399434021381388,-1.9318355750554113,-3.8322289825555242,-7.023395243562607,-5.257259798458074,1.203386466368679,-7.569997289028927,0.5183449385220571,-0.2843095075120228,0.20915029028530396,-0.6072710337710862,-0.13954146500444498,4.740951396003823,-0.9214169816313595,-5.157246637257134,-0.019530000886385235,0.4405672135894051,-8.671599608548707,10.038697114596875,-5.093686008312369,-5.364379067093001,8.109909583499414,-0.365136458147165,-0.09010247174236347,-3.474962562592419,-0.1050444309970648,-2.47426862191078,-4.952870493965215,0.4919683517035507,-1.4967588664483384,0.2178092916300336,5.020739443299688,0.08698922300817158,-0.07137406040138099,-0.16880998229700034,-0.7083651845903962,0.652695165975541,-5.150741405897876,8.615827432915468,2.4094787965140485,0.0817110438077152,-4.7746222337944655,2.1751358072850855,-0.17590327629028812
0.5274941549629935,-2.18189430216959,6.034555355735835,1.9451927216779326,3.2288123411511416,0.3675136944256483,2.136756308499488,8.915403314363635,-11.199835842414528,-4.980930415082193,4.540749101686436,3.3057114091064377,8.048559204872564,-5.954814909219194,-2.589347379031328,-0.8980717282639561,1.7886690867729529,-5.71482755095853,-0.92141698163136,-5.324961749788872,-13.756744102707474,4.632204188574635,2.760186733080383,2.5797488467177105,-6.261830722648719,-7.113558403631306,7.591034994091805,5.039494742569542,3.938174997269619,1.681977116396914,14.792465487704067,-4.078848393419305,-14.798991072617541,-6.053534960310356,1.3781055964795081,-7.087368032677142,-0.20603539536784804,0.44877053237231024,-0.42594865875859894,-8.35500453518387,2.4827207644939877,-7.038699925390903,6.907374861795851,-5.59682561606283,2.706178585413351,-6.027840061617763,-5.456542269058772,-0.6745218733405436,-9.437008429472732,-1.1142473642063744
3.9334369842316153,8.666595799674745,1.0761760200156736,-6.076995328532443,5.072607247208968,-3.2671089225674517,-7.3977834156067726,3.5902222685484944,2.258203609843233,-7.807784430923837,4.633899914028213,-0.0855577062429872,1.7840077537284613,1.329774065097471,-3.0855788405780595,-4.262988020354625,-14.258301152731912,7.286252762210693,-5.157246637257135,-13.756744102707474,-9.23830190162248,4.237514511313874,-2.875415075666367,5.6533573906070025,-3.0144990374668854,-5.99249599637496,0.6680791301527579,1.845342473966006,11.952752834048178,3.2152023208811054,9.582840790363797,-7.026158650754528,-4.182056902997319,-2.994168194493935,2.399330607013308,-0.8632153167506251,11.082423803113032,11.608893865069366,-1.2094376019995448,-6.595984337738742,0.23542578356774724,-7.509675904355099,-7.3733414707732825,1.8024890197852834,8.47223805697891,-8.265603788296149,6.707793172338073,-3.351606347862104,-12.91125863790098,-0.7298399376579008
1.090620948467481,4.9612144661753,-3.6625942536492437,-0.10471172306856963,-0.45730706576569885,-0.47034082042456277,-5.4081651498325725,-6.522878807132952,-6.905841285548766,9.832592601466732,-0.2982863175269167,2.451934443695909,4.808313615239683,-0.153036116314881,0.3597734817082622,1.0188750162369709,-2.1912333390024443,0.5174981024095149,-0.01953000088638518,4.632204188574635,4.237514511313875,5.082206125739223,7.009214651366949,1.483083283408267,10.194253060099435,3.852003542739925,-2.9186998536192963,-2.1768529244573127,6.124934431450346,0.19091888201277246,0.28783560948073683,0.2623824980682501,-8.171931926138303,-0.39035813132973096,0.1749533142973701,-7.032994800546858,-1.1742378106840956,6.08396823454055,-0.10000830745803935,0.051044234434727664,-0.30550157174041187,0.24468970248548372,-0.44175359523927016,-2.1313120896238127,-0.06792737905974844,0.8354269125601025,0.17983980797828614,6.704633546683086,-1.0233566986991711,-0.27806792125885993
9.126893837593135,9.858306408831043,1.247846336451004,4.395902516839814,6.028737291918195,-8.930866855145455,-0.04098323778977535,-1.1269929600714568,-6.881156776619852,3.69148315448205,3.5708841921351846,-1.0486849724148852,7.085839577901161,-1.7397666936247542,-8.170077639933448,2.1245604053812506,-4.5885009575676765,1.8474190959483736,0.44056721358940476,2.760186733080383,-2.875415075666366,7.009214651366948,4.864058261660844,-3.1434407550844674,6.357827592334013,1.1639164078878088,0.19418826331511702,6.322336193754729,-1.6174102430260306,-0.8157327810276169,5.974710813744782,1.57078776580849,-0.8351496682831915,-3.5112522831664865,-3.4131343880067107,7.636405377366871,14.362769316959575,4.918463998431193,2.4070364469389807,1.3834263655354815,-9.99590659658964,2.526875813399509,-1.160761959680212,-1.1260990425214206,3.199176901475442,3.843129828357435,2.525553182463541,-8.810385898121082,-1.8055370426222226,2.036686571662111
5.639203923086927,-6.912599840053265,2.1730669060908934,-4.023691395375982,-4.075934440094718,6.665668539970167,-2.177815973338285,-5.4016748172382005,11.99425527953402,9.599470829495722,-1.8171338767767127,-4.536090477270273,1.522486232948819,-3.209125114416999,-5.156666563666112,-9.625865142431131,4.931262527253085,7.420715784665435,-8.671599608548705,2.5797488467177114,5.6533573906070025,1.483083283408267,-3.1434407550844665,7.622766378711269,-15.097419778870709,6.314714204843245,-0.36712212711726894,-9.467567223204346,-1.0057706380959233,4.045695620442436,-1.6722093355478107,5.265681175709841,-2.658437747883731,3.0386418167301326,-3.7950680903075202,16.369283873420883,-6.794005510220533,-5.0890395528519425,-0.14597323809211515,7.673396770044813,-2.8152799588466126,-6.174269151252044,-8.50018748812538,4.1407600212248985,-10.175060540042615,8.279232151169749,1.473433362085214,4.395671101830525,9.597444521125956,-1.599015488637302
-8.67267659913006,-7.2183420206092554,-9.118147478425831,7.212752282140689,-7.631741962101733,-6.47455267225099,0.3531559957595608,-6.121769524051483,-2.0196264763800977,8.163501856205281,-3.8942145336741776,-10.140275423324088,-10.851833994852004,7.857627368592773,2.3476452754293473,-6.105595049035071,-1.0334190401071162,2.0726355678394133,10.038697114596873,-6.261830722648718,-3.014499037466886,10.194253060099435,6.357827592334013,-15.097419778870707,-8.414146184881961,10.872663306488928,-3.592308064119962,-6.812470633261484,-8.686197610154208,8.555964144604221,-13.61909750088507,-1.5845325311879712,8.945804057056632,3.8940591433046285,5.564833717621265,14.757836254490543,-1.969790629084407,3.3233447107148315,7.277888963652437,2.3769045066416696,-3.9053597798657838,-9.90989761666667,4.419883107984155,11.404688116441266,-4.314332347586247,-8.47697991030634,1.8884708423529026,4.942350605922398,-0.48216622015674504,-6.676485868706472
7.509612522895574,6.913060142971425,0.9688501880914115,0.2726740848335866,0.8392096043580896,-1.161088754865908,-3.590678824782715,4.884753650244569,-2.4725555396455032,0.8850557178167124,-0.8926270876541413,7.484549746605333,-0.4682349101660777,2.769934615024021,2.208109263020513,13.752512891881747,-1.9923656773569574,1.5685234551641023,-5.09368600831237,-7.113558403631306,-5.99249599637496,3.8520035427399257,1.1639164078878097,6.314714204843245,10.87266330648893,7.502524517472799,6.844909353718447,7.096190589501245,4.993470456634318,6.3544838479873444,1.7497690054185953,-0.7434460901506758,-9.96306791233111,5.439675593366761,7.064478251342681,-1.0017226853507513,4.987636074697549,0.36959558183381536,3.035442032581674,-4.705811173096141,-1.232265114811633,3.148019921545277,-3.4439492848892783,-15.999203032037462,9.146041350418002,-4.909859800679622,-0.2477423856372563,-7.873751083363042,-6.87782068189165,0.6248791008404266
-3.127056038460493,-8.13386654169119,-8.418265559293305,5.355867533812587,-7.142096650160978,-3.0009574910265493,2.9267312114734474,-0.28812284812641054,0.608923035844237,11.104219190584141,-2.8956247455274156,2.6067694718247605,1.9076142092612987,4.1199725738238495,2.6861122767362624,3.0232685020378174,4.619247054957652,-1.672150380267762,-5.364379067093001,7.591034994091804,0.6680791301527587,-2.918699853619296,0.19418826331511707,-0.3671221271172689,-3.5923080641199627,6.844909353718447,-11.912857314358451,-5.347312586514584,-9.69429120303012,-0.39784063445846096,-4.792939051184741,5.996872073867104,15.68589669035614,0.8643963918338803,-2.789791082844993,13.78588312943578,-2.7062771869177795,7.1613255373176905,-5.3073366750071616,0.15947882407897723,-1.0862220619316227,5.15531287553717,-0.26645582608047463,13.307985329017981,6.659699945071253,2.7016467073362747,-8.013012408025512,8.438858831513455,8.268034406783512,6.427557786820514
-7.7636890055559515,-5.661454465790836,-1.6888159597497006,-7.207708544914808,-8.318417433619516,3.5767900731741133,11.342592637310736,-11.064648958341456,-2.3074122644442467,0.8063801494746607,2.3260255065715723,0.2880281414752891,-16.89345991677493,0.0372154992934024,-3.8853630185004597,-16.2397072534445,-1.8339953921601908,0.07860163076267657,8.109909583499414,5.039494742569542,1.8453424739660063,-2.1768529244573136,6.322336193754728,-9.467567223204345,-6.812470633261484,7.096190589501246,-5.347312586514584,-0.7501317938125442,-5.863855492860016,1.364663972486018,-12.715163804221724,1.5717026166587094,9.102542386108142,4.967959100873827,-2.1099604417711393,8.8579783387667,-7.651789148320935,-9.694981579615057,7.212080623377167,1.790350349214893,-0.8888839670744417,4.241883052799475,-4.493941363116716,2.66344338192214,0.13316531862980696,6.243778172228769,0.8396294218472093,3.472426422737221,2.1285612176511646,3.27281889459647
3.604208654202524,-9.289655353162624,-5.265122265418201,6.850171636275143,-10.821640751354039,0.5881317852184174,5.976679303280045,-7.6442107147124,8.512325563120415,5.100954883474356,0.7396086567479634,-8.034980662883594,-4.178406067484613,1.0431653821992868,3.993529852407019,-3.5560529244698578,0.18929818438744717,-6.883200976607994,-0.365136458147165,3.938174997269619,11.952752834048178,6.124934431450346,-1.6174102430260302,-1.0057706380959237,-8.686197610154206,4.993470456634317,-9.69429120303012,-5.863855492860017,-5.101075561900702,-5.4848105570376955,-9.404968941490155,-1.5286276444968754,-1.4709507545031824,3.189218892179142,9.007744594287395,2.986664146153528,-7.558383102017744,-7.519438509266968,2.67095703198567,-3.9577102397632546,6.3232552591048385,-1.0178747520520106,-1.829426346012354,6.132566630566872,-6.972962663278036,15.957086122176873,1.8495246329120478,3.667261290235407,9.169222174748981,-5.758315832975223
0.5875865110037315,-1.548157797865581,3.1873501864947174,0.4785918042805347,-1.4236418524084846,-0.12721094114209308,2.661629476877714,-9.04394481400526,5.3326401442132925,-2.3276295593478102,-3.8436153358810072,-6.888002990711188,-6.143473961184541,-0.15437386119460905,-0.21305219191020586,-3.8489917401571434,0.5220078742113978,-0.05465564760256242,-0.09010247174236286,1.6819771163969142,3.215202320881105,0.19091888201277185,-0.8157327810276177,4.045695620442436,8.555964144604223,6.354483847987345,-0.39784063445846074,1.3646639724860183,-5.484810557037695,5.23614293456307,-5.100629603316706,-0.13081084009964983,-6.445227969665487,3.8492135278634434,0.4430294446414842,3.786897706990774,-1.2727101701445285,3.422117307835008,0.5874584018325737,-0.0876883803678968,0.2705713435023578,-0.358195109733883,0.044031477182323475,1.970542172015574,-0.9300004599124154,-8.188837165201985,-0.4502558902622546,-4.754279092337901,2.2009139460977822,-0.5331945843803139
-10.567041438396084,-11.41741057590539,-5.371674244768782,-1.19378003842485,5.340989129670295,-2.7395309321346213,0.42852732294257134,4.421783979965319,-5.019566007864304,5.554208023454949,-0.975447361904744,-6.875139198974603,-8.757781882615385,5.01482650301288,-0.5974811300418943,-0.21636957187954736,-1.1447651945742772,-7.208334744560602,-3.4749625625924185,14.792465487704067,9.582840790363797,0.2878356094807371,5.974710813744782,-1.672209335547811,-13.619097500885069,1.7497690054185941,-4.792939051184741,-12.715163804221724,-9.404968941490155,-5.1006296033167065,4.971100197032326,-6.10977827801639,2.5130209051333487,7.621163071220245,1.0600234175876184,11.903653198784419,-6.527899894555906,-7.5313129957979585,-7.36270408932055,-3.9640179395823543,3.860325651050884,-2.2776138059840987,2.040773388670412,8.251456342066414,-9.89949942140116,3.143056255844756,-2.055997047895782,6.256811438364681,7.369719864799509,4.3057648568473255
8.563092635788887,-2.354660004741881,-2.781062383355229,-0.19726467058516167,-6.707097589482808,0.3726584624559518,5.927447802324025,2.1184674836016453,-0.8142259132235746,-1.1490948966317116,-1.768067517353848,-2.4750560136296897,3.285460790887738,0.05281267416086022,-0.19055774988848323,-1.1758128584859675,7.948998643874474,0.21572242761829752,-0.1050444309970644,-4.078848393419304,-7.026158650754527,0.26238249806824965,1.57078776580849,5.265681175709841,-1.5845325311879708,-0.7434460901506761,5.996872073867102,1.5717026166587098,-1.5286276444968758,-0.1308108400996496,-6.10977827801639,4.770173115248259,-3.416251261914838,1.4110891929181741,-0.09305516831517047,-8.076332349477033,4.216408968246775,-8.818247373600528,0.44493047944040226,0.26384659376861275,0.651952612593196,-0.20161558333320967,0.1030437818894474,-2.031041974047913,-0.2469571849767127,-3.264887851600786,-0.25934192427316205,0.2731144208285891,-5.9015265324496795,-0.37239763155786687
9.677137381927874,9.157496541724674,9.94553303554582,3.321898352391505,13.132122821432615,9.304478984321635,0.13765185086175324,6.640717943422912,-3.5185392100774826,-4.439978202775593,1.6576874322003063,6.7611250032583845,6.387933270155707,0.24940570175140464,-5.6390548152222255,-1.1269428672564246,3.69484542179759,-3.0958398999286203,-2.47426862191078,-14.79899107261754,-4.182056902997318,-8.171931926138303,-0.8351496682831916,-2.658437747883731,8.945804057056632,-9.96306791233111,15.685896690356142,9.102542386108142,-1.4709507545031832,-6.445227969665487,2.5130209051333487,-3.416251261914839,6.287474548358695,-10.969879636644986,-2.2244341908248475,2.029792325156013,6.3070401641968985,4.060937446445943,3.0461465604375735,8.49673020658427,-0.33033328159473985,0.8333411287172846,6.273699597288454,-2.671256323673221,5.591598085566619,-3.322666029791038,2.354352109185542,-9.305604241762166,-5.96829305139572,5.226403809356672
-2.274858488193989,6.502881296075596,2.957767986586851,4.893060832112829,5.8361066140953035,2.644530906102935,-6.455185580950093,13.166354181212084,-5.878061230328539,-1.8434361169107116,2.619670436436355,5.076807317693476,10.054934760927756,-1.5455384944787574,-5.6038712221926374,3.498603638549904,-11.104525043038743,-9.45833663453999,-4.952870493965216,-6.0535349603103565,-2.9941681944939362,-0.3903581313297313,-3.5112522831664865,3.0386418167301326,3.894059143304628,5.439675593366762,0.8643963918338807,4.967959100873825,3.1892188921791416,3.849213527863443,7.621163071220245,1.4110891929181744,-10.969879636644986,3.6985556755537523,-0.6473876610733396,-7.971584030080298,-2.7368609601618936,-2.77655651443985,-10.275496423586588,-0.9540440694048073,-2.3803366229049936,-1.8218992980285607,-0.5956602109805589,0.3929326442544363,6.643027801950681,-2.6800697354350644,-5.331789408557711,1.4388729742588078,-5.502926912377354,5.8189328624948535
5.774563503405849,0.8065530068278002,6.01790015281945,-0.4176197925837064,0.5982526745002186,-0.21085624889188445,0.9658379172166562,9.875372282602076,-0.6521874025111176,-5.312880939746234,1.6978967503905404,0.1448093736904995,7.090485292937413,-0.17641496858297329,0.05150829946584479,-0.1499712611420122,-2.740555405553846,0.011490150896281581,0.49196835170355124,1.3781055964795086,2.399330607013309,0.17495331429737004,-3.4131343880067107,-3.795068090307521,5.564833717621266,7.064478251342682,-2.7897910828449923,-2.10996044177114,9.007744594287395,0.4430294446414856,1.0600234175876178,-0.09305516831517024,-2.224434190824847,-0.6473876610733396,4.786645271973571,0.983493626452277,-0.21519901274495923,-0.7619699258493263,-0.012782557447520881,0.538435727852945,0.17688226498799464,0.1952512475254652,-0.13686037989273203,4.334817070558698,-1.0149320642604567,4.943611217342342,0.11523883234297938,4.206223020814653,8.156738783122796,0.2749773738196146
3.3416328371379507,-1.921387231437167,0.7823558448684877,-3.743891836991681,-6.7869246187259735,0.6972242392232588,-5.876736953023069,16.198679740374995,-12.770503896165351,-14.800905320584437,7.10062863345342,4.107923098304317,5.1365096487672535,0.36360017379529463,-4.57636181972907,13.449175733105942,-3.693456911751503,5.133330125781122,-1.4967588664483384,-7.087368032677142,-0.8632153167506265,-7.032994800546858,7.636405377366871,16.369283873420883,14.757836254490543,-1.0017226853507517,13.78588312943578,8.857978338766697,2.986664146153528,3.786897706990774,11.903653198784419,-8.076332349477033,2.0297923251560124,-7.971584030080297,0.9834936264522767,2.4652839042554504,3.755789207916879,-2.138337974777558,3.339713049081554,2.96084916225038,2.67316988160836,5.223772861782669,0.9952073479820748,-3.2287064810064847,12.503564452190341,-13.04678105085142,-6.088469353150927,-1.22234213598446,-15.821444907663752,-7.276103958869898
-11.070984012210321,-5.858262645203686,-10.760715084424248,9.25657648271533,-7.999290750114976,-6.303061635702168,6.049567875138103,0.11058911094241486,-0.08375896792760434,7.025636040568344,-10.5494862228831,2.1341898474466814,3.6512566327510347,-4.630948182519768,-0.04875781083630687,2.379106021555625,13.741660177474332,-1.1319191516185354,0.21780929163003288,-0.2060353953678487,11.082423803113034,-1.174237810684095,14.362769316959575,-6.794005510220533,-1.9697906290844056,4.98763607469755,-2.7062771869177795,-7.651789148320935,-7.5583831020177445,-1.2727101701445287,-6.527899894555906,4.216408968246775,6.3070401641968985,-2.7368609601618923,-0.21519901274495834,3.7557892079168784,10.020955574799192,-11.119442669072837,-4.536022851562766,9.281042783275906,3.213742949284152,-8.12630017821596,-0.6849452213247537,9.923080850345002,-2.59679272892275,-10.528611383310272,-2.8507622155468537,16.72340061346237,3.13008658043776,4.41318193108218
0.11993585585384092,1.4708105303686845,-4.107832641129054,3.3135815782841247,-2.096181309112322,3.5868976124545155,0.863753094090076,-1.7594899683812253,4.653388312051757,8.040020987028626,-1.6988698819526715,-7.43563339780845,4.9890461516893385,-3.5033759826010407,-7.682452166126029,-8.885479783819688,2.8781585543097026,-0.23968467419123718,5.020739443299688,0.44877053237231,11.608893865069366,6.08396823454055,4.918463998431193,-5.0890395528519425,3.3233447107148315,0.369595581833816,7.1613255373176905,-9.694981579615057,-7.519438509266968,3.422117307835008,-7.5313129957979585,-8.818247373600528,4.060937446445943,-2.77655651443985,-0.7619699258493265,-2.138337974777558,-11.119442669072837,-4.425038907373204,9.623499491152684,-0.6419000530291876,1.2260997990414415,2.925081705752766,3.241122827722968,7.711291147756982,-8.374286731111042,3.7233419164497996,2.344412800354618,3.737000802132882,13.190125956296932,-1.4995352854719384
2.3557847504395673,2.2377139861660855,0.06886060791803383,-0.3528791068756108,-6.190541370197515,0.20514178595639682,5.248258181213147,6.145822135318845,-1.3540678243682183,4.449403057114816,3.738027728942503,-6.968013328484819,0.7003497813468158,-0.28289297306295713,-0.245423967241303,-6.861030722104492,9.916055452502121,0.33719124928359945,0.08698922300817213,-0.4259486587585992,-1.2094376019995448,-0.10000830745803901,2.4070364469389807,-0.1459732380921155,7.277888963652436,3.0354420325816736,-5.3073366750071616,7.212080623377168,2.6709570319856692,0.5874584018325734,-7.36270408932055,0.4449304794404024,3.046146560437572,-10.275496423586588,-0.012782557447519771,3.339713049081554,-4.536022851562767,9.623499491152682,5.383875464705671,0.39446580651002094,-0.4780314581620254,0.3096930106336131,-0.2760685368462255,2.5490469831810794,-1.6565079695909837,-8.126118124586554,0.09475611206542342,-3.4594874101791833,-7.340644678977727,0.8022215738503223
6.557466234566977,2.9622367532788636,6.899292753450428,-0.07236071757972862,-1.8738284353071322,0.7063122047612848,6.627686116182203,-2.2639379950223932,-7.158096852142853,-0.9105333142974019,3.8499958301467694,8.934214807456279,-8.836508089620002,-0.1944144274261448,-0.4692418400118339,-4.79885709828141,-1.4603795863108975,-0.35125887927650795,-0.07137406040138061,-8.35500453518387,-6.595984337738742,0.0510442344347278,1.3834263655354821,7.673396770044812,2.3769045066416705,-4.705811173096141,0.1594788240789764,1.790350349214893,-3.9577102397632546,-0.08768838036789672,-3.9640179395823543,0.2638465937686126,8.49673020658427,-0.9540440694048069,0.5384357278529455,2.9608491622503803,9.281042783275904,-0.6419000530291876,0.3944658065100204,4.594121106208112,-0.5561003370454358,0.15290417243755028,0.09547493898737162,2.6284104143594105,6.041180653496009,-1.3296708295688402,-0.2936213823576128,-0.6143354537278081,-5.619645543555698,0.38957296603521624
-1.1181413189870293,-6.215900112774322,10.019235408499808,0.6294615168952749,-1.6933724979621765,-0.29874160536434186,-0.07128108686561763,-7.907525725352133,-2.959914834420244,-5.049563595229171,7.920620637360104,-4.6475694102136,-7.789235004917516,0.009802896819502749,-0.45469653013211314,-1.225000027793437,9.300891269799589,0.3881432422983971,-0.16880998229700017,2.482720764493986,0.2354257835677478,-0.305501571740411,-9.99590659658964,-2.815279958846612,-3.9053597798657833,-1.2322651148116333,-1.0862220619316236,-0.8888839670744415,6.3232552591048385,0.2705713435023578,3.8603256510508834,0.6519526125931963,-0.33033328159474024,-2.3803366229049936,0.17688226498799417,2.67316988160836,3.2137429492841525,1.226099799041441,-0.4780314581620253,-0.5561003370454349,4.349041101299466,-0.07493933302349137,-0.10146812150405402,4.051171137886126,-7.0977895208905775,-5.623500530335947,0.07777852209402536,4.00442196589052,1.929774074013754,0.15184686769608846
-0.6602795792113847,4.564299220069194,-0.39046789520324166,-0.25726361607156745,-0.49383559755808193,-0.266754698152746,0.37195249029126415,-6.053833364879708,0.7135177930108916,-5.3864002638468715,2.666159507220563,0.8630717675540521,-1.7145911029829968,0.09559614696871366,-0.21254097711529585,4.803766211255494,-10.287416676796171,-0.2297475542457001,-0.7083651845903963,-7.038699925390903,-7.509675904355099,0.24468970248548472,2.5268758133995095,-6.174269151252044,-9.90989761666667,3.148019921545278,5.15531287553717,4.2418830527994755,-1.0178747520520113,-0.3581951097338829,-2.277613805984098,-0.20161558333320997,0.8333411287172849,-1.8218992980285609,0.19525124752546524,5.223772861782669,-8.126300178215962,2.925081705752766,0.309693010633612,0.15290417243755017,-0.07493933302349143,4.931869094154186,0.28189623154653287,-2.8830355675956394,1.0625669981358712,7.043899566756376,0.08255920864553146,-5.635263533375365,1.3793907494023485,-0.0755131948414188
-1.7683898963142857,2.443838700476673,2.1259892328889527,0.014665118980467823,8.578776659390416,0.6738689132465099,-2.9807931578852904,2.1406158623528446,-1.9519648665399894,7.516396476469051,4.719150964870894,0.061046924105297884,3.6970524228644184,-0.9600091516540961,-0.16945663033878616,-1.2341315839388756,-3.8727552992257213,-0.026480530677592595,0.6526951659755398,6.907374861795851,-7.3733414707732825,-0.4417535952392694,-1.1607619596802123,-8.50018748812538,4.419883107984155,-3.4439492848892783,-0.2664558260804745,-4.493941363116715,-1.8294263460123545,0.044031477182322865,2.040773388670412,0.1030437818894471,6.273699597288453,-0.5956602109805584,-0.1368603798927317,0.9952073479820751,-0.6849452213247541,3.2411228277229673,-0.2760685368462251,0.09547493898737214,-0.10146812150405432,0.281896231546533,4.385952964331309,-4.449701806623527,0.11371167533055526,-8.040684705204919,-0.3738853296976967,-0.07731273802415745,-4.305867915686692,0.15260291660597125
1.1211440975843003,2.919449151736025,15.256408326842879,1.1867490137004122,-3.0712669368068237,-0.8661789177316516,-4.781136621419854,7.535660709147213,-7.922312988143227,-13.298315227718223,-3.374463132572389,5.68857468562045,0.8272618327333239,-5.133234548591297,1.4527670776942443,10.547563587372267,-11.141269697867173,-0.750746698563669,-5.150741405897876,-5.596825616062832,1.8024890197852834,-2.1313120896238127,-1.1260990425214206,4.1407600212248985,11.404688116441264,-15.999203032037462,13.307985329017981,2.6634433819221406,6.132566630566872,1.9705421720155742,8.251456342066414,-2.0310419740479126,-2.6712563236732216,0.3929326442544361,4.334817070558697,-3.2287064810064843,9.923080850345004,7.711291147756983,2.5490469831810803,2.6284104143594114,4.051171137886125,-2.8830355675956385,-4.449701806623526,9.044801185965143,6.042477303938579,5.296265302560245,1.0590347763507912,-10.008205416879289,-9.936182853656996,-2.323922947562317
-11.14476220728419,-0.8927475176904809,-1.1823853628469012,3.0620053588770895,-2.780553738346873,0.07127439662360535,9.56949965726583,3.81185560177434,0.9182702552446032,-5.891473657130862,-5.648263377588135,-13.910950831678347,1.3112433301810633,6.620977149939483,6.35702202508238,-5.704317766234684,-1.7494578564275893,3.132773259284236,8.615827432915468,2.706178585413351,8.472238056978911,-0.0679273790597481,3.1991769014754423,-10.175060540042615,-4.314332347586246,9.146041350418004,6.659699945071252,0.13316531862980763,-6.972962663278034,-0.9300004599124162,-9.89949942140116,-0.24695718497671315,5.591598085566618,6.643027801950682,-1.0149320642604567,12.503564452190343,-2.5967927289227495,-8.374286731111042,-1.656507969590984,6.041180653496009,-7.097789520890577,1.0625669981358714,0.11371167533055554,6.042477303938578,3.8416303555905253,4.145887642144923,2.00425952997279,1.2380808485580883,2.9441501349058097,-6.113179092463662
6.64372600333858,8.177520104147689,6.575979360986654,3.5714239592824826,0.8863260282918051,5.242542594326825,-2.8664557942471216,5.865305407426872,-5.182317723066347,-8.90756857352514,17.866262111606083,5.608842347769577,0.825001435967925,2.7936129653388564,-1.194194663571764,1.7247699564405998,-8.41109933973678,-8.944535464894507,2.4094787965140485,-6.027840061617763,-8.265603788296149,0.8354269125601024,3.843129828357435,8.279232151169747,-8.47697991030634,-4.909859800679622,2.701646707336275,6.24377817222877,15.957086122176873,-8.188837165201985,3.1430562558447552,-3.264887851600786,-3.322666029791038,-2.680069735435064,4.943611217342342,-13.04678105085142,-10.528611383310272,3.7233419164498005,-8.126118124586554,-1.3296708295688413,-5.623500530335947,7.043899566756375,-8.04068470520492,5.296265302560247,4.145887642144924,1.5894620031224287,-4.327182533584713,-0.1957735667161709,-3.945159001965639,-4.042708549160999
1.0119130674393775,-3.707170792027629,-4.332413078676824,0.24831462059598683,6.517153140148339,-0.17082189701561662,-0.15849457820898918,6.848782177465161,-0.8541570598477963,-6.533568485442504,-3.2435914645752946,-2.275537039869758,9.519789331276506,0.40941360896771706,0.08389820922895469,7.4171041299087355,-5.0385154082510795,0.024603017563452206,0.08171104380771493,-5.456542269058773,6.707793172338072,0.17983980797828536,2.525553182463541,1.4734333620852136,1.8884708423529022,-0.24774238563725598,-8.01301240802551,0.8396294218472093,1.849524632912047,-0.45025589026225443,-2.0559970478957825,-0.25934192427316294,2.354352109185542,-5.331789408557711,0.11523883234298007,-6.088469353150927,-2.8507622155468537,2.3444128003546174,0.09475611206542389,-0.29362138235761254,0.07777852209402525,0.08255920864553123,-0.3738853296976966,1.0590347763507917,2.0042595299727908,-4.327182533584713,5.564201310649922,4.999513747968438,-3.026169134783341,-0.5818063268532889
5.092362188801079,6.7458011181708635,3.856593224561692,0.9517957153231718,4.796837528933095,-1.7234376682699977,2.127800006648646,-0.08871482029684752,-0.7691869270026372,-5.13607217389573,2.356725379754054,6.013573719444631,5.7946626284978,-1.9806411976903682,3.7136994855830743,3.594445646696788,-5.905303760660462,0.08904347202815999,-4.7746222337944655,-0.6745218733405425,-3.351606347862103,6.704633546683087,-8.810385898121082,4.395671101830525,4.942350605922397,-7.873751083363043,8.438858831513455,3.4724264227372204,3.6672612902354067,-4.754279092337901,6.256811438364681,0.2731144208285887,-9.305604241762166,1.438872974258807,4.206223020814653,-1.2223421359844602,16.72340061346237,3.737000802132881,-3.4594874101791837,-0.6143354537278081,4.00442196589052,-5.635263533375365,-0.07731273802415772,-10.008205416879289,1.238080848558089,-0.1957735667161713,4.999513747968438,2.3351720477924607,-6.424241888939001,-4.621361320528369
6.5234314315895645,5.553707040674881,12.890608522404136,8.401159121930018,6.387773709938722,-6.903986539316025,-1.236677459852465,2.0229038062502567,-5.38033147259252,-5.162125535063229,-0.5051727182254822,6.618188611820968,10.367370954183972,-6.86307939141482,-5.41674091361533,-3.906481004466766,-13.397532503164514,2.5866952926321867,2.1751358072850855,-9.437008429472732,-12.91125863790098,-1.0233566986991707,-1.8055370426222224,9.597444521125956,-0.48216622015674543,-6.877820681891649,8.268034406783512,2.1285612176511655,9.169222174748983,2.2009139460977822,7.369719864799508,-5.901526532449679,-5.968293051395721,-5.502926912377354,8.156738783122798,-15.821444907663752,3.13008658043776,13.190125956296932,-7.340644678977727,-5.619645543555697,1.929774074013753,1.3793907494023476,-4.305867915686692,-9.936182853656996,2.9441501349058106,-3.945159001965638,-3.02616913478334,-6.424241888939001,-5.759934002181578,-3.5980707821043905
-4.925451190684414,-3.5225750335979797,-1.887051492427944,0.6712751716106052,0.4125775241090365,0.02749721036497621,-5.687825709315771,-4.286297135221339,-6.4039694073545,-0.0009238092424090072,3.770611063680329,-9.972416246730909,-7.82898981781774,-0.1588124405881456,0.5739406280362854,-2.4897633419710763,-3.7380951702556926,0.3452758870209982,-0.17590327629028724,-1.114247364206375,-0.7298399376579008,-0.2780679212588606,2.03668657166211,-1.5990154886373018,-6.6764858687064725,0.6248791008404267,6.427557786820514,3.2728188945964707,-5.758315832975223,-0.5331945843803136,4.305764856847325,-0.3723976315578671,5.22640380935667,5.818932862494853,0.2749773738196146,-7.276103958869898,4.41318193108218,-1.4995352854719393,0.8022215738503227,0.38957296603521613,0.15184686769608763,-0.07551319484141983,0.15260291660597053,-2.323922947562318,-6.113179092463664,-4.042708549160999,-0.5818063268532887,-4.6213613205283695,-3.59807078210439,5.1366482638860145
