n
50
c
-3.0472979035298744 159.83986576948968 -14.071712528205744 -1.8445758159262158 8.699471351954642 0.9085761450984844 -162.92916165384236 -164.0061874120265 -16.26734252060863 110.4432843598539 -7.606191730246259 153.75574090020478 -12.844710061984788 -184.07855508174848 -158.01539843816352 0.8681525103381635 -177.87323656213204 -24.391201063999983 10.471888825118768 -112.88190073595534 -191.9261853136422 138.8454827496865 137.73005204991057 194.74601290459333 -149.76001931829364 -15.471593560585553 -160.84392544871136 -191.1526291215642 -136.96351730890254 -2.9800126216896605 -178.91973028071374 -137.49861168722293 -5.690343179851644 -161.95238405784855 47.59843118620878 154.2674473560595 2.799645488784626 -29.284915253623353 -118.45510897195526 197.97313614248685 -22.66156528664586 -208.24731564528454 -4.465400949124119 -183.76831397621427 -177.15901750480057 28.7296848960788 -5.800564706079741 -121.87248506639082 -3.059793202095544 -155.1044429455105
Q
6.053058669631865,-0.9397017734494909,-0.13468227177179015,-0.5876782249113933,-0.2382412119547978,0.022899598866392423,2.5462026981297274,4.183173523135664,0.06385057837711655,-3.391295146481906,0.19209183668211516,-5.0275960124310854,0.40732916441710554,-4.373880498999841,-6.517460670271447,0.00170309900989285,4.441865828820916,0.2229378751071488,0.45143902370954647,-5.009096155748714,6.663845561167856,-8.124666409125073,1.5975091499887604,-1.231692385134457,2.176026617779949,0.7518502160276843,0.2003738046627055,-0.7264849933908915,2.2927756868637594,0.0821737750642777,-4.221954697065445,3.7755559432973014,-0.3606783004104607,-4.374464219164702,0.3573809338906199,-0.14967758242122897,0.0037579133100233975,0.32380190338055426,-3.0274451495856036,-3.950172609137354,-0.2931170135689942,0.6040314360945462,0.1759399780348827,-7.615964881223713,3.3849342321654747,0.44929962362781994,0.33615575161511946,7.643950093349519,-0.19936325465274146,-4.960922117918475
-0.9397017734494914,-0.40528307952742004,2.9120923116738204,1.6692706345212804,1.028744300878906,3.3648057210767095,0.15466468216380114,14.590513016025172,1.8572506081572757,-18.23817452863268,4.016074693971728,-3.6170751831314396,3.7338628686388553,-1.493787407243207,7.144819725091432,-1.8210324086011735,9.818015687716713,-2.6637612102625896,5.3131167767087115,4.130409251503567,-0.8621155014081361,-5.28204307902494,-1.073643412203137,-13.48817413351035,8.179133522446831,4.893144883604445,3.7798864585690564,16.40906197460357,11.033338710911512,-9.859738867947886,1.9420236110401752,13.54975047006229,0.06898685011537697,5.578503922313395,1.729225864248372,-11.441455702524568,5.701579343379905,-6.739869080303071,10.294605597819846,-7.899527051811996,-6.93012161066464,4.370710727549743,2.044348122660714,2.8225821384805876,1.3575834876998898,0.5298820721108287,0.7888061034706921,3.7101585744740886,0.8829110262310993,2.023458383769955
-0.13468227177179082,2.912092311673822,6.487224554235422,-0.0922193526224444,-0.07532793771147306,-0.2702303982640645,-3.34099278246335,-4.866024637321747,-0.10062245840141881,0.9805170248759925,-0.24448091486326118,9.781418440593198,-0.5254396387573641,-3.316454057191474,9.116830231361627,-0.10053536095488318,-1.867209901451344,-0.5442485117036704,0.21856638310619347,-1.244986126742807,0.7083083331671164,-1.60688756390546,6.059271417717434,6.135641434102991,0.33448266032897656,0.5367178509835029,8.619903399546796,-2.0038951341742326,-1.3322216291997109,0.24714459802299765,4.297745158043214,0.28595847485442794,0.07984599147595306,-5.230584006739745,0.27933846277662555,5.008408143631623,-0.2784829223035766,0.5044514666187703,3.903933516085126,-2.4872954204082225,0.0423273505864703,9.070339219009963,0.4569771957920663,-1.3409943576479266,-5.194199647607691,0.017854181991588204,0.02037868648964103,1.1275412250021013,0.13836438697564457,0.5488340428183272
-0.5876782249113911,1.6692706345212782,-0.09221935262244463,6.646006677561988,0.6635333268789019,-0.12275253472103953,-0.7913921487963871,1.3360393132161212,-0.44339225954742345,6.1604146203742856,-0.12122669511931194,-3.668751070869112,-0.45344887200007233,1.0256747378503996,7.783909330483688,0.4605213948114998,2.657686846696745,-0.3944284220650482,0.02290768791213471,-8.065766509933102,1.0260949485694602,2.6018354553479526,-1.8020780818698223,-0.9434520641573885,-4.073422783057573,-0.058214181983035296,2.086654307780789,4.060599762261143,-2.9377126650687875,0.2777281965002385,2.191092788910121,-1.7901016881960088,0.4676337353171201,0.055812381989358964,0.14269397906913808,-6.448095805284642,-0.18358590749514342,-0.6006622762669245,6.50204189298726,6.4311902925756925,0.2547368066177469,-5.296143605276872,-0.22419638948068454,2.894017065869125,-4.825478151654488,-0.5588359361033275,-0.17783858830627708,-3.217347662892476,0.32859708169282187,-0.03764754433014561
-0.23824121195479717,1.0287443008789052,-0.07532793771147528,0.6635333268789023,5.952279406482572,0.0625574679385677,6.800857047864983,1.3593435310830935,0.3920170853583476,6.131532357087172,0.09764735510428912,-2.664801873198503,-0.545920781400928,7.547325107886666,3.7776717727897076,-0.2869246582649446,-5.047740654000802,0.011313491726320457,0.2028969536533463,-6.123220759763113,-7.31472171639444,-1.0035826087231636,-0.35796484666077943,-0.2632997404160744,-5.067442528464327,0.6166326085951055,0.14539560087231093,3.205266714509645,-4.726772148714411,0.17195102700037757,1.237216709005299,-3.9582905032155393,-0.6996181141490945,6.289272051364678,-0.8711427098510502,5.205396533910385,-0.26451279806087724,0.45581083352455515,2.665166831905326,1.917233942501773,0.5487440179998119,-0.7414359591053228,-0.710437689197489,0.08315219961629022,-2.657981216636533,0.4121904378726986,0.8193937940819425,-4.634501271379461,0.13615062079777585,-3.206799441575442
0.022899598866390203,3.364805721076711,-0.27023039826406436,-0.12275253472103942,0.06255746793856748,5.002481272201076,8.534083000081807,-3.3192844083055046,-0.6102244522635839,-7.6540386139189245,-0.19866106055225585,5.822936789691021,0.15656359492037653,1.4752188883064161,2.0910442870372146,-0.058829630800585564,-4.439484146626421,0.7610824221170411,-0.007669118810310505,-2.42346190309084,3.0949827720094563,-6.859516533755159,3.58541332254177,-4.955463527793022,-2.160267752913445,0.22583438351856222,-4.522143594405401,-2.2505388736134697,-8.64713918454436,-0.05693982280571358,4.526246086411891,0.6709868024877281,-0.19249063260950147,-5.1485513452815255,-0.3898116675624981,-0.6635787502431841,-0.4564539140610706,0.48164972255819405,0.9502752934873739,-2.29148123907794,-0.02887671664278385,-1.6315958644103186,-0.18256101933796748,0.8398900571928927,8.10474332058096,-0.16065435087549773,-0.7269233466230209,1.8705796869640618,0.32960953353109884,-0.1333803174715218
2.5462026981297274,0.15466468216380158,-3.34099278246335,-0.7913921487963873,6.800857047864982,8.534083000081807,-5.068507212875957,3.9829940959145187,-9.726550885142712,4.185204813206206,5.151261148993203,4.226792149111242,-1.6607178723334908,-0.7956145380725049,-4.521197974841945,3.9758096802027523,0.21139605627551106,-5.9833214149088345,-1.8309656529658926,-11.987074036785957,-2.8506413071883223,3.905599589431382,13.882579975026708,2.363743887717764,-3.9850726332496174,-4.066176352267902,1.9938667191762307,-5.985235962059127,-7.764814682460077,6.613808486883793,-2.783253067480417,-10.399870728000367,-0.6410061060971353,-7.3809723646211705,-3.714152352507562,-5.876986276963511,3.469663598279376,-3.58908682962061,-8.906275615234232,5.101027482916081,2.713217408258779,5.187494756264666,-6.062580196115271,0.22183098821611047,-8.810895640197561,2.410729940463201,6.6283199154418835,-10.363020831305592,4.693649429584416,3.1218090494070667
4.183173523135665,14.590513016025174,-4.866024637321749,1.3360393132161228,1.3593435310830926,-3.319284408305504,3.9829940959145187,-7.765544661514634,1.949577827689398,7.7285422866299145,0.18882629157084874,-0.06352595592916849,-2.8582669313639886,-0.08027578859072532,-9.465594274831156,2.492711934841358,-1.1401922797004824,0.9956638925511422,-4.502645225485318,-3.6604964139201113,-6.640895855830188,2.688551220397633,1.417114580197924,1.8154563121531164,-9.496903126928524,3.1607520601183987,-0.7858303664029793,-6.600535507166604,-11.655404945714624,-4.316371117362134,-7.415508122226428,-8.017095354868616,1.0226647844059853,-6.1899307106951795,-7.2242256618773615,4.253019945162189,-6.911308607860652,-4.140094515166583,-5.0006817432143595,4.183409699500204,-5.272685703966999,2.2042125744762724,8.28978945379081,-8.390633513860196,1.4055694218910504,4.301642800804983,-6.146488701367226,-5.031620536589042,4.404609502794331,-9.607415891836437
0.06385057837711654,1.8572506081572766,-0.1006224584014197,-0.4433922595474238,0.3920170853583467,-0.6102244522635842,-9.726550885142712,1.9495778276893974,6.23906815013845,-0.31615231121448906,-0.7400511737104342,-6.975567509049048,0.01690734459897031,-3.9994352608825317,-3.6337686358888717,0.35935752505986734,6.903248741549206,0.09293667798781852,-0.0068342156567173795,3.4574986702222454,-2.8101871435928394,0.9294371835378554,-1.8900533461774218,1.418438652556421,1.0980624627386808,-0.3152506213115851,-7.373271471971686,2.152236779688242,2.1401410864780215,0.03210739579764876,7.03636082675081,-0.44824760133007246,0.48324096331910105,6.071999570018904,-0.5472490030436962,-3.0094759909254516,0.8837954197930131,-0.23775647122497467,2.3634219849447793,2.8631033253805036,-0.5264845033911065,9.77432815002963,-0.3065547240912605,0.3403573482577984,-0.7446647105186905,-0.2821921458328816,0.18113519927983618,2.300863306557819,0.28576094569818666,-3.4304844791299995
-3.3912951464819066,-18.23817452863268,0.9805170248759929,6.160414620374285,6.131532357087173,-7.654038613918925,4.185204813206206,7.728542286629914,-0.3161523112144892,1.6545945917595084,-0.06105983376263646,0.21532044403448028,6.017552481962623,11.295301839528317,2.2126085649333467,-3.1133430916582236,10.160427241175704,0.6560080647011775,-5.073026347320786,1.2197474576802876,9.09595110064896,5.247073738776264,-1.335495987904584,2.523361870537182,7.497578269027555,0.10528151904611249,1.1114316082490152,0.38746008793473985,-2.26763711441955,7.87788162857043,12.897801098018153,3.964976730979335,-1.1864353100539895,7.352338770493172,-2.5327780991944904,0.201564249536417,-9.758449027283799,1.5917404099787824,10.671080679369949,-6.771710652647182,3.6729155840231242,8.493243266985944,-1.296582403371885,-2.043605088181872,-1.90740637003532,-1.616085541807743,2.2392161912458706,7.903503926333206,0.08653295618933166,0.6869395820706952
0.1920918366821147,4.016074693971728,-0.24448091486326015,-0.12122669511931261,0.09764735510428935,-0.19866106055225682,5.151261148993203,0.18882629157084896,-0.7400511737104355,-0.061059833762636684,5.470221600120603,5.5008019210423935,0.2899229466783275,0.9306201470408222,5.970053739895043,0.07074364027634339,-2.349715328795333,-0.018505830282196267,0.21127409613085418,2.283151884487644,2.5611584639881624,-6.385092321753865,-4.705757440029003,-8.462896804913283,2.3760618382013545,-0.4256674466271251,-2.282985645370704,1.2035810288042526,-0.15043607235497625,-0.46180565251624506,-9.090978717759626,0.17005244185691537,-0.34551159501193307,-4.649297113767699,-0.39547457834115185,-1.9354740932211134,0.09810176735920417,-0.1127493500383856,-1.2957486678340724,-2.141887989743937,-0.3512246687617805,6.657509413253404,-0.034924531975499384,-1.4138841588974,-6.588421121518581,-0.3256923934974229,0.21218149577076417,-1.0548587621990835,-0.22546015253742213,7.1138298885982145
-5.027596012431085,-3.61707518313144,9.781418440593198,-3.6687510708691136,-2.6648018731985026,5.822936789691021,4.226792149111241,-0.06352595592916793,-6.975567509049048,0.2153204440344798,5.500801921042394,-0.11310292219185669,-8.748825511158365,5.099443970248406,-4.035560707604746,-0.33087557570691123,7.462584792836955,4.336626385248837,-7.160487497232829,8.140633154305918,15.898228477425016,1.6561278192583082,-3.2781077172901565,-6.107429241998983,-6.97739366724032,6.365149228983786,4.349897400956004,9.584255394674546,0.926091303218292,-2.799610748327504,0.23767234700281253,3.853368327630651,-5.547792350782426,-0.0302515490656583,2.6548174037596874,-6.748487378460393,-3.011313881951552,5.868020418839317,1.0002202916312448,-14.905254953499178,-5.3137509748936,11.175433659599271,-3.3605205500148205,6.186110538484311,4.534411933842203,-1.0245325054338197,5.094301743563625,9.350068359243537,2.9479785510459333,3.357450486349602
0.40732916441710676,3.733862868638856,-0.5254396387573639,-0.4534488720000722,-0.5459207814009268,0.1565635949203768,-1.6607178723334897,-2.8582669313639872,0.016907344598969698,6.017552481962622,0.2899229466783271,-8.748825511158367,5.9157317719415055,3.116752034045174,5.32550863541564,0.4844391684775993,2.780344848962429,-0.12044989507964454,0.3483065180280681,0.48280079005632415,3.729544741834137,0.13992761566583972,-0.6630955509207003,1.022864355406715,-6.340999375136716,0.2913493224290751,0.3775085002451213,-1.9515165407891586,3.433010061855528,0.07260482569020166,3.179267637797036,-1.4884538464440162,0.4013273340937741,-6.241635785276705,0.09063650385344574,0.2703292891578506,0.15256128138564773,0.19790287776202753,8.145157561939431,-0.5379609065723427,0.20706050904997453,0.8304373114083624,0.06958027810994044,1.8755230194979633,0.7076462297170949,0.22763193638321777,0.2869596902188323,-6.504705770420934,0.17161543419132574,2.9983559555878174
-4.37388049899984,-1.4937874072432074,-3.3164540571914745,1.0256747378503999,7.5473251078866666,1.4752188883064168,-0.7956145380725046,-0.08027578859072604,-3.9994352608825325,11.295301839528317,0.930620147040822,5.099443970248407,3.116752034045173,3.0800387370800895,-0.11409625377147026,-3.1952780123661233,-5.363348066211108,3.4247772991139507,0.7193158979853651,-8.385977672800298,-11.432350960562099,4.688062322886426,8.665108468419804,7.98315656264903,-0.6558122587550665,6.278259526988941,4.160004866804239,-9.426401737747899,-8.565005959473563,-0.5993215596493601,-12.781622543282278,-8.14455505042561,0.8900663441225227,-10.178673123350704,3.9943422878803196,13.389457514115533,-1.5857712997272078,2.6297148876553305,-1.7796166034861722,-3.1473584157457664,0.035620967432404824,2.704495821935648,0.21017037523551513,1.2584418586185255,-3.268634256269087,-9.012164733160315,5.25748283476695,-6.730721298926218,8.62401191187383,-4.641767560210862
-6.517460670271449,7.144819725091434,9.116830231361627,7.783909330483688,3.7776717727897084,2.091044287037214,-4.521197974841946,-9.465594274831156,-3.6337686358888717,2.212608564933347,5.970053739895043,-4.035560707604747,5.325508635415639,-0.11409625377147084,4.541167211762022,4.728091251459661,-8.136539563774559,9.03550632640132,4.035713044281749,0.6853373771680746,1.4802479517346363,4.589651697343202,-2.6571866597128446,8.306374027798359,-7.12927681320996,-3.455242921674406,-1.8324095035392056,-6.532152364815055,-13.296902776804968,0.34552002368291357,-8.400995194596351,-7.991572678176378,-5.503513815184262,-2.706134439043955,1.954277572273639,6.905794734060155,4.024770025440375,-0.8670540417525214,2.812450558561568,5.419798837702686,0.21831688429157248,5.117848997482704,-4.685300444615706,-14.50009826566277,6.9130028657068845,1.0005695033753401,2.0083824973532156,-9.099790476780507,-10.63347898613533,-1.3123165419896776
0.0017030990098922758,-1.8210324086011727,-0.10053536095488214,0.4605213948114984,-0.28692465826494384,-0.05882963080058673,3.9758096802027523,2.492711934841359,0.35935752505986707,-3.113343091658221,0.07074364027634239,-0.3308755757069115,0.48443916847759877,-3.195278012366123,4.728091251459663,5.9717179018551505,3.111056853994183,0.7062223772777184,-0.06108732869258593,-0.512609083833876,-8.771373870618813,5.804385366117346,-4.825909069085546,-1.0130103441223448,3.4613730605406436,-0.1306220878923985,6.953318628866729,-0.015226990072904178,-10.2255991882339,0.35546469741870496,2.955387976803138,-5.212753160506431,-0.3211433907786716,0.9640624348924951,0.22393734682567412,-8.221947160980138,0.023027883732122167,0.16688770563193067,-0.5316067715794197,5.508506999106599,0.442164928679757,-2.7127977606280256,0.533492283377144,-9.340403926681796,6.492352998432848,-1.2656625367564378,-0.17946690506719853,-1.025468260528677,-0.08679423351684568,-0.18379723722204167
4.441865828820915,9.818015687716711,-1.8672099014513437,2.6576868466967456,-5.0477406540008,-4.43948414662642,0.21139605627551217,-1.1401922797004818,6.903248741549206,10.160427241175704,-2.349715328795334,7.462584792836955,2.7803448489624287,-5.363348066211108,-8.136539563774559,3.1110568539941816,7.182009657130464,2.520532181343949,0.454390880175869,-5.209087277717933,0.4307444896388988,15.389346941257585,7.301397573899019,4.941066297625483,5.246159215018218,-1.3521920714314992,-17.355253542414605,-4.9782839755413155,0.09461971168146333,2.3371759854205996,-2.810515664980919,-8.43838237272569,-2.775558559772592,1.7222235502172698,-4.441021249765861,8.548233349308637,-5.899840399745308,7.875194980679643,-10.086256628252904,11.662752941803248,-8.053686905517047,-2.951555956105943,-3.3492963994894573,-5.146524802876345,-3.039232570540519,-8.06034045952903,-6.634741366543753,1.039628251142187,-2.494901744787883,-11.902008560119587
0.22293787510714808,-2.66376121026259,-0.5442485117036711,-0.39442842206504836,0.011313491726320013,0.7610824221170406,-5.9833214149088345,0.9956638925511412,0.09293667798781924,0.6560080647011793,-0.018505830282195657,4.336626385248837,-0.12044989507964488,3.4247772991139493,9.035506326401318,0.706222377277719,2.5205321813439463,5.156402941167894,-0.5681520609445214,1.8309961104040084,5.5313756768097315,-2.6404404978558578,-0.8676098894506634,-5.378632630062588,0.5633693435917728,-0.2004620162153452,1.1535820788133835,4.909411942745811,2.6422202158612675,-0.10291499738855692,-6.099234715226495,3.477457729985285,-0.8643368423663266,2.1625087935278877,-0.06401663574941063,4.099776211872966,-0.02221479070570309,0.17887722410196072,-6.819036037359531,2.373232087895909,0.6382018665296796,3.061727159106649,0.3686065452610013,3.250550227241164,-3.5264510125351176,-0.7254806403756953,0.04638421824857519,1.6798703309666374,-0.38232705532865896,-2.67253232132148
0.4514390237095459,5.313116776708712,0.21856638310619259,0.02290768791213349,0.20289695365334545,-0.0076691188103110985,-1.8309656529658933,-4.5026452254853195,-0.0068342156567173795,-5.073026347320784,0.21127409613085435,-7.160487497232828,0.34830651802806767,0.7193158979853655,4.035713044281749,-0.06108732869258684,0.4543908801758697,-0.5681520609445224,5.371475391146191,-6.308372025932934,-0.9190951882308809,0.5720052118201631,3.451492176817091,1.2837394030743137,-0.5695206967533444,0.12507232727183037,3.840506047637549,0.4796123693399756,2.146453547103588,-0.27106815358002984,-4.753955557337173,1.6597226265285911,-0.27794598961662165,-6.223573185828074,0.6114636188327477,2.575167963676799,0.6952082329870604,-0.0229308231187777,-0.35441428918805995,1.274514778028406,0.1957045045853978,1.187143464201554,0.0008252995033106725,0.3677435681988677,-2.1925713324820695,-0.5753725725433496,-0.9004272766372148,-1.4773040190433653,-0.1688999306633451,1.852848926923593
-5.009096155748714,4.130409251503568,-1.2449861267428077,-8.065766509933104,-6.123220759763113,-2.42346190309084,-11.987074036785955,-3.6604964139201117,3.457498670222246,1.219747457680288,2.2831518844876433,8.140633154305918,0.4828007900563238,-8.385977672800298,0.6853373771680755,-0.5126090838338754,-5.2090872777179325,1.830996110404008,-6.308372025932933,-13.130584586339808,-14.908821919923437,6.479137511061111,9.984902175356277,7.985036143052046,-10.495209425173133,-0.8448832649231948,-1.674993902963683,-8.601880262072559,-7.5988384343522775,0.7734187952430671,-8.06814815406463,-1.270075669155129,-9.051582476864997,-1.0993948629746102,0.6504180381350835,-1.2652335738219553,-6.150475689355179,5.923267541341471,-12.241197966327327,-4.420796267763907,1.906045261057616,-1.5357913241971024,3.0661034795185533,-7.251529086500556,-4.564248684025716,2.566611512433713,2.6691813222812044,1.3553233648705982,-3.634224641201373,-3.560544604692624
6.6638455611678555,-0.862115501408136,0.7083083331671153,1.0260949485694606,-7.31472171639444,3.0949827720094576,-2.8506413071883228,-6.640895855830189,-2.81018714359284,9.09595110064896,2.5611584639881637,15.898228477425016,3.729544741834137,-11.432350960562099,1.4802479517346367,-8.771373870618811,0.430744489638898,5.531375676809731,-0.9190951882308813,-14.908821919923437,1.298797043198495,1.2643096696476261,5.151981444746175,6.977851205483993,-6.224213821824702,-5.511241753876172,-4.553255958191455,1.0457783544505221,-1.4078734855444799,2.9115096463373438,-3.3758384506812913,-7.172814048178084,-0.11613698566663122,7.6116868953300445,-8.000229598748454,8.265402406733958,2.4095294743111366,1.8803580350981397,-7.791782707616314,4.610182675061759,8.362882162297474,4.761829748920606,1.1032757013147234,-8.169822112705267,-5.768653497530177,3.3404390458696414,-1.0621221449577838,3.82023084624096,1.271660542599765,-13.24678957133682
-8.124666409125075,-5.282043079024941,-1.6068875639054592,2.6018354553479544,-1.0035826087231632,-6.8595165337551585,3.905599589431382,2.6885512203976316,0.9294371835378554,5.247073738776263,-6.385092321753866,1.65612781925831,0.13992761566583933,4.688062322886426,4.5896516973432036,5.804385366117347,15.389346941257585,-2.640440497855857,0.5720052118201624,6.479137511061112,1.2643096696476261,-2.1964950165809762,-0.8919945868313373,-4.959113263552316,14.884822893658255,0.19260335914598725,-0.19000818831842278,8.526879418896419,11.490192470304391,-6.227278265984193,7.06844060357755,2.837769728151702,-2.640608023823805,6.403788540279666,-2.0160707267226816,-7.636717956785161,-0.5037467809819807,-3.2553726899258413,3.529245873893049,-10.012671406742534,6.913283891454351,2.527486055517854,1.3301611583566058,7.297162699617597,1.9312929290740897,-2.8185488747997556,0.22870952302713055,3.952606709756101,-0.24739884291316627,6.594357575843437
1.5975091499887601,-1.073643412203137,6.059271417717435,-1.802078081869822,-0.3579648466607812,3.58541332254177,13.882579975026708,1.4171145801979237,-1.8900533461774223,-1.3354959879045842,-4.705757440029001,-3.278107717290157,-0.6630955509207006,8.665108468419804,-2.6571866597128437,-4.825909069085547,7.301397573899017,-0.8676098894506645,3.451492176817092,9.984902175356277,5.151981444746176,-0.8919945868313378,-1.8382962438995207,-12.7732816829877,10.600799563425264,4.271540714007363,3.0422049354542318,0.263670703900758,-2.624566854985792,-5.7161283728339445,10.848054968120671,11.29942289045627,-0.09122744810702366,-1.827390223545443,1.0155579725502677,4.423506077625247,2.2780685661263442,3.6084508710136967,1.2564494045858339,4.217406983289371,-0.5355954862542567,-3.8592539730367865,-0.18283383342187887,11.883251257341248,13.465225115624918,0.10717686127188863,5.047408742176621,9.771343027121008,-7.192536658350183,3.7404468547027108
-1.2316923851344572,-13.48817413351035,6.1356414341029915,-0.9434520641573874,-0.2632997404160732,-4.9554635277930235,2.3637438877177637,1.815456312153116,1.4184386525564219,2.5233618705371814,-8.462896804913285,-6.107429241998984,1.0228643554067152,7.983156562649029,8.306374027798359,-1.0130103441223453,4.941066297625483,-5.37863263006259,1.2837394030743128,7.985036143052045,6.977851205483994,-4.959113263552316,-12.773281682987697,-5.8863826639107515,-1.4272908725664197,-2.373423986150782,-4.131166199161506,-1.7256962723886593,16.5267395403605,0.10193916721274632,11.316550022285245,8.268910435703908,1.2401976777699202,-3.8668553355051936,0.7096532690819453,-13.218238331859666,2.4575351680103976,-0.8948551228922254,2.8472379133814885,-8.640091779397855,2.8996427817653907,3.546270176352863,-4.503306567196159,4.1563974460482855,3.677166706572115,-1.6832122094968875,-4.073566378310023,8.44384529830528,-5.569132451339547,-7.121616973087913
2.176026617779948,8.179133522446833,0.3344826603289766,-4.073422783057572,-5.067442528464327,-2.160267752913445,-3.9850726332496182,-9.496903126928524,1.0980624627386801,7.497578269027555,2.376061838201354,-6.977393667240319,-6.340999375136716,-0.6558122587550674,-7.12927681320996,3.461373060540645,5.246159215018218,0.5633693435917726,-0.5695206967533439,-10.495209425173131,-6.224213821824703,14.884822893658255,10.600799563425266,-1.4272908725664193,-9.472369847813656,7.166194091632246,-9.482394085173555,-4.212013504498335,-4.787614713872856,-5.37466365358486,-4.5195139621208265,-3.8968995190297133,-3.015096399198214,-14.247673938883297,-10.228666513026733,13.040248638640112,-0.6687951216996382,-1.8711757756034553,1.1170350910137123,12.182538502498799,-1.059626812444906,0.005963667900488967,4.681380311758068,-4.5540816743064525,0.87688847859258,-0.962223596673825,-6.809100068005973,-5.6591345043303765,-3.661635441107756,-6.235461104018949
0.7518502160276834,4.893144883604444,0.5367178509834998,-0.0582141819830343,0.616632608595105,0.22583438351856305,-4.066176352267901,3.1607520601183974,-0.3152506213115861,0.1052815190461136,-0.42566744662712497,6.365149228983787,0.29134932242907596,6.278259526988941,-3.4552429216744054,-0.13062208789239838,-1.3521920714314977,-0.20046201621534504,0.12507232727183082,-0.8448832649231945,-5.511241753876172,0.1926033591459878,4.271540714007362,-2.3734239861507826,7.166194091632246,6.040326219183788,8.092195440669665,3.3491145962617646,1.292058787449903,-0.09124919137673257,3.464917060879976,-0.4941976909315767,-0.04529603303095442,0.1373169453028783,-0.05928115776555687,-6.973469060248716,-0.09177851474090559,-0.4935832711613502,2.0267775266517196,2.633144976730433,0.27633695924992996,5.8211951459490985,0.010866544329622252,-1.9069623732872012,-2.950287114679816,0.21170119346951813,0.0040829569089457785,-4.060445841916864,0.050003208121260245,-5.368028878679004
0.20037380466270582,3.779886458569057,8.619903399546796,2.0866543077807886,0.1453956008723113,-4.522143594405401,1.9938667191762316,-0.78583036640298,-7.373271471971685,1.1114316082490143,-2.2829856453707045,4.349897400956005,0.3775085002451217,4.160004866804239,-1.8324095035392054,6.953318628866728,-17.355253542414605,1.1535820788133844,3.8405060476375494,-1.6749939029636827,-4.553255958191455,-0.19000818831842192,3.042204935454232,-4.131166199161505,-9.482394085173555,8.092195440669665,6.676459412206517,-13.012964564796022,-1.5616388958757295,-2.380260414663063,-8.935653453120711,4.575345445687802,6.0434362175801155,-1.1270141444547686,-5.407585955764577,11.117328929885806,-7.097378103427952,-0.335866450660947,-6.1207407175557265,6.991249437805946,-5.104831296625946,-10.956727252708934,5.4739165275595765,-5.516268767460753,-5.021054618132436,-1.6885427127235562,-0.14537513950429898,-7.323771566047872,-1.3076865894791823,0.19069644549804243
-0.7264849933908921,16.409061974603574,-2.003895134174232,4.060599762261142,3.2052667145096447,-2.25053887361347,-5.985235962059125,-6.600535507166602,2.1522367796882405,0.3874600879347403,1.2035810288042526,9.584255394674546,-1.9515165407891588,-9.426401737747897,-6.532152364815054,-0.015226990072903776,-4.9782839755413155,4.909411942745812,0.479612369339976,-8.601880262072559,1.0457783544505233,8.526879418896417,0.2636707039007574,-1.7256962723886615,-4.212013504498335,3.3491145962617637,-13.012964564796022,6.4244553576086005,2.823362691651691,4.729481086047626,-9.409761355680683,-2.6952686105112003,1.7108178954177837,-4.835145784598384,-0.4550626911841572,-2.651140080483967,-2.930586539845864,2.654727130462361,3.9647132832273586,-2.8168801161883668,4.558617611750572,-6.69428965989498,0.11945011608689565,-7.047386736800908,-6.704417739759679,9.210535647373757,0.4475576242518913,-6.104022852277652,-4.197327971764135,-3.874873250415761
2.29277568686376,11.033338710911512,-1.3322216291997107,-2.937712665068787,-4.726772148714411,-8.647139184544361,-7.764814682460078,-11.655404945714624,2.1401410864780215,-2.267637114419549,-0.15043607235497602,0.9260913032182918,3.433010061855528,-8.565005959473561,-13.296902776804968,-10.2255991882339,0.09461971168146391,2.6422202158612675,2.1464535471035884,-7.598838434352278,-1.4078734855444806,11.490192470304391,-2.6245668549857943,16.5267395403605,-4.787614713872857,1.2920587874499032,-1.5616388958757308,2.823362691651691,-5.017852533008262,0.702319236002577,2.670285314193161,-12.748292642122314,6.444581239606078,4.421500618485618,-3.6766111790082245,1.0350675727024692,3.466792102695072,-4.318543252926988,0.8113870846470459,2.519744894524832,-7.157054191179799,-10.647564564191436,5.450170696374282,-12.942430589169728,-3.900483882230191,-2.2038640982452176,-0.7123339048322203,-5.666576577681144,-4.6988430695767285,-4.845738767735179
0.0821737750642779,-9.859738867947884,0.24714459802299804,0.27772819650023994,0.17195102700037745,-0.0569398228057136,6.613808486883793,-4.316371117362134,0.03210739579764896,7.87788162857043,-0.4618056525162453,-2.7996107483275035,0.0726048256902021,-0.5993215596493601,0.3455200236829117,0.35546469741870435,2.3371759854206005,-0.10291499738855792,-0.2710681535800291,0.7734187952430669,2.9115096463373438,-6.227278265984193,-5.716128372833946,0.10193916721274698,-5.37466365358486,-0.09124919137673199,-2.380260414663062,4.729481086047626,0.7023192360025765,6.118028934080797,7.189076266734855,0.20371400547626134,-0.6493985918084426,-0.13630566141328115,0.6742700716735417,2.6588841814663646,0.4297118285944761,-0.0802782218379876,1.101135500139708,4.335005505905513,-0.422706132809881,-5.71846554812656,-0.11951690106670199,-2.5769712684269206,1.1594802939014544,-0.17305498451508192,-0.2288622733072745,-4.732898348265182,0.21799960333203972,-0.41636131314547464
-4.221954697065445,1.942023611040175,4.297745158043213,2.191092788910122,1.2372167090052986,4.5262460864118905,-2.783253067480417,-7.415508122226429,7.03636082675081,12.897801098018151,-9.090978717759626,0.23767234700281237,3.179267637797036,-12.781622543282278,-8.40099519459635,2.955387976803138,-2.8105156649809198,-6.099234715226495,-4.753955557337173,-8.068148154064628,-3.375838450681291,7.068440603577551,10.848054968120671,11.316550022285245,-4.519513962120826,3.4649170608799755,-8.935653453120711,-9.409761355680683,2.6702853141931615,7.189076266734854,6.084795866566819,6.515311511796397,6.349807016173282,-2.6436169511549537,-1.7279320759349415,6.81214332375973,6.00243133998336,2.3219209672764043,-20.570375446786255,6.2840815303618225,1.1308213672715972,1.820313329626475,-2.12043147677141,-6.239596014524096,-12.42715641795248,-3.8336024886473106,-2.7527334555012173,-2.177017808249945,2.365285615224565,4.415858170649549
3.7755559432973005,13.549750470062289,0.2859584748544275,-1.790101688196009,-3.9582905032155384,0.6709868024877284,-10.399870728000366,-8.017095354868616,-0.4482476013300719,3.9649767309793336,0.17005244185691615,3.8533683276306503,-1.4884538464440134,-8.14455505042561,-7.991572678176378,-5.212753160506431,-8.438382372725691,3.4774577299852854,1.659722626528591,-1.2700756691551283,-7.1728140481780835,2.8377697281517023,11.29942289045627,8.268910435703908,-3.896899519029713,-0.49419769093157706,4.575345445687802,-2.6952686105112003,-12.748292642122315,0.2037140054762635,6.515311511796398,-4.09907992763133,-4.397001812572789,5.301438734115133,-5.681468484486932,3.7717875237788756,0.711839085339604,4.565991466203127,-1.4699774100107725,8.73968346217815,-3.9170667206044967,-2.5927053577058277,-2.553272819037785,2.781247162584316,-7.316817411237176,-4.035395571118741,0.2756868069986805,-13.163261947873234,1.473891554817409,-7.67553583439677
-0.36067830041046056,0.06898685011537709,0.07984599147595339,0.46763373531711994,-0.6996181141490954,-0.19249063260950092,-0.641006106097135,1.0226647844059857,0.48324096331910155,-1.1864353100539884,-0.3455115950119334,-5.547792350782425,0.40132733409377463,0.8900663441225236,-5.503513815184261,-0.3211433907786705,-2.775558559772589,-0.8643368423663265,-0.2779459896166212,-9.051582476864995,-0.11613698566663189,-2.6406080238238046,-0.0912274481070226,1.2401976777699193,-3.015096399198213,-0.04529603303095331,6.043436217580117,1.710817895417784,6.4445812396060775,-0.6493985918084437,6.349807016173282,-4.397001812572788,5.498289183428584,10.148483949919806,-0.05279737503906268,7.978944575949692,0.07092293874522337,-0.26103228124003675,-1.767670320563202,3.4634213894634005,0.3676661062667641,-3.2748620620776028,-0.3104945559587169,4.695728078048131,-3.8359835401886335,0.16799379855402663,0.3103605071063622,1.102661454548521,-0.9206961339195583,-0.33564122796481327
-4.374464219164702,5.578503922313393,-5.230584006739742,0.05581238198935887,6.289272051364679,-5.1485513452815255,-7.3809723646211705,-6.1899307106951795,6.071999570018903,7.352338770493171,-4.649297113767699,-0.030251549065658523,-6.2416357852767055,-10.178673123350704,-2.7061344390439555,0.9640624348924953,1.72222355021727,2.1625087935278873,-6.223573185828072,-1.09939486297461,7.611686895330045,6.403788540279667,-1.827390223545443,-3.866855335505194,-14.247673938883297,0.13731694530287775,-1.1270141444547677,-4.835145784598383,4.421500618485618,-0.1363056614132816,-2.6436169511549537,5.301438734115134,10.148483949919804,-8.845300727329743,-6.515313030721998,3.205557970754029,1.1102287678731209,-6.978373759343653,-0.2811092935069113,-10.02717363268144,1.4958268921962006,1.3298869406794231,4.193535120095238,-3.579809872695334,3.470001400747911,-7.271326965246645,-1.554269239755769,-8.557350769451203,1.9413226926984626,-1.0523780199897192
0.35738093389062076,1.729225864248372,0.2793384627766252,0.14269397906913917,-0.8711427098510495,-0.3898116675624983,-3.7141523525075613,-7.224225661877361,-0.5472490030436958,-2.5327780991944913,-0.39547457834115174,2.6548174037596874,0.09063650385344585,3.9943422878803205,1.9542775722736387,0.22393734682567445,-4.4410212497658605,-0.06401663574941163,0.6114636188327476,0.6504180381350829,-8.000229598748456,-2.0160707267226816,1.015557972550268,0.7096532690819453,-10.228666513026733,-0.05928115776555637,-5.407585955764576,-0.4550626911841573,-3.6766111790082245,0.6742700716735415,-1.7279320759349417,-5.681468484486933,-0.05279737503906279,-6.515313030721998,5.420474595840169,3.5544611311072085,-0.008405775610300148,0.691926675834017,-0.4355465468170898,-6.708144203948312,-0.34736262440052046,-6.307851330861523,-0.588853731096062,0.6772565118081884,3.5841464477390352,-0.08340934037827608,0.24692478023260767,-2.335372491000309,0.014221458498895001,4.142193946877891
-0.1496775824212292,-11.441455702524568,5.008408143631624,-6.448095805284642,5.205396533910383,-0.6635787502431846,-5.87698627696351,4.253019945162189,-3.0094759909254503,0.20156424953641716,-1.935474093221113,-6.748487378460394,0.27032928915785065,13.389457514115533,6.905794734060155,-8.221947160980138,8.548233349308637,4.099776211872965,2.5751679636767983,-1.2652335738219556,8.265402406733958,-7.636717956785161,4.423506077625247,-13.218238331859668,13.040248638640112,-6.973469060248717,11.117328929885806,-2.6511400804839673,1.0350675727024696,2.6588841814663655,6.81214332375973,3.7717875237788743,7.978944575949692,3.205557970754028,3.554461131107209,-11.396973907119188,-5.305393147247164,-1.517499789409167,-3.051088823861597,-9.473859634514936,0.7453233957087273,2.5786626910702664,0.1272854196720148,4.654000925864832,4.439030416010704,-5.403058108938821,0.060790858343959905,3.734596152178135,-1.0303585895348673,-3.5799593078267438
0.003757913310024119,5.701579343379905,-0.2784829223035772,-0.1835859074951431,-0.264512798060877,-0.45645391406107094,3.4696635982793755,-6.911308607860652,0.8837954197930123,-9.758449027283799,0.09810176735920462,-3.0113138819515517,0.1525612813856475,-1.5857712997272082,4.024770025440375,0.023027883732122,-5.899840399745308,-0.022214790705703313,0.6952082329870604,-6.15047568935518,2.409529474311137,-0.5037467809819802,2.278068566126344,2.4575351680103976,-0.6687951216996395,-0.09177851474090559,-7.097378103427952,-2.9305865398458635,3.4667921026950714,0.42971182859447626,6.002431339983362,0.711839085339603,0.07092293874522371,1.1102287678731209,-0.008405775610300648,-5.305393147247164,5.491815981525103,0.6927791847945852,-0.33853692782039563,-5.123352332824764,0.6891782401449196,-4.5657583635271966,0.01642292579263044,3.203012789803899,4.605185919491847,0.370796940792696,-0.2427648345863317,-0.10341442554789548,-0.02271983731080862,-1.3445713560913477
0.3238019033805547,-6.7398690803030705,0.5044514666187705,-0.600662276266926,0.45581083352455515,0.48164972255819305,-3.5890868296206095,-4.140094515166583,-0.23775647122497623,1.5917404099787822,-0.11274935003838671,5.8680204188393175,0.1979028777620274,2.6297148876553296,-0.867054041752522,0.16688770563193045,7.875194980679642,0.1788772241019594,-0.022930823118778365,5.923267541341471,1.8803580350981393,-3.2553726899258413,3.608450871013696,-0.8948551228922241,-1.871175775603456,-0.4935832711613486,-0.33586645066094634,2.6547271304623616,-4.318543252926988,-0.08027822183798633,2.321920967276404,4.565991466203127,-0.2610322812400361,-6.978373759343654,0.691926675834017,-1.5174997894091677,0.6927791847945854,5.5924881570117675,-2.435034776432537,-4.27381689978724,0.63887807589204,4.581599781045662,-0.714895767670553,7.930930777738497,3.434335313285816,0.17208611636333318,-0.44294503358226134,6.375400914179084,0.3924111067034742,-3.3927031507424132
-3.0274451495856027,10.294605597819846,3.903933516085127,6.5020418929872585,2.665166831905326,0.9502752934873748,-8.90627561523423,-5.0006817432143595,2.363421984944779,10.671080679369949,-1.2957486678340735,1.0002202916312453,8.145157561939431,-1.7796166034861731,2.8124505585615673,-0.5316067715794202,-10.086256628252904,-6.81903603735953,-0.3544142891880594,-12.241197966327329,-7.791782707616315,3.529245873893048,1.2564494045858332,2.8472379133814885,1.1170350910137121,2.0267775266517196,-6.120740717555727,3.9647132832273577,0.8113870846470463,1.1011355001397083,-20.570375446786255,-1.4699774100107732,-1.767670320563203,-0.2811092935069114,-0.43554654681708893,-3.0510888238615963,-0.33853692782039624,-2.435034776432536,8.244491888858056,5.732539880094496,0.0213514832573658,1.5734014328344161,-5.001901142801393,-13.240059405721997,-12.260384478003735,-3.0752941972369405,2.0505702893576463,-6.776271596398027,-5.5818589983232645,-7.02601945059405
-3.950172609137354,-7.899527051811997,-2.4872954204082225,6.4311902925756925,1.917233942501772,-2.2914812390779407,5.101027482916081,4.183409699500204,2.8631033253805036,-6.771710652647181,-2.1418879897439376,-14.905254953499178,-0.5379609065723424,-3.1473584157457655,5.419798837702686,5.508506999106599,11.66275294180325,2.373232087895908,1.2745147780284067,-4.420796267763906,4.61018267506176,-10.012671406742532,4.21740698328937,-8.640091779397855,12.182538502498799,2.633144976730433,6.991249437805946,-2.816880116188367,2.519744894524832,4.335005505905514,6.2840815303618225,8.73968346217815,3.4634213894634005,-10.02717363268144,-6.708144203948313,-9.473859634514938,-5.123352332824764,-4.273816899787241,5.732539880094496,-11.606354304956508,2.0952323954872747,1.930442226373906,0.9778684914568496,3.586209546903582,10.41510972720941,-10.8565522555086,4.639821770097161,3.538705729222911,-4.230600474050976,2.8654336198610375
-0.29311701356899356,-6.930121610664641,0.042327350586469636,0.2547368066177461,0.548744017999813,-0.02887671664278363,2.7132174082587803,-5.272685703967,-0.5264845033911071,3.672915584023125,-0.35122466876178093,-5.313750974893601,0.20706050904997408,0.03562096743240439,0.2183168842915717,0.44216492867975743,-8.053686905517047,0.6382018665296798,0.195704504585398,1.906045261057616,8.362882162297474,6.913283891454352,-0.5355954862542576,2.8996427817653916,-1.0596268124449064,0.2763369592499296,-5.104831296625946,4.558617611750573,-7.157054191179799,-0.4227061328098813,1.1308213672715979,-3.9170667206044962,0.3676661062667652,1.4958268921962017,-0.347362624400521,0.7453233957087273,0.6891782401449196,0.6388780758920398,0.021351483257365855,2.0952323954872742,6.099736291991284,5.352556042911197,-0.37393304637521185,6.4627427651991125,7.469134120209075,0.2530859042786702,-0.02502067617585524,2.7075140211211934,-0.3241653863094456,3.7420175774919215
0.6040314360945467,4.370710727549742,9.070339219009963,-5.296143605276874,-0.7414359591053218,-1.6315958644103188,5.187494756264666,2.204212574476271,9.774328150029628,8.493243266985942,6.657509413253401,11.175433659599271,0.8304373114083616,2.704495821935647,5.117848997482703,-2.712797760628026,-2.9515559561059432,3.061727159106649,1.1871434642015528,-1.5357913241971033,4.761829748920607,2.527486055517854,-3.859253973036786,3.546270176352863,0.005963667900488995,5.821195145949098,-10.956727252708934,-6.69428965989498,-10.647564564191436,-5.718465548126559,1.820313329626475,-2.592705357705828,-3.2748620620776028,1.3298869406794238,-6.307851330861523,2.5786626910702664,-4.565758363527197,4.581599781045661,1.5734014328344152,1.930442226373906,5.352556042911197,3.173420408116441,-3.0834911946426153,3.436353674096158,-5.9034101939782655,-1.68643220066419,-1.9514731919536152,-6.007561248709612,-2.926296315923546,-10.70475838975399
0.17593997803488215,2.044348122660714,0.4569771957920658,-0.22419638948068554,-0.7104376891974884,-0.18256101933796787,-6.062580196115272,8.28978945379081,-0.3065547240912597,-1.296582403371885,-0.03492453197549861,-3.3605205500148214,0.06958027810994061,0.21017037523551477,-4.685300444615705,0.5334922833771437,-3.3492963994894587,0.3686065452609999,0.0008252995033107835,3.066103479518555,1.1032757013147232,1.3301611583566066,-0.18283383342188003,-4.5033065671961605,4.681380311758069,0.010866544329622752,5.4739165275595765,0.11945011608689515,5.450170696374281,-0.11951690106670015,-2.12043147677141,-2.553272819037784,-0.3104945559587164,4.1935351200952375,-0.5888537310960626,0.12728541967201534,0.01642292579263105,-0.7148957676705532,-5.001901142801393,0.977868491456849,-0.3739330463752123,-3.0834911946426153,6.478945888402327,1.7856655452146277,-5.998361638502858,0.3390148452741565,0.11968590091089465,-4.3620673920381305,0.22796488405697063,5.736219250311534
-7.615964881223711,2.8225821384805867,-1.3409943576479288,2.894017065869125,0.08315219961628939,0.8398900571928916,0.22183098821610958,-8.390633513860195,0.34035734825779884,-2.043605088181872,-1.4138841588974,6.18611053848431,1.875523019497964,1.2584418586185258,-14.50009826566277,-9.340403926681796,-5.146524802876346,3.2505502272411637,0.36774356819886767,-7.251529086500556,-8.169822112705267,7.297162699617597,11.883251257341247,4.156397446048285,-4.554081674306452,-1.9069623732872005,-5.516268767460754,-7.047386736800909,-12.94243058916973,-2.57697126842692,-6.239596014524095,2.781247162584316,4.695728078048132,-3.579809872695334,0.6772565118081887,4.654000925864832,3.2030127898038994,7.930930777738498,-13.240059405721997,3.5862095469035813,6.462742765199112,3.436353674096158,1.785665545214628,5.6186481825673305,-1.952475964832112,-7.671517483925731,9.429290148168416,-6.9843163590116255,8.732364187906771,2.8872993456561837
3.3849342321654743,1.357583487699888,-5.194199647607691,-4.825478151654487,-2.6579812166365326,8.10474332058096,-8.810895640197561,1.405569421891051,-0.7446647105186902,-1.9074063700353192,-6.588421121518581,4.534411933842201,0.7076462297170952,-3.2686342562690864,6.913002865706884,6.492352998432848,-3.0392325705405185,-3.526451012535118,-2.1925713324820695,-4.564248684025718,-5.768653497530177,1.9312929290740892,13.465225115624918,3.6771667065721148,0.8768884785925792,-2.9502871146798153,-5.021054618132436,-6.704417739759679,-3.900483882230191,1.1594802939014541,-12.42715641795248,-7.316817411237175,-3.8359835401886335,3.4700014007479116,3.5841464477390352,4.439030416010704,4.605185919491847,3.434335313285815,-12.260384478003735,10.415109727209412,7.469134120209076,-5.9034101939782655,-5.998361638502857,-1.952475964832112,8.076069023350065,4.774410608423604,-2.74736761769948,-12.882876231589764,6.008209950890811,1.104839687256618
0.4492996236278208,0.5298820721108279,0.017854181991588725,-0.5588359361033269,0.41219043787269904,-0.16065435087549665,2.410729940463201,4.301642800804984,-0.28219214583288155,-1.6160855418077438,-0.32569239349742196,-1.0245325054338188,0.22763193638321855,-9.012164733160315,1.0005695033753406,-1.2656625367564374,-8.060340459529028,-0.7254806403756959,-0.5753725725433485,2.566611512433713,3.3404390458696422,-2.8185488747997556,0.1071768612718893,-1.6832122094968867,-0.9622235966738261,0.21170119346951877,-1.6885427127235566,9.210535647373758,-2.2038640982452176,-0.17305498451508206,-3.83360248864731,-4.03539557111874,0.16799379855402696,-7.271326965246645,-0.08340934037827474,-5.403058108938821,0.3707969407926959,0.17208611636333304,-3.07529419723694,-10.8565522555086,0.25308590427867117,-1.6864322006641896,0.33901484527415615,-7.671517483925731,4.774410608423604,6.032894238788458,0.1270576840204639,-5.5835870140865485,0.26626475280461215,-1.8679706663940252
0.33615575161512035,0.7888061034706928,0.02037868648964125,-0.17783858830627738,0.8193937940819431,-0.7269233466230203,6.6283199154418835,-6.146488701367226,0.18113519927983618,2.2392161912458715,0.2121814957707655,5.094301743563624,0.28695969021883166,5.257482834766951,2.0083824973532147,-0.17946690506719798,-6.6347413665437545,0.04638421824857586,-0.9004272766372151,2.669181322281205,-1.0621221449577836,0.22870952302713043,5.047408742176623,-4.073566378310025,-6.809100068005973,0.004082956908946056,-0.14537513950429837,0.44755762425189227,-0.712333904832221,-0.2288622733072749,-2.7527334555012173,0.2756868069986802,0.31036050710636165,-1.5542692397557691,0.24692478023260736,0.06079085834396142,-0.24276483458633136,-0.442945033582261,2.0505702893576463,4.639821770097161,-0.02502067617585413,-1.9514731919536155,0.11968590091089426,9.429290148168416,-2.7473676176994797,0.12705768402046413,5.579155087674769,-5.547655343553471,-0.3692849387040542,9.101917367575497
7.643950093349518,3.710158574474088,1.1275412250021017,-3.2173476628924758,-4.634501271379463,1.8705796869640627,-10.363020831305592,-5.031620536589042,2.3008633065578197,7.903503926333206,-1.0548587621990826,9.350068359243537,-6.504705770420934,-6.730721298926218,-9.099790476780509,-1.025468260528678,1.0396282511421875,1.6798703309666374,-1.4773040190433655,1.3553233648705976,3.8202308462409604,3.9526067097561017,9.771343027121008,8.443845298305284,-5.6591345043303765,-4.060445841916863,-7.323771566047873,-6.1040228522776525,-5.666576577681145,-4.7328983482651825,-2.1770178082499454,-13.163261947873234,1.1026614545485218,-8.557350769451205,-2.3353724910003084,3.7345961521781352,-0.10341442554789523,6.375400914179086,-6.776271596398027,3.5387057292229107,2.707514021121194,-6.00756124870961,-4.362067392038132,-6.9843163590116255,-12.882876231589764,-5.5835870140865485,-5.547655343553471,-6.798829848787191,2.242433705299122,-10.395013087620345
-0.19936325465274013,0.8829110262310991,0.13836438697564635,0.3285970816928219,0.1361506207977763,0.32960953353109895,4.693649429584416,4.404609502794331,0.28576094569818555,0.0865329561893311,-0.22546015253742246,2.947978551045933,0.17161543419132386,8.62401191187383,-10.63347898613533,-0.08679423351684656,-2.4949017447878834,-0.3823270553286599,-0.16889993066334702,-3.6342246412013735,1.271660542599764,-0.24739884291316594,-7.192536658350184,-5.569132451339547,-3.6616354411077556,0.05000320812126047,-1.3076865894791825,-4.197327971764135,-4.69884306957673,0.21799960333203866,2.3652856152245656,1.4738915548174094,-0.9206961339195594,1.9413226926984621,0.014221458498895556,-1.0303585895348677,-0.022719837310809288,0.3924111067034746,-5.581858998323265,-4.230600474050976,-0.3241653863094458,-2.9262963159235458,0.22796488405697102,8.732364187906771,6.008209950890811,0.2662647528046126,-0.36928493870405404,2.2424337052991223,5.226959621979592,-1.961510649325475
-4.960922117918475,2.023458383769954,0.5488340428183273,-0.03764754433014594,-3.206799441575442,-0.13338031747152246,3.1218090494070667,-9.607415891836439,-3.4304844791299987,0.6869395820706965,7.1138298885982145,3.357450486349602,2.998355955587818,-4.641767560210862,-1.3123165419896785,-0.183797237222042,-11.902008560119587,-2.6725323213214796,1.8528489269235942,-3.5605446046926232,-13.246789571336818,6.594357575843437,3.7404468547027117,-7.121616973087914,-6.235461104018949,-5.368028878679004,0.19069644549804154,-3.8748732504157606,-4.845738767735179,-0.41636131314547553,4.41585817064955,-7.67553583439677,-0.3356412279648124,-1.0523780199897206,4.1421939468778906,-3.5799593078267433,-1.3445713560913481,-3.3927031507424132,-7.026019450594049,2.8654336198610375,3.742017577491922,-10.704758389753993,5.736219250311535,2.887299345656184,1.1048396872566182,-1.867970666394025,9.101917367575497,-10.395013087620345,-1.9615106493254753,6.741227566893048
