n
50
c
-125.25216716645808 191.20737661319237 -154.4498345315794 164.04530682203273 5.4063596499555935 10.023512501567227 192.94334966443387 119.37284392110968 -166.68641709143657 -141.31354829750637 -143.26708612708273 -162.9969628155825 -203.25379578922747 -165.72007788453732 19.827062985818532 153.56902335630207 -9.488819417831316 145.82209193388516 179.807584775032 -180.34143293671812 -167.30930127771833 15.821022949493244 -168.92840694607798 -0.6889422002080785 7.167780653389466 -168.0118118726061 -144.51733688282383 121.2640077973102 -6.754512767089066 -136.33931762099908 -184.32713486157732 177.210350936438 -147.6107644725418 -155.0315085788432 151.28532050263954 159.7638209894138 24.157105100674183 180.23835285332268 18.572462637570393 148.95488434955692 139.55009105544403 -26.445391034583217 8.002244834045651 -145.97463302258052 11.357649829936376 -187.89614881599542 -13.140826598630436 -15.874942903532917 139.20967396130146 138.656232125298
Q
-14.67730194679215,-3.134279831016376,-10.380927810338305,15.022222472611546,2.660510888898953,-2.1141668168426215,2.6033913929143466,7.452904076852955,-13.11030639711153,-1.8941117989055658,0.3453138881085197,1.7200665629353913,-5.164552846849404,-5.005960967033207,-9.683344744576264,-0.47053194809838206,4.062182464013449,12.44355506195158,17.495581013467724,-10.742993732480395,-5.8420580770489074,7.489108274222853,-14.100516331628032,-9.47988258095559,10.482047911590804,-5.3772638600683145,-17.327287306402923,8.033203555749747,6.609845092381308,-12.757239422710589,-4.416646780128328,11.885743288368714,-13.59142197875561,-9.365047571135237,8.942132268800604,4.003089831613109,-7.781764767881739,12.665609182398592,-1.6173818711729702,2.6915322851854873,3.4704951361143626,-1.913160700846821,3.861779388680965,-9.028346367536404,-7.793116652660085,-12.358454577775401,7.817956806934702,6.5038634296027,7.694762582300087,9.789932335768977
-3.134279831016375,1.5591718269856036,-4.354405416274014,-10.742872065562581,-3.592986064547188,2.105421860264144,-2.988864015730452,4.443182408746891,10.266346335478463,-0.1505882543036754,-3.5474588017466324,-0.6380628036770827,5.415020232642178,-1.5094283598209273,1.796130576845622,-0.08591494600780991,-5.423287650698835,3.7515837961205634,-0.8738385656624177,2.9682979059525456,6.157878555019104,5.065370351949771,2.1926562037670974,-3.95794872745363,0.11012027217325104,9.663093833770855,4.5513633684002155,-11.639016953339414,0.8208307244994039,7.485418594608357,-0.1702875348063577,-1.2050474988235025,1.9821534184489502,-7.228131071774512,-1.446389772156415,1.8253957540347039,-2.2796132163832743,-8.890648507057918,-1.7121585863078734,0.4511952600042499,-5.179404632884597,-3.59131896974712,1.7435132699279028,4.53083719512804,6.766245488575638,7.233225964005919,0.7820631662778704,3.555356831211326,-4.759470151228487,-4.406833784897321
-10.380927810338303,-4.3544054162740125,-3.4868725661278424,8.497921292930348,-6.129416318622287,-0.19551497354115555,7.7527398529499205,-1.0145753654925005,-13.584278881892939,-0.2296085588171507,-2.671669256516754,2.4167062258796834,6.363156239579869,-1.2681541412395658,-6.520042378156539,3.146714070182872,2.4928966898984264,7.097472467422026,0.5371039317432276,-8.322210385347939,1.009723233712045,-8.79133657549453,-4.3957435457413,0.448817083920756,-3.6542204406356835,-1.3387988565519033,-8.871255467758681,12.936829398539226,0.19391952580623634,0.5342628132491551,-3.413311355688957,6.234122776062684,-1.283677751832253,-2.516132522100194,9.285429759265387,2.624861425642478,-2.820707026730042,1.3533992508380708,-1.5717076802038736,-0.37047110862986865,5.030519374507588,5.182645067479613,-3.1787407838968154,-7.489903870324628,-2.406096325634924,-13.614021404995473,9.370819403428047,0.31203636841046956,11.475749436687448,0.9848654184732428
15.022222472611547,-10.742872065562581,8.497921292930346,11.058789442450994,-2.3239153782712516,-0.9634752814150294,-17.321631588717736,-10.01634115406923,9.116394057436805,1.4115654295632145,3.732262461270947,-6.389913978961382,9.590453829800895,13.999378384679154,-4.44546466247455,4.488291838090029,-5.336458291657957,-3.7460875857583984,-8.452483163123695,1.1355091622289368,2.522915625481483,0.7295144328959856,7.948873014528157,2.4369490151232913,-7.114970772769498,8.371889835966282,-0.7026942818692432,-4.320840932303986,-1.144719399217736,2.6974744314420525,0.7200412193602971,-6.9355273850841455,10.009757754271742,-5.948837749864406,0.7952328040186025,-2.299735321414872,-2.635112794265573,-5.565460803862758,-2.857733206500065,1.4543464838958868,-3.91751623897685,-2.9867380645175725,-6.404253734681475,16.18579221562971,-5.7909820362724105,6.491563850842418,-0.9854318136747737,9.0235414781967,0.5325561851748977,-1.985199553542143
2.660510888898955,-3.592986064547189,-6.129416318622287,-2.3239153782712516,5.747099473712443,-0.5675763538763978,-3.6164187251696625,-0.2349145287853054,-2.2001632829097257,-9.727585849332467,-7.360272257179876,0.6030448001661843,-2.8190198427083977,-3.271125092088692,-0.03661421983705476,4.650504064817246,0.293704091424164,8.24670966660441,2.6160297305539806,5.88454931853906,5.082075398146399,-0.2302587295152303,-2.4963850451188008,0.4647336528715178,0.15312172556996329,-1.8138994405267956,-7.589657831031138,5.978666520419209,0.09251523418486507,0.8569577916774274,4.4301779504393926,7.087392207280578,3.0595921115474614,1.615569683306564,5.1848391059526815,1.2922722537313465,-0.34273086065162606,0.5759750494220315,-0.3945287386014749,-4.2999194077363825,-5.875841720467802,1.3711638214014472,-0.5340387760946137,0.44405730548558653,0.7313842932849015,9.052937359076553,-0.512855379175293,-0.9185557750851525,-3.4057043880012645,-0.3143018032731514
-2.114166816842621,2.1054218602641437,-0.1955149735411546,-0.9634752814150294,-0.567576353876398,5.137135287656654,-5.480599485756517,-2.8694199920987242,-3.1320682863969593,-0.5299008120696085,8.62622439676,-4.0923080777216345,-4.957969236308088,-0.7902367238722787,0.5868935321730234,-0.8051576699852072,-0.25658567200552074,-1.6225448104054856,1.9393906932027687,-6.389059678761743,-1.2590898657520027,0.3868130857871039,4.205358640335284,0.5735469053950827,0.549096931037075,0.5941043209412142,-0.5819724115427445,0.025682522268576924,0.3580657550254915,3.194030022973834,-1.3805277861939858,-1.2917932751901762,6.4902279252846,-0.6402730816989181,1.3097810381498758,6.049618545721307,0.10828712974658727,-9.09148298917264,0.528875467929088,3.9896750024708156,0.5365863057227938,-0.5639850065117539,-0.6073238162605088,-0.5150100467824548,0.1496997132988428,-9.359896337441299,0.6364229289060357,0.5276799947238626,1.8388552460536682,3.7106790723318666
2.6033913929143457,-2.9888640157304507,7.752739852949919,-17.321631588717736,-3.6164187251696642,-5.480599485756517,-5.124329349270458,-4.714918906658026,6.652335049420492,2.165608712767024,8.341084481455573,4.614675109011372,5.160800971220962,-6.332001812191486,9.76058057933009,3.1006165086471897,1.9373668859890252,2.657155345931649,-5.900310053335628,5.594938988173403,2.3527369675258685,2.4978560637413496,5.480860959136743,0.9353554657193532,-3.499765331596571,13.107129281103113,10.158959660210858,-2.5179299467221394,7.548000027766295,-6.2012568826446,-3.9372836088150343,0.0167595028415779,-0.7006021978273347,-0.66988990057109,-11.240254808004268,-6.012460983559855,4.28723131316309,0.5624887275497542,-8.623364312054115,-3.883636862657715,-10.729214422192397,7.301487571725374,5.465551784457187,4.064282191110173,-1.8679413154535243,7.926470734865464,-1.7838054068593732,-5.225798520856937,-8.879736393537016,-3.818259492734497
7.452904076852956,4.443182408746891,-1.014575365492501,-10.01634115406923,-0.23491452878530583,-2.8694199920987242,-4.714918906658026,1.7448187961068422,-0.8167463485468196,1.7362084422726378,2.2125554504418785,3.9471495976102298,6.749189787385964,13.212837468266724,10.110314787971399,-1.2680192807943618,-0.8521142677564517,1.5466816608866436,-10.762063318693949,7.653455809376614,6.569509290193116,-0.5099309648673567,6.692529911722458,-8.22298913109346,0.4155780335193431,-2.381429391631121,1.5869331904585315,-11.354896816331584,10.585522153614031,9.135801150807353,4.622916511300686,1.2188912357807058,12.688769943036892,17.703052887077263,-4.159443050382337,-6.67830018806525,-1.082457909632943,-3.3700260281432604,-7.5769418527776615,0.6561131900648394,-1.9466977916369055,-7.121945975207147,0.07397525602437988,0.26712767273202265,2.781033053894515,0.9843897716539904,6.56732963551193,-0.5743860610822598,-3.7246373521730596,2.888705963210025
-13.110306397111533,10.266346335478463,-13.58427888189294,9.116394057436805,-2.2001632829097257,-3.13206828639696,6.652335049420491,-0.8167463485468183,8.369250751317598,-8.032745666490362,-12.651587671025528,-12.646212285041672,-5.198712815031134,-4.496388675124303,-2.2664294395563442,0.5234710068275984,2.4064039625489158,-3.6092104003318917,5.137233674354927,-4.795317699325603,-4.626933881611321,-7.031878307178622,-1.3486321510159738,-3.5721073791557414,3.9505097466794483,-17.185308225551353,-1.1751758933417185,15.51426316466987,8.77785702935799,-9.83494627290165,4.5827441198384555,3.2067714766284823,-1.3948541650188087,1.9540346748631319,7.192258943911716,8.599198742036894,10.506720003230711,4.8395707121202864,-1.02652136731603,16.049478666216213,-2.6133970339781873,-6.0349269370095735,7.701852523513744,3.3586082432642135,-1.9472268205584646,-8.646005891497841,5.660313077954229,-1.7088594371923511,3.77772975049135,4.530216796987377
-1.8941117989055665,-0.15058825430367612,-0.2296085588171498,1.4115654295632145,-9.727585849332467,-0.529900812069608,2.1656087127670247,1.7362084422726387,-8.03274566649036,-6.640052267224276,2.8488219487533066,-11.338511032366853,-1.2502147138118116,-10.112147977686925,1.4485845148782226,11.662536633118002,-2.009934959241394,11.902263219528303,1.432055638009642,-6.623387040653432,-4.86805483678457,5.558627158724424,-7.453105940123787,1.0677110473043863,-4.370918900666012,0.1658681316628693,-6.750422310083171,1.274299518494307,-5.966276351368352,-0.1357160788275602,-1.7261627070893535,-5.042526986411889,-16.312969373423638,-4.55186098656189,-6.008150187285804,4.2374576183159665,-2.3796264928114392,9.41589044727641,0.36975886532246405,5.725347167264672,-2.63976479929014,0.5622647659506281,-0.09369974564658601,-2.2998905825230667,0.38337581428776113,-5.728936475731453,-4.345178965584029,2.865126157292093,9.09999316677236,5.960614409611983
0.3453138881085195,-3.5474588017466337,-2.671669256516755,3.732262461270947,-7.360272257179875,8.62622439676,8.341084481455571,2.212555450441879,-12.651587671025526,2.8488219487533066,-1.8100818867694946,-7.769667988537361,-2.067459097402139,3.490370107392488,-4.783970333594568,4.770542099942547,6.352491261697391,-6.514715895793207,14.19895616513861,-2.9262561356373062,-11.040360361402733,-3.362646520344667,-15.479203365066434,2.5675635494388827,-3.1762505646785786,-5.81718062666317,-12.707553715951548,10.571179442044519,3.7001255387042438,-3.476670080214669,-6.173771243821305,7.640705829048775,-11.239755700819387,-4.719457602684274,-2.4672947804066157,1.7783169052695529,-0.7278131227534549,6.608442588611434,4.2099313638705675,6.483994817560782,-3.182057458694002,-6.147250620405403,-3.746621589988942,-10.053327663694834,-0.3340699568510518,-0.9108198085776098,1.8679405843642747,-9.696994021110571,4.456538395194397,-5.131922056856721
1.7200665629353917,-0.6380628036770821,2.4167062258796834,-6.389913978961382,0.603044800166185,-4.0923080777216345,4.614675109011371,3.94714959761023,-12.646212285041672,-11.338511032366853,-7.7696679885373605,0.13131422306480545,1.1524159739737823,-4.547705259313256,-2.665066601209099,9.251027205774479,0.008175040784987986,2.672437581056215,6.613987598897638,-9.522216121727379,-15.100213269396058,5.163362310334154,-4.295447510724822,0.11127677371178141,-6.066347493435625,-5.672576094937588,0.7193711382373817,5.117185795611011,-4.952037291561569,-6.797581071697853,6.738072817835782,9.80902065286537,-8.466085737090895,-11.113517064250768,0.929876866241076,-0.717181232445725,1.9975821332708237,6.747771420767705,-6.380535800421265,4.55746269264158,13.22273473826661,6.882301951847958,7.222142567368195,-5.69926591176927,3.3561657772714915,-1.4047412144316342,1.1563510126832903,-2.9061661575816222,-2.889026717494807,-0.237788377581405
-5.1645528468494035,5.415020232642177,6.363156239579868,9.590453829800895,-2.819019842708398,-4.957969236308088,5.160800971220963,6.749189787385963,-5.198712815031135,-1.250214713811811,-2.06745909740214,1.1524159739737823,-6.1920106759201925,1.6099358739149288,-2.3358859627214716,6.996757932797245,2.6369316679617727,8.518833079109852,3.564926878993904,-1.5154401442445773,-0.9476900962226047,2.1820658504048818,-0.3050825898853864,-0.18261077256757874,-2.9525131388554104,0.9378941164890116,-14.404316904937515,2.165242589796543,-5.6580336807354765,-4.991483948558412,-2.3038389116291063,3.267836460523675,-13.059065134857788,-3.91842670726114,4.769487641485325,6.5124706988086976,-8.602064897607862,10.57347412180617,-4.82855124078016,2.0641154633004724,16.09247637818399,6.587124479422795,1.2720866270031186,-1.4246157846412086,-3.764006076975624,6.147187878355151,0.0277973402165127,-0.4850749928713878,-0.23767323198850565,1.5227053174953014
-5.005960967033207,-1.5094283598209273,-1.2681541412395654,13.999378384679154,-3.271125092088692,-0.7902367238722786,-6.332001812191485,13.212837468266722,-4.496388675124303,-10.112147977686927,3.4903701073924887,-4.547705259313256,1.6099358739149288,7.726389045855343,8.099166765786093,2.5602223210266764,-2.521231521570919,8.195590689291762,0.24227356650303378,4.098427203553768,0.540675833239933,1.3048834111276049,-15.60128963123983,-3.0731795472840675,3.9233385483321057,-2.86906851168416,-6.432885347458699,9.976697544442334,3.842939124374544,-2.756504371867377,-5.5709036539227395,-3.431693588128363,-9.646184916978408,-7.778221497990103,-0.5864150477223524,11.104928394254264,0.0034566205717230236,-1.7354086745484212,-1.8413847950612112,8.051446770109127,-2.3493801712234585,5.104206446847009,-1.007987283034269,-8.350605428497149,0.9262742804362687,3.797472213358714,-6.904380086364135,-3.3118572145603236,8.21860863658421,5.896068922717635
-9.683344744576262,1.7961305768456217,-6.52004237815654,-4.445464662474551,-0.03661421983705515,0.5868935321730224,9.76058057933009,10.110314787971399,-2.266429439556344,1.448584514878222,-4.783970333594567,-2.665066601209098,-2.335885962721472,8.099166765786093,6.517119450814395,-1.2724303189795805,-0.07838738523590605,9.46688718689551,-1.9044623903943714,-7.971378875698542,-5.518644171797741,0.46323654465441777,3.688926092390369,0.2851505924921478,0.320729805353854,0.4626939123315248,3.822071408286445,4.535247710603841,-0.032152806030967096,-2.6516833177473647,-8.180893721754092,-6.040434403008023,-3.8732850218642922,4.772782652572026,-7.341395857139537,-6.9582521423240475,0.2520647266996101,-0.34550687532201046,-0.32267767990464125,-2.2565626986562557,-1.7758375198965153,-0.03420864905577803,-0.014871241221478482,7.431869918545035,-0.041609030884354886,5.762614926322961,-0.704918963191877,-0.34973213146171866,-0.5811085273410577,-2.1089025602071487
-0.47053194809838406,-0.08591494600781091,3.146714070182872,4.48829183809003,4.650504064817246,-0.8051576699852071,3.1006165086471906,-1.2680192807943613,0.5234710068275974,11.662536633118002,4.770542099942547,9.251027205774477,6.996757932797245,2.5602223210266755,-1.2724303189795811,6.49097317475099,7.39427579118482,-7.115371428674791,5.330849062888856,-0.6607055758634612,0.9698175325830884,4.814265283092865,9.791615351788616,-0.16838067784839617,5.973087826985166,12.440468992641629,2.572812186230782,-3.1215688577086222,10.376392500498762,-1.7679484531067513,6.156718852546214,-2.0762461803507377,5.513023076731326,12.568669743863019,-12.21073153037136,-6.0813714379499135,-4.003705281882576,-6.9233816360802845,-0.6442253843182626,-5.7158634242494255,-13.925469543588273,2.1358874275091,-2.0734077650712015,14.184526127747015,-0.7932630510030992,13.949511535314087,-4.785357877735234,-7.542360518560796,4.0341033747648325,-5.6033222913905485
4.06218246401345,-5.4232876506988354,2.492896689898425,-5.336458291657958,0.29370409142416287,-0.25658567200552096,1.937366885989026,-0.8521142677564526,2.4064039625489153,-2.0099349592413938,6.352491261697391,0.008175040784988041,2.636931667961772,-2.52123152157092,-0.07838738523590624,7.394275791184821,5.072697099224814,-5.100316429335027,-5.079331959090883,2.131432411437677,-7.8963885967367915,-0.3213956231466031,-0.0152946017476987,-0.6010495644576181,0.09705534988323317,-3.6016751495926593,3.8247178347493227,7.845514728735301,0.8369127002923138,2.9733907377331126,0.32892584306821426,-3.925740719279896,-3.7522950028191904,-0.5414629971386569,0.5154086409554179,-8.356200580678891,0.003678250027264074,-3.1597015802648123,-0.10728166672083517,0.9442633087577288,-3.1266435033775943,0.9307221726524924,-0.14363030862993748,2.2342471085892717,-0.4984863032352468,0.05671805805482971,0.054945478663616765,-0.40135447586079315,-2.6428040208237835,1.3782694972356162
12.44355506195158,3.751583796120564,7.097472467422024,-3.746087585758398,8.246709666604408,-1.6225448104054858,2.65715534593165,1.5466816608866427,-3.6092104003318908,11.902263219528301,-6.514715895793209,2.6724375810562147,8.518833079109852,8.195590689291762,9.46688718689551,-7.11537142867479,-5.100316429335026,7.745720021370024,-0.5130456446409715,11.584247848509513,6.197239937518479,-0.047910748519716106,2.6089685332233,-0.07456871905007445,1.0846319828961164,3.2433742487668993,8.550921652492,-2.807104911905609,-6.711138263043538,7.962067452713614,2.9568710272968652,-11.299762681054702,1.5132843083336542,6.17706150457383,-6.44310823172439,-0.05741310359442853,1.196002844511351,-9.29590023867631,-2.3732276928302714,-7.082347015402069,-1.500946438656633,-2.386091366128605,-1.9539843335324554,13.0666007418415,0.038849388108212785,-1.332375232691383,8.264563242487203,-0.03257486026406736,-5.07136860073919,-6.0969340582203415
17.495581013467728,-0.8738385656624192,0.5371039317432296,-8.452483163123697,2.616029730553981,1.9393906932027674,-5.9003100533356285,-10.762063318693949,5.137233674354928,1.4320556380096419,14.198956165138611,6.613987598897639,3.564926878993904,0.24227356650303378,-1.9044623903943705,5.330849062888856,-5.079331959090884,-0.5130456446409715,9.584468334788092,5.983429006373264,9.97998339417331,7.087415561498963,-3.7010042674071735,-7.385812086538227,0.7590434797783444,-4.617041112941966,3.3419951988537635,-7.101100369931748,6.074157844981751,2.7296846706899585,1.1301227599354489,-2.581580287945001,6.050073318229142,3.962346736546193,-10.017986542376375,3.011436965893446,-2.2599596417970385,-7.177478703478455,-2.3981306832329206,-4.540177974330813,-8.036582031378893,9.08180933813248,-10.028954004526788,5.078564876395533,-0.915146231969048,8.444748056865771,2.670270383182194,-2.4919456989223003,-5.12699708581299,-2.9366308131827097
-10.742993732480395,2.968297905952546,-8.322210385347937,1.1355091622289373,5.88454931853906,-6.389059678761743,5.594938988173403,7.653455809376615,-4.795317699325601,-6.623387040653433,-2.9262561356373067,-9.52221612172738,-1.5154401442445768,4.0984272035537685,-7.971378875698542,-0.6607055758634615,2.1314324114376775,11.584247848509513,5.983429006373263,5.6038369893806745,-0.0325822916655345,-2.144191882933179,6.584393765469301,8.00440683047729,0.8505335167828079,-16.732741313495268,-2.74145561595973,8.914801738633468,-2.9693231988725,-1.8469638262993275,-3.0245133477268027,14.184282234640614,1.1198256989048232,-6.937992062833804,4.413267938707885,-1.4431934591427262,-4.669739650308788,-2.1658720085716716,7.429349053939026,5.737377610847156,0.8283542296882151,-0.3126231080104228,-3.74775475902279,-6.356034851967806,-5.685630669497501,-5.19339540668757,-1.1302158022581545,-1.1213738337894243,2.0276874597657835,7.477343971101639
-5.8420580770489074,6.157878555019104,1.0097232337120456,2.5229156254814837,5.082075398146399,-1.2590898657520027,2.3527369675258676,6.569509290193116,-4.626933881611321,-4.8680548367845695,-11.040360361402733,-15.100213269396058,-0.9476900962226047,0.5406758332399333,-5.51864417179774,0.9698175325830892,-7.8963885967367915,6.1972399375184795,9.97998339417331,-0.03258229166553572,-13.03873644430182,0.5951230841597628,-0.9758256884000416,-6.139556913000338,2.8247885637463503,-7.007448231718747,-0.9521698779188617,19.840208706188807,1.4461307211978713,-14.552545285439109,-3.0661145715615477,-0.38605435785841546,-1.3044450120899502,7.151296565692922,6.872629514649474,-3.066756967098304,1.214511675155845,9.24644700937816,-1.1600775224144497,4.900984237355969,4.342174858979188,2.3935789051984506,-1.608463106454744,-6.982416407577534,-1.8527023034979977,-8.207522943847076,-1.2423183358759182,3.752531108362819,10.057887088830348,0.8163682969923566
7.489108274222854,5.065370351949771,-8.79133657549453,0.729514432895985,-0.23025872951523102,0.38681308578710377,2.49785606374135,-0.5099309648673559,-7.031878307178623,5.558627158724425,-3.3626465203446685,5.163362310334155,2.1820658504048813,1.3048834111276046,0.4632365446544183,4.814265283092866,-0.321395623146603,-0.04791074851971655,7.087415561498962,-2.1441918829331796,0.5951230841597636,5.793540217035812,-7.849913971803655,-0.5058147642891324,-0.4661362402041411,-0.6103950899020718,-8.18416028625724,-0.6959128089971537,-0.32607638373199643,-1.272229194166493,4.568004614210937,-4.6243349099913935,-3.2515552285404454,-6.0008740421761075,5.398136233864544,-5.874535005183967,-0.4681589426807649,0.0703237266619523,0.17305257483632586,-1.0857405882613915,2.6595260233541627,1.0248327476867587,0.17483903689240807,4.555234254159039,1.1359161175352057,-4.109406737239649,-0.13650204204515276,-0.5998797030115605,5.479625713932773,-2.4378688788741547
-14.10051633162803,2.1926562037670987,-4.3957435457413006,7.948873014528156,-2.4963850451188003,4.205358640335284,5.480860959136743,6.692529911722459,-1.348632151015974,-7.453105940123786,-15.479203365066434,-4.295447510724823,-0.3050825898853854,-15.60128963123983,3.68892609239037,9.791615351788616,-0.015294601747699164,2.6089685332233,-3.7010042674071726,6.584393765469302,-0.9758256884000422,-7.849913971803655,-3.8917772441421095,-0.07187389524702292,1.7595683228300172,-1.6259731917815046,-7.615641152472422,16.66124990464231,-3.046417758233372,-3.990122905434324,-7.312110693100912,3.375622860463942,-9.681089641428278,-3.039319026536722,11.128590389557065,1.8759724798620896,-1.21555386576018,-7.143924681116783,3.2180411216760865,1.615902004498812,10.01979866268838,-0.31483647290861194,2.1175047732431382,1.1817861311252251,4.488338133533039,6.125232200589072,-4.072870654178343,-1.9144767073024322,0.592013901972076,7.466957648167076
-9.47988258095559,-3.95794872745363,0.44881708392075614,2.4369490151232918,0.4647336528715175,0.5735469053950817,0.9353554657193512,-8.222989131093462,-3.5721073791557414,1.067711047304386,2.567563549438882,0.11127677371178171,-0.18261077256757896,-3.0731795472840675,0.285150592492146,-0.16838067784839694,-0.6010495644576186,-0.07456871905007412,-7.385812086538227,8.00440683047729,-6.139556913000338,-0.5058147642891326,-0.07187389524702226,5.999592791871224,0.26873352982195975,1.3273229623219,1.4877563674453826,9.163453135998461,0.9279460377776292,2.086925501409914,-5.311224843667204,1.055807599740485,8.02388338401051,4.145000313664993,0.38442793015309884,1.6094748376745676,-0.5304973628294266,-4.955668990334531,0.8443767256702411,-2.9761866334123654,-3.7408982182404578,-0.5619198825802811,0.07907891197910866,1.7563409942809691,0.257589960917784,-4.30799985839901,-0.35157421074341383,-0.20421572232077492,2.299411686480226,-3.286878539889745
10.482047911590804,0.11012027217325093,-3.654220440635685,-7.114970772769499,0.15312172556996217,0.5490969310370751,-3.4997653315965707,0.4155780335193433,3.950509746679448,-4.370918900666011,-3.1762505646785777,-6.066347493435626,-2.9525131388554104,3.923338548332105,0.32072980535385265,5.973087826985167,0.0970553498832328,1.0846319828961162,0.7590434797783452,0.8505335167828085,2.824788563746351,-0.466136240204142,1.7595683228300174,0.2687335298219612,5.510894190961782,0.016522629377364817,2.5983976029703797,0.34250927446390206,0.048128804931523717,-6.7926996704823654,4.270632069650378,-5.0836647851410275,-1.5340276876832117,-6.383289638787921,5.217381866975129,-2.6902903295682865,-0.3192168073580993,9.775228103359911,0.8061338107797269,8.262673060507161,0.9498377076266145,-0.3745224077859981,-0.2851786520148496,2.6278802313203653,-0.3818698205084329,-6.2943710262731285,-0.282254814760741,-0.009242057306471041,-8.22560173224688,-10.158468029062856
-5.377263860068317,9.663093833770855,-1.338798856551903,8.371889835966284,-1.8138994405267979,0.5941043209412147,13.107129281103111,-2.381429391631121,-17.185308225551353,0.16586813166286885,-5.81718062666317,-5.672576094937588,0.9378941164890122,-2.8690685116841603,0.462693912331526,12.440468992641629,-3.6016751495926584,3.2433742487669006,-4.617041112941966,-16.732741313495268,-7.007448231718747,-0.6103950899020723,-1.625973191781504,1.3273229623219,0.01652262937736504,-8.932583466956492,-2.6189974723131835,7.050429086841353,1.485562282459434,-3.288534135977192,-12.371227421981683,9.97571357485772,-8.345571336785452,-3.442350813794802,7.404980140241458,1.8082852101494482,-1.4840408270004608,9.165740823801052,6.843736478064908,1.9761186749567394,6.485025455624967,8.099652749520814,-2.167617009892194,1.3288065573973071,2.8642350586419214,-11.816277685299294,-1.924995695023442,-0.28225697419016077,12.08352329952477,4.06149691854362
-17.32728730640292,4.551363368400216,-8.871255467758681,-0.7026942818692417,-7.589657831031139,-0.5819724115427456,10.158959660210858,1.5869331904585322,-1.1751758933417182,-6.75042231008317,-12.70755371595155,0.7193711382373826,-14.404316904937517,-6.432885347458699,3.822071408286445,2.572812186230782,3.8247178347493245,8.550921652492,3.3419951988537653,-2.7414556159597305,-0.9521698779188612,-8.18416028625724,-7.615641152472422,1.487756367445383,2.5983976029703784,-2.6189974723131844,-11.234403599475332,4.087065185627879,-4.34591893077168,-6.156897048964615,-0.7995922713057537,1.8854184515080445,-0.943261500182184,4.624292083202839,3.1619816454034,11.16099217655956,-0.9708864959208008,1.3878586561814885,-9.106397903924544,8.039001725700324,6.553404157801812,-3.234050145821642,-7.042535917261355,-8.22753817210714,4.985058984143347,1.5835245403422622,-0.3908655363904241,-0.3114214081479667,15.695798941963789,9.337291401488653
8.033203555749749,-11.639016953339416,12.936829398539226,-4.320840932303986,5.97866652041921,0.02568252226857759,-2.51792994672214,-11.354896816331584,15.51426316466987,1.2742995184943082,10.571179442044519,5.117185795611012,2.1652425897965433,9.976697544442334,4.535247710603841,-3.1215688577086222,7.8455147287353,-2.8071049119056095,-7.101100369931747,8.914801738633468,19.840208706188807,-0.6959128089971542,16.66124990464231,9.16345313599846,0.342509274463902,7.050429086841353,4.087065185627879,-3.7212989242651746,-1.2942880233149412,4.986433344876108,-7.436366986028151,-2.32506621547922,12.38712197715717,3.7261558087773934,-9.44525032952072,-16.713439411209595,9.78723898948858,-7.495135182937772,4.408908276110797,-16.156404234924175,-3.4638311793842487,2.9964261436900728,-1.9102280188074288,8.686653699737406,-2.3212500285705167,11.886675139760415,2.851569073770024,-4.409224956506548,-5.648521472385324,2.7019856906782365
6.609845092381308,0.8208307244994042,0.19391952580623628,-1.1447193992177365,0.0925152341848654,0.3580657550254913,7.548000027766296,10.585522153614031,8.777857029357989,-5.966276351368353,3.7001255387042438,-4.9520372915615685,-5.658033680735478,3.8429391243745448,-0.03215280603096671,10.376392500498763,0.8369127002923129,-6.711138263043538,6.074157844981753,-2.9693231988725004,1.4461307211978722,-0.3260763837319951,-3.046417758233372,0.9279460377776286,0.04812880493152383,1.4855622824594334,-4.34591893077168,-1.2942880233149414,5.3302163891669245,6.199476320178656,-1.3760466314528037,-1.4681642994041413,6.131084765220494,-1.4287607317145947,3.495955445139693,0.6049791031370333,-1.0844974731401518,-5.002912657603998,-0.5084976703471303,4.860884386598809,2.4485182171226065,0.07759304027022118,-0.19840455258030149,-0.5070640923871684,-0.1886809261977827,-3.419894108696771,0.25012790033259047,0.34808576692368864,5.41690922384387,2.8093925146710754
-12.757239422710589,7.485418594608357,0.5342628132491547,2.6974744314420525,0.8569577916774282,3.194030022973834,-6.201256882644599,9.135801150807353,-9.83494627290165,-0.1357160788275608,-3.4766700802146686,-6.797581071697854,-4.991483948558412,-2.756504371867377,-2.6516833177473638,-1.7679484531067517,2.9733907377331112,7.962067452713615,2.7296846706899602,-1.8469638262993275,-14.55254528543911,-1.2722291941664916,-3.9901229054343244,2.086925501409914,-6.7926996704823654,-3.288534135977193,-6.156897048964614,4.986433344876108,6.199476320178656,4.76111656891535,-17.468594638482262,11.019564649751004,-3.3473009775294043,-8.256428682989846,0.671701977274094,-1.11898239160831,-0.7591320159303659,8.198645253596684,-2.7771673229113065,-0.4630902122230919,11.124984015042436,-3.7638385029204526,-0.06604001244839663,-14.965621464069182,-5.73517288513772,-5.153763150917241,1.5196304459471317,9.194907841419361,0.6298347273408081,10.197393413607445
-4.416646780128326,-0.17028753480635883,-3.413311355688956,0.7200412193602976,4.430177950439392,-1.3805277861939858,-3.9372836088150343,4.622916511300685,4.582744119838454,-1.7261627070893515,-6.173771243821305,6.738072817835783,-2.3038389116291063,-5.570903653922739,-8.180893721754094,6.156718852546214,0.32892584306821326,2.9568710272968666,1.130122759935449,-3.0245133477268036,-3.066114571561548,4.5680046142109365,-7.312110693100914,-5.311224843667204,4.270632069650378,-12.371227421981683,-0.7995922713057533,-7.436366986028151,-1.3760466314528044,-17.468594638482262,-2.271172889078258,8.728120442043549,-13.721733686241937,-7.6878692767034,3.197778227479534,5.65884569533104,-4.053423571850391,9.518337962243109,-3.4009682188901555,-2.3347498404155758,11.892331077306164,-4.002972708925686,-2.9633601277144868,-5.217713400450828,0.8841451602660725,-11.30109942915875,-0.03984315883967057,10.422268328637967,7.561363708086407,-6.966083953716581
11.885743288368715,-1.2050474988235036,6.234122776062684,-6.9355273850841455,7.087392207280579,-1.2917932751901766,0.016759502841576346,1.2188912357807067,3.2067714766284823,-5.042526986411887,7.640705829048776,9.809020652865367,3.267836460523676,-3.431693588128363,-6.040434403008023,-2.076246180350739,-3.925740719279895,-11.299762681054702,-2.581580287945001,14.184282234640616,-0.3860543578584146,-4.624334909991394,3.3756228604639413,1.055807599740486,-5.083664785141027,9.975713574857721,1.8854184515080448,-2.32506621547922,-1.4681642994041413,11.019564649751004,8.728120442043549,7.380344928474459,11.555417048828222,9.075786988963227,-10.897091161450698,-0.7734033875059955,-6.878709138722165,-7.009903153741284,-3.7087508790454096,-7.90427570541199,-12.403391865783039,-4.015008771359211,-3.2508214406702014,-7.323067088231858,4.881540263145949,16.01562361595763,8.44571935003017,1.2474171816278925,-6.900461146879943,-1.041864432205941
-13.59142197875561,1.982153418448951,-1.283677751832252,10.009757754271742,3.0595921115474614,6.4902279252846,-0.7006021978273349,12.688769943036892,-1.3948541650188087,-16.312969373423634,-11.239755700819389,-8.466085737090895,-13.059065134857788,-9.646184916978408,-3.873285021864291,5.513023076731326,-3.752295002819191,1.513284308333654,6.050073318229142,1.1198256989048243,-1.3044450120899498,-3.251555228540445,-9.68108964142828,8.023883384010508,-1.534027687683212,-8.345571336785452,-0.9432615001821852,12.38712197715717,6.131084765220494,-3.347300977529404,-13.721733686241937,11.555417048828222,9.12855083496628,-16.35422155454992,1.8118982828153636,-0.683395035963194,-5.908794055728132,0.10999444430470504,-3.625668646989461,4.742235690781207,15.0513702261602,3.5967590080455065,-2.4205010953904216,-12.892695693126232,-4.512591620423128,2.898095947815151,2.8617606091437513,4.137686963050583,6.881324838214511,3.9265222140435982
-9.36504757113524,-7.228131071774512,-2.5161325221001936,-5.948837749864406,1.6155696833065645,-0.6402730816989188,-0.6698899005710899,17.703052887077263,1.9540346748631319,-4.55186098656189,-4.719457602684275,-11.113517064250766,-3.9184267072611405,-7.778221497990103,4.772782652572027,12.568669743863019,-0.5414629971386569,6.177061504573829,3.962346736546192,-6.937992062833803,7.151296565692923,-6.000874042176107,-3.039319026536722,4.145000313664993,-6.38328963878792,-3.4423508137948025,4.624292083202839,3.7261558087773947,-1.4287607317145943,-8.256428682989844,-7.687869276703399,9.075786988963229,-16.35422155454992,8.924026239426071,10.52414699720321,-0.28514959670495194,3.471151681565127,0.9117707905424101,-7.30873244360527,-1.375289585799735,-5.489704337775776,7.013739946224159,0.25612025822566076,-3.0334534072958848,-3.7099215803809047,-3.771107139899853,0.7637227550942306,3.250941201265835,9.318519649981083,6.934754755010941
8.942132268800602,-1.4463897721564152,9.285429759265387,0.7952328040186019,5.1848391059526815,1.3097810381498771,-11.240254808004268,-4.159443050382338,7.192258943911715,-6.008150187285805,-2.4672947804066148,0.9298768662410759,4.769487641485325,-0.5864150477223526,-7.341395857139537,-12.21073153037136,0.5154086409554176,-6.443108231724391,-10.017986542376374,4.413267938707885,6.872629514649474,5.398136233864545,11.128590389557065,0.3844279301530995,5.217381866975128,7.404980140241457,3.1619816454034004,-9.44525032952072,3.4959554451396926,0.6717019772740935,3.1977782274795348,-10.897091161450696,1.8118982828153638,10.52414699720321,2.3120073239804153,-7.40548295161671,-0.5869787957702376,-8.928062406503896,-5.944762595454487,-8.078709040100854,-0.26735401471920417,-0.2681010874516244,1.542903697362512,6.76536615760905,-2.931349530177461,7.702311499447783,-3.7578231450997057,-3.4660168960564715,-7.544103883173317,2.069462828526885
4.00308983161311,1.8253957540347048,2.6248614256424783,-2.2997353214148717,1.2922722537313454,6.049618545721308,-6.012460983559854,-6.67830018806525,8.599198742036892,4.237457618315966,1.7783169052695524,-0.7171812324457246,6.5124706988086976,11.104928394254264,-6.958252142324047,-6.081371437949912,-8.356200580678891,-0.05741310359442897,3.0114369658934463,-1.4431934591427267,-3.066756967098303,-5.874535005183966,1.875972479862089,1.6094748376745673,-2.6902903295682865,1.8082852101494493,11.16099217655956,-16.7134394112096,0.604979103137033,-1.118982391608311,5.65884569533104,-0.7734033875059954,-0.6833950359631937,-0.28514959670495255,-7.40548295161671,6.872167488497141,0.8954398490028439,-5.066733257766222,3.280634945784974,2.4494415679280346,0.4727949076906508,-0.5046765061713171,-3.5206070097952664,14.351822627557791,-3.0900461410316526,6.572309323800497,-2.6739174479356826,0.19309689101074423,3.181437986628673,-4.161442698552933
-7.78176476788174,-2.2796132163832734,-2.8207070267300423,-2.6351127942655728,-0.34273086065162595,0.10828712974658661,4.2872313131630895,-1.082457909632943,10.506720003230711,-2.37962649281144,-0.7278131227534544,1.9975821332708235,-8.602064897607862,0.00345662057172344,0.2520647266996098,-4.003705281882576,0.003678250027264185,1.1960028445113497,-2.2599596417970385,-4.669739650308788,1.214511675155844,-0.46815894268076386,-1.2155538657601817,-0.5304973628294275,-0.31921680735809943,-1.4840408270004604,-0.9708864959208001,9.78723898948858,-1.0844974731401527,-0.7591320159303662,-4.053423571850391,-6.878709138722165,-5.908794055728131,3.471151681565127,-0.5869787957702371,0.8954398490028438,5.445152854110409,-3.2247107151329693,-0.1396894146743557,6.64918784853288,-0.059157086803462544,0.5729615446996146,0.8453222200971902,4.745785307460627,-0.7880027917232677,-5.399314651015407,-0.42023278861425417,-0.6021159096462246,-1.9636548364798352,0.6891611556952295
12.665609182398594,-8.890648507057918,1.3533992508380734,-5.565460803862758,0.5759750494220331,-9.09148298917264,0.5624887275497539,-3.370026028143262,4.8395707121202864,9.41589044727641,6.608442588611436,6.747771420767706,10.573474121806171,-1.735408674548422,-0.34550687532200985,-6.923381636080285,-3.1597015802648123,-9.295900238676312,-7.177478703478454,-2.165872008571672,9.246447009378162,0.07032372666195208,-7.143924681116783,-4.955668990334532,9.775228103359911,9.165740823801052,1.3878586561814887,-7.495135182937773,-5.002912657603998,8.198645253596682,9.518337962243109,-7.009903153741283,0.10999444430470551,0.9117707905424095,-8.928062406503896,-5.066733257766221,-3.2247107151329693,6.594500429832925,5.246936507022104,-2.9886827032693235,6.262367419107967,8.722729791417066,-1.3577552369168466,7.006634634216705,-5.743526638623974,8.698491681698142,-6.138244359303273,2.923248334756543,-2.943680247386375,0.18210667844508788
-1.6173818711729702,-1.7121585863078739,-1.5717076802038734,-2.8577332065000656,-0.3945287386014735,0.5288754679290883,-8.623364312054115,-7.576941852777661,-1.0265213673160307,0.36975886532246305,4.2099313638705675,-6.380535800421266,-4.828551240780159,-1.8413847950612112,-0.3226776799046409,-0.6442253843182624,-0.10728166672083472,-2.3732276928302705,-2.39813068323292,7.429349053939026,-1.160077522414449,0.17305257483632625,3.2180411216760856,0.8443767256702412,0.806133810779726,6.843736478064907,-9.106397903924544,4.408908276110795,-0.5084976703471303,-2.777167322911306,-3.4009682188901555,-3.7087508790454096,-3.625668646989461,-7.308732443605269,-5.944762595454488,3.2806349457849744,-0.13968941467435636,5.246936507022104,5.16044308859485,-3.440068244136017,3.420454068610787,0.22390888347622373,0.13508806979183968,0.9931272564001186,-0.4876506996989659,1.0032041306669315,0.09441818528764534,-0.37377775735788576,-4.185101730181268,-2.751243417530513
2.6915322851854877,0.4511952600042499,-0.3704711086298691,1.4543464838958862,-4.299919407736383,3.9896750024708165,-3.8836368626577147,0.6561131900648385,16.049478666216213,5.725347167264671,6.483994817560781,4.557462692641581,2.064115463300473,8.051446770109127,-2.256562698656256,-5.715863424249426,0.944263308757729,-7.082347015402069,-4.540177974330812,5.737377610847157,4.900984237355968,-1.085740588261391,1.6159020044988117,-2.976186633412365,8.262673060507161,1.9761186749567399,8.039001725700324,-16.156404234924175,4.8608843865988085,-0.4630902122230918,-2.3347498404155758,-7.90427570541199,4.7422356907812055,-1.3752895857997345,-8.078709040100854,2.4494415679280346,6.64918784853288,-2.9886827032693235,-3.4400682441360164,5.022334684436584,0.4501338703542894,0.8325966553628067,3.470883950745504,-3.031439125550642,-0.45191483271101673,15.650404208897083,0.5206755999961565,-3.129596339096962,-13.669833395606934,-1.516183710597423
3.470495136114362,-5.179404632884597,5.030519374507588,-3.91751623897685,-5.875841720467803,0.5365863057227936,-10.729214422192397,-1.9466977916369066,-2.613397033978188,-2.63976479929014,-3.1820574586940005,13.22273473826661,16.092476378183985,-2.3493801712234585,-1.775837519896514,-13.925469543588273,-3.1266435033775934,-1.5009464386566331,-8.036582031378892,0.8283542296882155,4.342174858979188,2.659526023354163,10.01979866268838,-3.7408982182404578,0.9498377076266136,6.485025455624967,6.553404157801812,-3.4638311793842487,2.448518217122607,11.124984015042436,11.892331077306162,-12.403391865783039,15.0513702261602,-5.489704337775777,-0.2673540147192046,0.47279490769065124,-0.05915708680346214,6.262367419107967,3.4204540686107876,0.4501338703542884,-7.59543870766297,-3.1241454500043755,1.831164439803867,-3.4129510918933414,-4.477761101794276,7.056925135652104,-8.273590047090698,-0.20945019668171538,4.394604153952678,-12.533561920006361
-1.913160700846821,-3.59131896974712,5.182645067479613,-2.9867380645175734,1.371163821401447,-0.5639850065117544,7.301487571725376,-7.121945975207146,-6.034926937009573,0.5622647659506279,-6.147250620405403,6.88230195184796,6.587124479422795,5.10420644684701,-0.03420864905577725,2.1358874275091004,0.930722172652493,-2.386091366128606,9.081809338132482,-0.3126231080104238,2.3935789051984493,1.0248327476867587,-0.31483647290861305,-0.5619198825802822,-0.3745224077859985,8.099652749520814,-3.2340501458216426,2.9964261436900728,0.07759304027022168,-3.763838502920453,-4.002972708925685,-4.01500877135921,3.5967590080455065,7.013739946224159,-0.26810108745162403,-0.504676506171318,0.5729615446996145,8.722729791417066,0.22390888347622379,0.832596655362807,-3.1241454500043746,5.916641276323367,-0.4513547294940654,5.2760772963200715,-0.4012106133482666,-2.887401957827291,0.09617519009550901,0.25737042205330446,-0.6030597220802683,-3.9277373037951384
3.8617793886809655,1.743513269927904,-3.1787407838968154,-6.4042537346814745,-0.5340387760946128,-0.6073238162605095,5.465551784457187,0.07397525602438038,7.701852523513744,-0.09369974564658662,-3.7466215899889423,7.222142567368195,1.2720866270031195,-1.0079872830342689,-0.014871241221479481,-2.0734077650712024,-0.1436303086299368,-1.9539843335324538,-10.028954004526788,-3.74775475902279,-1.6084631064547443,0.1748390368924082,2.117504773243138,0.07907891197910866,-0.28517865201485054,-2.1676170098921945,-7.042535917261355,-1.910228018807429,-0.19840455258030015,-0.06604001244839663,-2.963360127714486,-3.250821440670201,-2.420501095390421,0.25612025822566087,1.542903697362512,-3.5206070097952655,0.8453222200971898,-1.357755236916846,0.13508806979184074,3.4708839507455043,1.8311644398038667,-0.4513547294940651,5.58353716679515,-0.7975244022753165,-0.5230927312794099,-4.319020488467344,0.4098600824130704,-0.2670078259207542,-6.525430092727029,-0.44649849873363756
-9.028346367536402,4.530837195128042,-7.489903870324628,16.18579221562971,0.44405730548558564,-0.515010046782456,4.064282191110174,0.2671276727320222,3.358608243264214,-2.299890582523068,-10.053327663694834,-5.69926591176927,-1.4246157846412095,-8.35060542849715,7.431869918545035,14.184526127747016,2.234247108589272,13.066600741841498,5.078564876395532,-6.356034851967806,-6.982416407577534,4.555234254159039,1.1817861311252251,1.7563409942809693,2.6278802313203666,1.3288065573973076,-8.227538172107142,8.686653699737404,-0.5070640923871689,-14.965621464069182,-5.217713400450828,-7.323067088231857,-12.892695693126232,-3.033453407295884,6.765366157609049,14.351822627557791,4.745785307460629,7.006634634216706,0.9931272564001192,-3.031439125550644,-3.4129510918933414,5.2760772963200715,-0.7975244022753158,-4.096152556162884,2.6791685692040206,-3.8790443870527005,-6.258068208056213,0.35953249512775476,3.29119799670026,16.77253443426154
-7.793116652660084,6.766245488575637,-2.4060963256349233,-5.790982036272411,0.7313842932849024,0.1496997132988424,-1.8679413154535245,2.7810330538945145,-1.9472268205584644,0.38337581428776124,-0.334069956851052,3.35616577727149,-3.7640060769756243,0.9262742804362682,-0.04160903088435566,-0.7932630510030992,-0.498486303235247,0.03884938810821312,-0.9151462319690477,-5.685630669497501,-1.8527023034979975,1.1359161175352073,4.488338133533039,0.25758996091778386,-0.381869820508433,2.864235058641922,4.985058984143347,-2.3212500285705175,-0.18868092619778373,-5.73517288513772,0.8841451602660739,4.881540263145951,-4.512591620423127,-3.709921580380905,-2.931349530177461,-3.0900461410316513,-0.7880027917232667,-5.743526638623974,-0.48765069969896746,-0.45191483271101696,-4.477761101794276,-0.40121061334826624,-0.5230927312794112,2.6791685692040197,4.088243590981737,3.438605936292876,0.4510675735066699,-0.5093196394708297,-3.7533161086922293,2.1708381366731704
-12.358454577775401,7.2332259640059196,-13.614021404995471,6.491563850842418,9.052937359076555,-9.359896337441299,7.926470734865463,0.9843897716539898,-8.64600589149784,-5.728936475731453,-0.9108198085776102,-1.4047412144316336,6.14718787835515,3.797472213358714,5.762614926322962,13.949511535314087,0.05671805805482959,-1.3323752326913838,8.444748056865771,-5.193395406687568,-8.207522943847076,-4.109406737239649,6.12523220058907,-4.30799985839901,-6.2943710262731285,-11.816277685299296,1.5835245403422624,11.886675139760415,-3.41989410869677,-5.153763150917241,-11.301099429158752,16.015623615957633,2.8980959478151505,-3.771107139899852,7.702311499447783,6.572309323800497,-5.399314651015407,8.698491681698142,1.003204130666933,15.650404208897083,7.056925135652105,-2.8874019578272914,-4.319020488467345,-3.8790443870527005,3.438605936292877,13.430398478413643,6.3656367736365755,-3.06992841057457,13.26062368638117,10.263878029336947
7.817956806934704,0.7820631662778691,9.370819403428047,-0.9854318136747735,-0.5128553791752926,0.6364229289060365,-1.783805406859372,6.567329635511931,5.66031307795423,-4.345178965584029,1.8679405843642765,1.15635101268329,0.02779734021651331,-6.904380086364135,-0.7049189631918759,-4.785357877735235,0.054945478663617375,8.264563242487203,2.670270383182193,-1.1302158022581543,-1.2423183358759187,-0.13650204204515193,-4.072870654178343,-0.3515742107434131,-0.28225481476074044,-1.9249956950234424,-0.390865536390424,2.8515690737700234,0.2501279003325897,1.5196304459471324,-0.03984315883967007,8.44571935003017,2.86176060914375,0.7637227550942305,-3.757823145099706,-2.6739174479356826,-0.42023278861425395,-6.138244359303272,0.09441818528764445,0.5206755999961568,-8.273590047090698,0.09617519009550934,0.40986008241307037,-6.258068208056214,0.4510675735066708,6.3656367736365755,6.258191930059422,0.21043662767077342,-6.600585951717706,-7.094267159164521
6.503863429602699,3.555356831211326,0.31203636841046856,9.023541478196702,-0.9185557750851518,0.5276799947238617,-5.225798520856937,-0.5743860610822589,-1.7088594371923502,2.865126157292094,-9.69699402111057,-2.9061661575816213,-0.4850749928713879,-3.311857214560323,-0.3497321314617192,-7.542360518560797,-0.40135447586079454,-0.03257486026406764,-2.491945698922301,-1.1213738337894248,3.7525311083628194,-0.5998797030115606,-1.9144767073024316,-0.20421572232077456,-0.009242057306470541,-0.2822569741901608,-0.3114214081479654,-4.409224956506548,0.3480857669236893,9.194907841419361,10.422268328637967,1.2474171816278903,4.137686963050583,3.250941201265836,-3.4660168960564715,0.1930968910107449,-0.602115909646224,2.923248334756543,-0.37377775735788643,-3.1295963390969614,-0.2094501966817155,0.25737042205330435,-0.267007825920753,0.359532495127755,-0.5093196394708301,-3.0699284105745703,0.21043662767077298,5.232128322368694,-2.2940806444744624,-9.655403597991697
7.694762582300086,-4.759470151228488,11.475749436687448,0.5325561851748973,-3.405704388001264,1.838855246053669,-8.879736393537016,-3.7246373521730596,3.77772975049135,9.09999316677236,4.456538395194396,-2.8890267174948066,-0.23767323198850532,8.21860863658421,-0.581108527341057,4.0341033747648325,-2.6428040208237835,-5.07136860073919,-5.126997085812989,2.027687459765783,10.057887088830348,5.479625713932774,0.5920139019720764,2.2994116864802265,-8.225601732246881,12.08352329952477,15.695798941963789,-5.648521472385325,5.416909223843871,0.6298347273408084,7.561363708086408,-6.900461146879944,6.8813248382145105,9.318519649981083,-7.544103883173317,3.181437986628672,-1.9636548364798354,-2.9436802473863755,-4.185101730181267,-13.669833395606936,4.3946041539526774,-0.603059722080268,-6.52543009272703,3.2911979967002605,-3.7533161086922298,13.26062368638117,-6.600585951717707,-2.2940806444744632,4.879677766556275,3.2552359105252697
9.789932335768977,-4.406833784897321,0.9848654184732428,-1.9851995535421432,-0.31430180327315194,3.710679072331868,-3.818259492734496,2.888705963210025,4.530216796987377,5.960614409611982,-5.1319220568567205,-0.23778837758140536,1.5227053174952996,5.896068922717634,-2.108902560207148,-5.603322291390549,1.378269497235616,-6.0969340582203415,-2.93663081318271,7.477343971101639,0.8163682969923564,-2.4378688788741547,7.466957648167076,-3.286878539889744,-10.158468029062856,4.061496918543619,9.337291401488653,2.7019856906782365,2.8093925146710745,10.197393413607445,-6.966083953716581,-1.0418644322059414,3.9265222140435974,6.93475475501094,2.0694628285268846,-4.161442698552932,0.6891611556952303,0.18210667844508754,-2.751243417530513,-1.516183710597423,-12.533561920006361,-3.9277373037951384,-0.44649849873363734,16.77253443426154,2.17083813667317,10.263878029336947,-7.094267159164523,-9.655403597991695,3.25523591052527,-0.4002779550983542
