n
50
c
-25.428005398683304 -184.03416064684396 -187.8591040501254 185.6919550649974 192.7191694942184 183.09422404074135 -153.19098918663883 3.2605194750902418 -190.40869310861527 208.94002237512976 -152.29320493813407 -199.28553999077346 20.553213782897 146.7304706916148 -180.8579024703963 219.06361143257666 -8.663509009973131 186.1321313843052 10.192340092013088 157.12647705379484 1.694725765066491 153.99883188862114 108.94925925355385 -25.868150545262232 43.626278654611326 187.17927627058 -7.4082456569614585 15.952522588689295 207.1702525404382 -15.819157143238538 190.10050186590897 195.62407033220003 166.5480758926524 176.91716237117734 235.43037814472504 149.4209190220418 -186.17191305709144 -8.809693175593278 6.550848774684086 191.4563667563463 36.87167890555711 -189.69836732766666 171.02251979851303 -150.93997908697384 -184.5675866080909 -181.5486188502104 4.094152533188392 -164.75836037946183 18.353817179194785 -196.90819302029013
Q
4.031871944657732,1.8341416065251943,-1.4865961199075266,-3.986818323223009,-0.6011390012126083,-2.8263003120834203,4.010538170600282,-0.2903701466688135,-0.4673982924467248,4.2833448643685905,-0.22883597104320952,9.367032777622148,0.4277960557668161,-0.725873531289697,6.9149553698755035,1.0850923742851322,-0.22544772227538967,-6.1559360513190535,0.34142611433808323,7.081963973894709,-0.16267697755901833,5.324856246479393,-1.908201039443274,0.5086331645360417,0.20190746826277306,-3.5943724974992177,-0.2924154236771326,0.42183651737847616,-3.311016895868197,-0.2467825182929575,5.751847749667184,-2.0017240341110436,-5.587123301118394,5.448334670687262,-0.02538421206394903,4.493555441200016,-0.06311292856556472,0.12607370276767615,0.5292500494216106,-7.202809596501884,0.14814587580006972,-1.3369092401008835,2.021031085336613,6.893524807484295,-2.1037480021200436,0.2645203553133748,0.19344061247835542,-0.9216847009801934,0.3169969920570785,1.7767318454621477
1.8341416065251934,-8.578559093854066,-2.941751519299941,-5.3662431386503355,7.421811597632709,0.9572224423927237,-6.922073627853682,2.704898225553811,-4.390373807793229,3.721023148050884,-5.7847974427022955,-8.003110002707135,4.119403455763603,6.987259759814828,-2.4222402886007153,4.729507864911545,5.051733349324749,-0.3149934452731181,-1.5136064689437605,2.9929300336870965,1.8941077644262552,7.991770351292132,8.44920596888143,2.4665172899239813,0.45323871093288187,0.43573073660904904,-2.050845408149434,1.5608258235905643,0.5213622468859778,7.35839782485699,5.747460973712884,11.092525377553091,2.4793323841672867,7.94059062500272,0.885192660005363,7.9095588325703154,-6.1184866453164535,6.964947403093091,-8.17810252661896,13.837138996242848,-6.02935419500966,0.4756256029982582,-1.1103345334557515,-6.944326624090589,-11.066475202547652,-11.970441787393607,2.7512587539852578,-6.789948546018295,2.3069888559378504,0.5630780841059918
-1.4865961199075275,-2.94175151929994,3.8700112609591395,12.356394108481949,12.614557511712752,-7.827197241580088,-3.4798142604813345,-7.0831522379873135,-13.542971336276763,0.8801412995724265,-1.3031938545968216,-3.5011529051325097,6.84221648759685,-4.3836066836064065,-10.941577857739043,11.543944916049613,2.353368452478575,11.288758312327749,0.1312004715944049,16.70957849096881,-2.173495483269585,2.549536430642572,13.776167676225848,3.0060415552309134,-2.9057739037826398,11.804943666530905,-4.747348840481139,-5.186637547926202,1.768172643335828,-4.149935318235859,6.333623461134007,1.1016377676367846,4.308133712148713,14.65551137611065,-3.996573807593321,0.8291252481250553,-1.0872744782280392,-6.117870657459333,-0.418034233101903,0.8365556414531172,1.2235425781028137,-9.567550673912733,8.172400574776287,-3.794721519253158,1.642393411545296,-9.088398340809237,8.446046643156384,4.456823865815566,2.1920308185558066,-3.645721470010276
-3.9868183232230106,-5.366243138650335,12.356394108481949,-0.9154896912114525,-8.736419703613093,0.16033555836294155,-5.68502746635062,-5.562952639959893,5.936538547545167,-6.798983574265953,2.62737250136637,16.996694406097443,-8.196501145060937,-3.386522279114338,2.928291135045681,1.0096207106666302,-9.421386538176657,1.1167207429046448,3.174279927527002,-4.240566309866455,3.8010880942180716,-6.709930983649478,-3.3692890591784614,-4.120794068935032,-4.293525656374585,2.587766021569953,-3.109131376693814,-6.109662532333392,-9.943425926259852,3.7839595806263375,3.370400952244817,-5.964861848203185,-8.353589432844537,-9.822249011047214,-4.367985332531786,-3.5676585037157653,9.329673108557175,-3.304879693793972,8.162529096756481,-6.440355904521878,0.7782711133669789,2.6620047004988914,-0.44897673490514656,11.79299790724881,11.185983237751588,9.93352479536781,-2.585290994659097,2.8627564600903694,-5.640213993189266,3.8211828201238327
-0.6011390012126074,7.421811597632709,12.614557511712752,-8.736419703613093,8.384551574885322,-7.3984642110149945,7.717438460728025,2.0598603513335014,11.134571142324921,-5.348693104835616,-4.59458955984796,-4.785991865577528,-4.381842387889623,-15.47182847730286,11.24693683429518,-6.796991614700599,0.3235273089146802,-10.960942761583354,5.434484336318773,-0.5763982793670357,-5.628205020954797,3.9685137680381217,-9.49989367718661,-1.6038283000389937,5.599748975993359,1.214172083016428,4.687183898780399,7.562605729253325,-8.948592402138063,9.492057495744419,1.6228895376944017,-5.13866896305318,-9.311816616993715,-2.5739078249627445,-2.9756887445541143,-4.23425829477054,6.301627637787606,-7.095335339315407,-0.004307487180436054,-6.837376052223835,2.7002638750035075,12.411094169136703,-9.058412438205526,1.5080992076298034,8.18402620899162,6.754227511321739,-9.578123978666062,-3.5511387315037237,2.0184083019437082,1.0600181943571791
-2.826300312083419,0.9572224423927237,-7.827197241580089,0.1603355583629416,-7.398464211014993,9.45406168246475,8.353864656785088,-2.1767791388441022,4.925156376027983,-1.1768359893366651,9.192180666542058,11.030405578891346,5.278595033776518,0.7433284227667966,2.842035005786343,-12.846668036213135,2.77407843342162,2.6872506731973544,7.199264292441394,-4.271333642286116,-2.253950407393555,-13.445657838126893,-5.825925750849169,1.277184894247573,-4.711037748572109,-11.588556829010376,-0.8802507451880841,-1.5690962020139354,3.9687627267652847,-4.567190279944174,-9.642016039046831,-17.092409861684693,6.983960808767573,3.255741704821755,-6.399581915801004,-1.9957524187963847,4.716937526448664,7.882254738044941,1.6071482322918194,0.009869470632577038,1.976096362463368,9.19361990848306,-8.72558758299067,5.073494064837958,-1.7920028662941885,2.6357093200727904,-5.592362585709379,14.779500799993526,-0.4796670638282506,2.747282637365744
4.010538170600282,-6.922073627853682,-3.479814260481334,-5.685027466350621,7.717438460728024,8.353864656785086,-12.34324149881893,-4.9272153534860434,-4.043944754012024,-3.3662255012163063,-11.010200975463134,0.24325435606804247,-2.5091404934427617,-1.418402183595776,-3.063519057560419,5.155924579638536,-0.3349456510576787,13.16554989481509,5.057545758253281,-3.2470870895614428,0.7040005752039594,8.319873022557045,3.5771120761346897,0.8419294244132955,-6.557964675938313,4.344039443797031,-0.543852258792225,-1.324518169388442,0.30296204060923393,-1.1414094779504613,4.404022750542021,9.83609436807971,3.553198879605918,9.418115786539289,13.024254201692072,12.04297455938656,-11.089365961101695,5.881256413004772,-4.203636237938079,-2.231233823818984,1.139768849870337,-6.8105952311624804,6.121960065592651,-1.0983971326041386,-10.5266183962737,-5.706660805556015,-6.366832000679597,-18.338295420497516,-1.5247755818077358,2.367509968919354
-0.2903701466688131,2.7048982255538117,-7.083152237987314,-5.562952639959891,2.0598603513335014,-2.1767791388441027,-4.927215353486044,5.813537330160578,-0.06991657314830868,-2.645279284551942,-10.537444817485811,4.45919678724473,-0.09159373907450541,4.693333892670371,5.359270978032923,-1.4806792422907504,-0.26925153624892517,1.0988245521461277,-0.6647028316337984,2.548254528957427,0.13629682809937238,1.3675448013805596,-6.980071039116997,0.20848323285915243,0.4173430624886969,-2.710421706626496,0.11920395044566998,-0.40808089676301385,-4.622083265323845,-0.3166547956540683,-3.8845615831072813,-0.2734098369230502,3.248365233672255,-3.5744596872546754,-5.899249377133728,3.029548683717682,-5.4428942610258195,-0.0513702210100444,-1.0197301275005561,-1.9879890011500136,-0.19293188810366785,-5.072547226530329,-5.200375503642013,4.317160590841682,5.362275453642112,3.7139855820254732,-0.30713321876015676,3.1551919507245834,-0.44189662107036987,-0.8643011907065954
-0.4673982924467246,-4.390373807793229,-13.542971336276763,5.936538547545168,11.134571142324921,4.925156376027985,-4.043944754012023,-0.06991657314830907,3.0456295587749365,11.93707760941215,-15.003546946573497,-14.33772276130396,-5.840832701865502,4.243459320417427,-6.085162498113261,16.364313139409173,4.625735083102185,0.8682649009731104,2.0146235059658038,15.053234366251568,0.42139974816743186,3.673861048404355,15.995412468164107,5.037284086951544,-2.7424422928544288,7.137043789502353,1.4628771213717378,8.222828825738718,6.691314342688305,4.466525876330545,2.6742930394733815,5.259608890322953,-1.830423825701438,-1.754374944102107,-2.536986550474817,12.334191808412942,-4.208857404597125,0.689573692118482,4.401503625548245,10.802306286999187,-0.5531642781434518,-13.13989618601518,0.6242824531925364,-1.3782870777484262,-5.5713767958367715,-6.215016015171389,4.883433324526859,-3.6482872800203117,-3.050381324526879,-7.818129782967841
4.2833448643685905,3.721023148050884,0.8801412995724271,-6.798983574265954,-5.3486931048356166,-1.1768359893366656,-3.366225501216307,-2.6452792845519433,11.937077609412148,0.48675365670404425,5.758890787526915,10.519562307485268,-1.6252344346864933,-0.15033318428458087,-3.2293730363495623,-4.976858554255035,-2.2681006772074292,-3.2638583615887318,-6.113691018260727,-0.33241300311576394,6.312567960881333,3.0955857331014505,-6.465720690938378,-8.754187107697891,3.817710501789903,-7.5608494616143735,2.7223281091461886,3.015791125069001,-9.20718072345129,-1.7333326035401875,2.8668032798638565,-17.263434821680185,3.9144259164904804,-6.9024472438640885,-7.765974246890896,-6.039584323738952,3.2740813307431558,1.0251168189650672,-5.604132177483433,-0.245940953183289,1.6576181880634597,2.936850211295875,-1.5384457461892231,-2.6634000995028204,-0.6015313695370086,8.60066846191874,3.620356858374288,5.245443833550498,-8.168900637078329,8.95064965349763
-0.2288359710432089,-5.784797442702296,-1.3031938545968227,2.62737250136637,-4.594589559847961,9.192180666542058,-11.010200975463134,-10.53744481748581,-15.003546946573497,5.758890787526914,1.9712585721087201,-5.463998489480147,-8.167440933612983,-3.60384715574613,0.6134509829661707,4.098468807462848,5.596002457251508,8.751072294512067,3.9182155701082753,4.102635875042855,0.8465788888305964,9.04885422003614,0.3304121709078085,1.9528563966434014,-2.5819439337522256,6.832627446164216,-1.215570743287211,-5.370300756957823,-9.21630862876174,0.45529783529213164,3.1646487704696886,-0.28579007533412154,-0.5419703993346828,-0.29231725390985486,-2.4180519402468645,8.61396023680663,-4.840772465555451,0.7063134397988813,-2.2973298604744326,4.8164597875074655,-2.5726310634123557,3.8876366422934967,9.955731775206042,-12.24072128103499,-9.165263125044497,-8.39944628946271,0.2836242575090242,0.23287556318300062,-6.9364717320889655,-3.792291968202999
9.367032777622148,-8.003110002707135,-3.501152905132508,16.996694406097443,-4.785991865577527,11.030405578891346,0.24325435606804308,4.459196787244731,-14.33772276130396,10.519562307485268,-5.463998489480145,-7.7315777521915265,-5.8158591401204,2.550966818831194,-8.798636484463868,-1.6618304612819568,-2.6678039909990123,8.053209077509134,-1.4364543188643517,8.52525759063389,4.084418997172391,-5.2691336347050175,3.599014409062729,-2.6156052965520344,0.903948468094721,17.366505921513053,1.4092278767681925,-1.2696831267245763,3.567375207200345,8.558402809312735,6.516568699912943,2.0884334051765983,1.0225889789414735,9.714085633084078,4.873563241829862,11.609632162283283,-14.2778501681265,1.2940727452811518,-4.886265126451698,-3.7645307758149325,-6.418204218579071,-4.08485540668043,9.5217627943842,-8.389172113893881,-3.191788794411257,2.916455570321433,7.469007074256722,-1.343967858432983,-3.3095393934670296,-4.324138184883551
0.4277960557668177,4.119403455763603,6.8422164875968505,-8.196501145060937,-4.381842387889623,5.278595033776517,-2.5091404934427617,-0.09159373907450541,-5.840832701865503,-1.6252344346864924,-8.167440933612982,-5.815859140120401,5.145724250063196,6.660089008977378,1.3998227687406941,2.4245258016395543,1.4478587073072906,5.3932652629936255,0.06681547505884655,-4.592319638282669,0.613134255391444,0.22231928011983287,2.2255966169127794,0.4581825953335093,0.4043938518128781,-0.663221627974788,-0.42639048989948247,-0.6369390509556909,-6.662070666208243,-0.1964508836186481,3.780351555488166,1.9657701202551519,9.236026481218852,0.5428992803520403,-8.493228822622749,5.610367874397307,-0.02278154755551276,-0.10257504572421539,0.2462735237404875,-9.647072513249867,-0.49584907006737966,3.9027793309564163,-6.9858074893200595,-5.897279739979411,2.0313429606054254,-6.037090743729215,-0.3175862741756085,-1.0457972784498724,-0.5147392062820068,-5.812001346515492
-0.7258735312896969,6.987259759814828,-4.383606683606406,-3.386522279114338,-15.47182847730286,0.7433284227667958,-1.4184021835957763,4.6933338926703705,4.243459320417427,-0.15033318428458176,-3.6038471557461302,2.550966818831194,6.660089008977378,3.8038331219163366,7.068360576159549,2.5901766008531686,0.8276044172015229,-3.128426834672583,3.0464862999720763,-7.471780924427411,-1.7297796819357802,-12.78373982546264,-2.8478166634317876,8.00369987468604,6.834416584546389,8.234929141312874,-7.8322011113945305,-5.96484492231186,-8.826806578721932,2.6011647359509977,-6.974073628949666,3.3980943007812647,-8.708916467396131,-10.171689826348,-13.909685085181597,-8.686341641937753,11.83344709874081,4.5738964329516865,-5.61277113122548,-4.074315214152354,7.827085906487682,5.033268354764935,2.755195083538656,12.7429992470808,4.903264800378508,4.654192267759506,7.319081924336909,6.849977599823072,0.5874465206345867,11.412603693079667
6.914955369875503,-2.4222402886007144,-10.941577857739045,2.928291135045682,11.24693683429518,2.842035005786343,-3.063519057560419,5.359270978032923,-6.085162498113261,-3.2293730363495627,0.613450982966171,-8.79863648446387,1.3998227687406954,7.068360576159549,10.664771601482933,3.8521771649055614,1.5957916996381885,1.9974544629805837,-2.4205714649427987,2.5057090917805764,-0.1293684756320851,3.273536591660739,11.696207385124827,-0.7843271543396738,-3.226210735595556,4.801085738371445,-1.6909939568508334,-0.7283751118195503,0.6331603311222391,9.377407675552032,0.1936713417789605,7.866176533229015,10.524442184554944,11.51792948078737,3.7565715678512555,2.3022044654938236,-9.845905806472732,-3.4882748945510373,4.841537898940232,-0.048336835656369814,-2.418287948160796,-3.244154392053445,-3.62382632377584,-0.8038174721657778,-8.451948061743188,-13.214910490973828,-10.045313976452723,-17.21378321508144,-1.07427476956137,-6.479656996622328
1.085092374285134,4.729507864911545,11.543944916049613,1.0096207106666308,-6.7969916147006,-12.846668036213135,5.155924579638537,-1.4806792422907502,16.364313139409177,-4.976858554255035,4.098468807462848,-1.6618304612819572,2.4245258016395543,2.5901766008531695,3.852177164905561,-8.601293971308685,0.1273644850700908,-3.389898243407702,-8.50327284870347,-1.5694561468683572,-1.398240608256801,-7.829232681268571,-2.368590108011277,-3.625750617659908,1.0420260470001848,-11.17424399864581,-2.4011231646338476,7.6603589392224904,-0.8274219281366165,5.807320064243682,-6.906218553949869,-10.951484348589064,-14.45518405917988,0.33957511191937195,-9.368569820447332,-7.798575094537983,4.042786549155327,-0.4565035255177171,-7.981716045439859,-11.380939106311816,-7.91653002338051,8.996467138352871,-16.41522545521406,-0.2101915749774792,2.1523045496682913,10.895056154106614,-4.386828572371058,3.5381300986804947,2.1523154672482816,-1.8569851549258904
-0.22544772227538923,5.051733349324748,2.3533684524785743,-9.421386538176657,0.3235273089146803,2.774078433421621,-0.3349456510576785,-0.26925153624892456,4.625735083102185,-2.2681006772074284,5.596002457251508,-2.6678039909990128,1.4478587073072908,0.827604417201522,1.5957916996381876,0.1273644850700909,5.81764154259708,-3.845700089802726,-0.06716084672343037,0.5255610053838939,0.5719271515475117,1.0709257974842785,9.340217486848504,0.8787690454131737,-0.33327178353436726,-3.8944861093152037,-0.00382832597797067,0.002985401730536491,0.7982321924058686,-0.0833319410184934,-8.966751725807102,-1.2660158367124956,-2.0001323793305383,0.09710281817799182,4.814353390144712,-0.42344761547261056,-2.4509556402233326,0.11139977484658486,-0.11639578924717284,-1.5662323489101584,-0.6051102480836945,-0.8985462743707582,-0.42484237623111937,-3.7856067377871634,-3.3373244165084968,0.6544234960008452,0.30209625314452515,-0.6872850068962079,0.9159715468758527,-1.575477552195463
-6.155936051319054,-0.31499344527311957,11.288758312327749,1.1167207429046446,-10.960942761583356,2.6872506731973544,13.16554989481509,1.098824552146127,0.8682649009731099,-3.2638583615887318,8.751072294512067,8.053209077509136,5.3932652629936255,-3.1284268346725845,1.997454462980584,-3.3898982434077025,-3.845700089802725,4.29778155342148,6.854302892158424,1.43432235317446,9.608484442704745,-16.231742728418247,-1.631050488318032,1.0736363796877,-3.912245274467882,-9.411712892277821,3.450317522233387,-9.565017432072493,-7.194924632901842,-3.0311524567626336,-2.357432446953801,-4.149261203809339,3.9731167565537824,-8.079438000369276,-2.7018600391841074,4.050746716357864,10.313441404530199,-3.184054547029946,3.9955871274949653,-2.4414637681352893,-10.347653849798794,4.636119690531818,-10.955863906910588,2.7221201702890743,9.197072586723403,8.374781012360689,2.5307148656340654,6.963082023795889,0.14471439351147342,3.988760559937062
0.34142611433808323,-1.5136064689437616,0.13120047159440573,3.174279927527002,5.434484336318773,7.199264292441394,5.057545758253279,-0.6647028316337991,2.014623505965805,-6.1136910182607265,3.9182155701082757,-1.4364543188643517,0.06681547505884688,3.0464862999720754,-2.420571464942798,-8.503272848703471,-0.06716084672343015,6.854302892158424,4.224371428019129,6.029253031406619,-0.493054852652167,1.9328096822406597,-2.1697204459286894,-0.5304650454617813,-0.4626624547887649,3.749131485776694,-0.24104582135048613,-0.41996734684840553,-6.383928655052806,-0.678946847562637,-4.724432420003633,-0.23478847082374554,-5.324072723987165,-10.207951898088474,-3.429246102489079,-8.183311186739145,-3.9172345770610897,-0.8814833686846784,0.07412444528930058,-2.133531211916932,0.3026960622244607,-4.382202370425356,-0.33087921788733343,-0.30021749737798026,-3.0206004262512804,-4.230996205538069,0.5036132473235322,6.214963326699973,0.33137743910028705,-6.668707422174087
7.08196397389471,2.992930033687096,16.70957849096881,-4.240566309866457,-0.5763982793670362,-4.271333642286116,-3.2470870895614423,2.548254528957425,15.053234366251568,-0.3324130031157657,4.1026358750428535,8.525257590633892,-4.592319638282668,-7.471780924427412,2.5057090917805755,-1.5694561468683577,0.5255610053838927,1.4343223531744598,6.029253031406619,10.024792704710778,-1.2698553129630294,-5.592027907256686,2.299342989211271,4.051751864613187,4.171167529857128,-0.33695784259292205,3.43935613057998,-1.6133176971198095,-5.3598078625804035,9.276837818959548,4.092889366231848,-5.310855738456841,-2.3991659265012766,-1.22279158027726,-6.366355024658822,-12.00673807205622,2.696801434586651,4.596142057685235,-2.2700714746013015,-8.235087137407485,-0.36957120392705833,6.163941035163697,-5.069897357318512,-0.20113776019706803,1.0451704199615974,8.510909381538422,-1.192987979682227,7.952775589674007,9.591991612300928,5.5314929257472025
-0.16267697755901822,1.8941077644262552,-2.1734954832695843,3.8010880942180725,-5.628205020954796,-2.253950407393556,0.7040005752039596,0.1362968280993732,0.421399748167432,6.312567960881333,0.8465788888305973,4.084418997172393,0.6131342553914445,-1.7297796819357796,-0.12936847563208512,-1.3982406082568006,0.5719271515475111,9.608484442704745,-0.493054852652167,-1.2698553129630297,5.306747597216417,-6.20806294334107,-1.929236314579845,-0.10307840808819752,0.44352098818500985,1.0697068467414266,-0.6915675499837626,-0.6257189979641773,-2.616141507794,0.22616301108680215,-1.5733114879171386,-1.8608142175974685,2.988367172025153,5.394459301044999,0.1640068984667682,-1.07903955432863,-8.073422919188737,0.5681903518663209,-0.23789514655531424,-1.421938739009121,-0.17650453760500473,1.1455756977038847,1.639875907264494,-6.0935545822211985,2.454665196037559,-2.2110463394391346,0.13811262627385623,0.2621090782345359,-0.222746251235586,2.8066282756814998
5.324856246479394,7.991770351292132,2.549536430642572,-6.709930983649479,3.9685137680381217,-13.445657838126893,8.319873022557047,1.3675448013805598,3.673861048404355,3.0955857331014514,9.04885422003614,-5.2691336347050175,0.2223192801198327,-12.78373982546264,3.2735365916607395,-7.829232681268569,1.0709257974842792,-16.231742728418247,1.9328096822406595,-5.592027907256686,-6.208062943341069,-8.70248845587723,-4.874665149441399,6.938548487334916,8.746171849342009,-1.8894548784781593,3.1611667080802865,-5.617620669407542,-3.4580182402617137,1.0048791346015706,-4.755945516670539,-0.7362867164020135,-1.0681380910972436,1.965964979784229,-12.206922800966655,2.2094305645563694,-0.4901905189653164,-4.973168742119402,2.6342126868196933,7.245280607833976,-0.13660720244708532,12.2147689818145,1.5910315738093557,10.918440734206884,13.74277694371925,3.8247822216706755,1.0753368608165539,1.901721033557728,-4.7753093237839845,4.502234188435546
-1.9082010394432745,8.449205968881431,13.776167676225848,-3.3692890591784614,-9.49989367718661,-5.825925750849168,3.5771120761346897,-6.980071039116997,15.995412468164107,-6.465720690938378,0.3304121709078076,3.599014409062728,2.2255966169127794,-2.8478166634317885,11.696207385124826,-2.3685901080112775,9.340217486848502,-1.6310504883180323,-2.1697204459286894,2.2993429892112722,-1.9292363145798446,-4.874665149441399,3.0933370041827706,3.377633793721497,1.3189156232129697,-2.018159695672784,-6.722277001122775,-1.8827504169215143,4.9816865748483,5.136977928890991,0.1884457530205217,3.658748239917807,-16.405450232166842,-7.781321831489131,1.6388086571596616,-11.88108809748287,8.754149436628031,-9.59045665206325,-4.084494616207415,-0.056243056403291636,0.9045715268791751,1.3850476936104326,-6.002763672823177,5.376719910329929,17.684807731200006,6.867506694565738,4.97004590900718,4.745253423294552,-0.9134508492055913,7.1657777667420515
0.5086331645360423,2.466517289923981,3.0060415552309143,-4.120794068935032,-1.6038283000389946,1.2771848942475723,0.8419294244132961,0.20848323285915282,5.037284086951544,-8.754187107697893,1.9528563966434016,-2.615605296552035,0.4581825953335099,8.00369987468604,-0.7843271543396737,-3.625750617659909,0.8787690454131738,1.0736363796877,-0.530465045461781,4.051751864613188,-0.10307840808819746,6.938548487334917,3.377633793721497,4.883897377110591,-0.27075749502082574,-8.203239133865432,-0.18456781586696702,0.045574308647195805,-7.764673764053348,-0.4496733182499827,4.260194595712458,-4.755067783645979,1.596505514811232,-0.20015028433792925,-2.1789939867704984,-9.569997329696232,2.1673729455991277,0.31902834442540556,0.674557055776351,1.6218007305162836,-0.16791390704593134,2.6784984745845106,4.720730034206735,-2.592107632371655,3.3160714064888572,-0.7853928356544336,-0.01124594897950737,7.891043858800583,-0.4687272382150993,1.5715019178510437
0.20190746826277342,0.45323871093288165,-2.9057739037826398,-4.293525656374585,5.599748975993358,-4.711037748572108,-6.557964675938312,0.41734306248869707,-2.74244229285443,3.8177105017899025,-2.581943933752226,0.9039484680947216,0.40439385181287846,6.834416584546389,-3.226210735595556,1.0420260470001848,-0.3332717835343675,-3.9122452744678826,-0.462662454788766,4.171167529857127,0.44352098818500907,8.74617184934201,1.318915623212968,-0.2707574950208261,4.416812284219738,4.226338209052234,-0.5349173254607572,-0.02670085601442518,-2.3930357225413093,-0.5588363011522073,-2.641602739522432,-2.3724994248478204,2.833868093079547,-4.644911322079568,-5.097412875294571,7.908974279198617,1.3752019358160883,0.3390762109097913,0.09899028533220622,-4.50715222022911,-0.1532108354146624,-1.1747340770175478,1.9781985978645755,-10.511447558691856,-7.824096731227284,-3.4988561399561364,0.29434672983090276,3.0436511132434667,-0.021430326204937733,-9.395462304519983
-3.594372497499217,0.4357307366090497,11.804943666530905,2.5877660215699536,1.2141720830164289,-11.588556829010376,4.344039443797031,-2.710421706626496,7.1370437895023535,-7.560849461614372,6.832627446164215,17.366505921513053,-0.6632216279747891,8.234929141312874,4.801085738371446,-11.174243998645808,-3.894486109315203,-9.411712892277821,3.7491314857766938,-0.3369578425929216,1.069706846741426,-1.8894548784781582,-2.0181596956727845,-8.203239133865432,4.226338209052234,8.347111222241907,-3.178635091060134,1.0436814926999274,-12.396407819303775,0.8309054554775017,-16.064214203659336,-7.82055789180407,-6.789861675942747,-9.804334124957213,5.597988612885186,-6.377999104739755,-3.4215847636753773,5.957566148748679,1.6869658112077661,-18.141543674914168,1.5267905307535221,-3.6687865259116257,-0.28155617806297684,5.931750361019968,10.062235655363372,1.8653696909250401,6.705851171475479,5.37698413016656,5.293516439607462,8.262560533500762
-0.2924154236771329,-2.050845408149435,-4.7473488404811395,-3.1091313766938136,4.6871838987803995,-0.8802507451880834,-0.5438522587922255,0.11920395044567011,1.4628771213717382,2.7223281091461895,-1.2155707432872096,1.4092278767681927,-0.42639048989948314,-7.83220111139453,-1.6909939568508334,-2.4011231646338476,-0.0038283259779709686,3.450317522233387,-0.24104582135048558,3.4393561305799807,-0.6915675499837636,3.161166708080287,-6.722277001122774,-0.18456781586696763,-0.534917325460757,-3.178635091060134,4.906852871446968,-0.03048974968728979,-2.4147148372215472,0.10734725488910885,-7.3050945232895765,-4.055878290282352,9.717338009334423,-5.4465124675604,1.883573237008315,2.908035546962952,6.325188994076884,-0.4232439273630749,-0.6185063665878205,-0.8753540601029864,-0.023280426187187286,-2.327758618598415,-6.1133766974006285,4.713590597498932,-5.056864794533306,-0.5837713146030171,-0.500591970071347,3.5008176344565096,-0.5096724869258396,9.325283640397663
0.42183651737847605,1.560825823590565,-5.1866375479262015,-6.109662532333391,7.562605729253326,-1.5690962020139354,-1.3245181693884418,-0.4080808967630144,8.222828825738718,3.0157911250690024,-5.370300756957822,-1.2696831267245778,-0.6369390509556911,-5.964844922311859,-0.728375111819549,7.660358939222491,0.0029854017305364078,-9.56501743207249,-0.4199673468484062,-1.6133176971198095,-0.6257189979641783,-5.617620669407542,-1.8827504169215137,0.04557430864719508,-0.0267008560144259,1.043681492699927,-0.030489749687289125,5.28285350982868,1.021057897452417,-0.047019673908112014,-1.9742890421395782,2.5305467092634744,5.9404222223045124,1.8693782706296338,1.6757939599351586,4.798021672313325,-5.1269823668914825,-0.2517607911939315,0.25706129452197923,0.23618149577234127,-0.09493165903764028,2.1966649431542065,5.769193489912012,-0.8949337453965964,-0.4544036825711394,0.5137281489865846,-0.2620369769595385,-7.704774503471149,-0.07897543768294968,-1.3206454497056044
-3.311016895868198,0.5213622468859782,1.7681726433358294,-9.94342592625985,-8.948592402138061,3.968762726765285,0.30296204060923393,-4.622083265323845,6.691314342688305,-9.207180723451287,-9.21630862876174,3.567375207200345,-6.662070666208244,-8.82680657872193,0.6331603311222388,-0.827421928136616,0.7982321924058677,-7.194924632901842,-6.383928655052806,-5.359807862580404,-2.6161415077939996,-3.4580182402617146,4.981686574848302,-7.764673764053348,-2.39303572254131,-12.396407819303775,-2.414714837221547,1.0210578974524165,-4.522092025250309,3.9936812425947052,-4.4594880816479465,-13.960261986372451,-1.3591360721541723,-0.09059546762387294,-5.956729218346978,2.931093100396143,6.107053559363148,-7.504194137229961,8.378539170026668,0.21611329883541242,7.391635837353857,3.674759892697999,2.9036860181680266,-3.1870763021628052,-1.8675537767580617,7.498314535023793,-8.55359848380961,11.463053169108147,4.213060356611273,6.131772319752654
-0.24678251829295772,7.358397824856989,-4.14993531823586,3.7839595806263393,9.492057495744419,-4.567190279944174,-1.1414094779504613,-0.31665479565406895,4.466525876330545,-1.7333326035401877,0.4552978352921324,8.558402809312735,-0.19645088361864707,2.6011647359509977,9.377407675552032,5.807320064243683,-0.08333194101849328,-3.031152456762634,-0.6789468475626371,9.27683781895955,0.22616301108680148,1.0048791346015702,5.136977928890991,-0.4496733182499817,-0.5588363011522077,0.8309054554775008,0.10734725488910832,-0.0470196739081119,3.993681242594705,4.6843019195650095,-6.076535161737856,-3.4251488830451056,-6.1224063414796595,-4.5379655969001025,-0.7119964628751589,-0.9756140584866984,6.938179492309846,0.336259686872445,0.029760463890341926,1.8991357923813776,0.007997720863189617,-7.931291186271709,0.39312948474412435,6.72224488915176,0.5638768345188274,-5.840246461528366,-0.05750462008907564,-8.331169259139726,0.10376136968454301,-5.184148698358349
5.751847749667185,5.747460973712883,6.333623461134007,3.3704009522448173,1.6228895376944013,-9.642016039046831,4.404022750542021,-3.884561583107281,2.6742930394733833,2.866803279863857,3.164648770469688,6.516568699912943,3.7803515554881666,-6.974073628949666,0.19367134177895984,-6.90621855394987,-8.9667517258071,-2.3574324469538004,-4.724432420003634,4.09288936623185,-1.57331148791714,-4.755945516670539,0.18844575302052158,4.260194595712458,-2.6416027395224315,-16.064214203659336,-7.305094523289577,-1.974289042139578,-4.4594880816479465,-6.076535161737857,-14.417679428812075,-4.686561789989795,-2.216739170007308,-4.784795759064414,-7.610060923493806,-0.16571390244439232,10.992056351667177,5.841885701201047,7.264736264244961,-4.822646323559905,4.948614453210261,4.299601344049512,-9.939661156833893,3.037395282648665,2.841114934126725,4.99208782327848,0.10969154445725937,3.824029369134976,1.5834057813263107,5.527597918743228
-2.0017240341110436,11.092525377553091,1.1016377676367841,-5.964861848203188,-5.1386689630531786,-17.092409861684693,9.836094368079708,-0.27340983692305043,5.259608890322952,-17.263434821680185,-0.2857900753341203,2.0884334051765983,1.9657701202551519,3.398094300781265,7.866176533229015,-10.951484348589066,-1.266015836712496,-4.149261203809339,-0.234788470823745,-5.310855738456841,-1.860814217597469,-0.7362867164020135,3.6587482399178075,-4.755067783645979,-2.37249942484782,-7.82055789180407,-4.055878290282351,2.5305467092634735,-13.960261986372453,-3.425148883045106,-4.686561789989796,7.261227609534529,-15.868810351857485,-13.066187746953776,-0.7128779189348564,1.0832396673989038,7.109536099186598,-5.91769170215159,-2.4946871194968026,-1.2057015120350252,-9.850076202022908,-1.8818300174525122,-1.516640547297918,5.180337651437494,2.3718254452565533,2.343575101840464,2.238107810440657,1.872716253266655,7.355839325925947,1.4938972198029652
-5.587123301118394,2.479332384167287,4.308133712148713,-8.353589432844535,-9.311816616993715,6.9839608087675735,3.5531988796059175,3.2483652336722564,-1.8304238257014376,3.914425916490481,-0.5419703993346825,1.0225889789414733,9.236026481218852,-8.708916467396131,10.524442184554944,-14.455184059179878,-2.0001323793305374,3.9731167565537815,-5.324072723987165,-2.399165926501277,2.988367172025154,-1.0681380910972436,-16.405450232166842,1.596505514811232,2.8338680930795466,-6.789861675942747,9.717338009334425,5.940422222304512,-1.3591360721541719,-6.12240634147966,-2.2167391700073087,-15.868810351857487,-1.7748399324262927,1.0692306970412686,-11.188016074610914,-11.209535360688118,4.206321260034355,0.7594068334007809,0.040422109034641496,-9.469266308446773,-5.701223830139333,7.987547619446739,-0.00881905664729632,11.30095257431525,5.227142669667675,2.686186983192192,2.001672486632443,8.000565566252899,-3.4544066712449064,-4.553242312840848
5.448334670687263,7.940590625002719,14.655511376110653,-9.822249011047214,-2.5739078249627436,3.2557417048217543,9.418115786539289,-3.574459687254674,-1.7543749441021068,-6.902447243864088,-0.2923172539098552,9.71408563308408,0.542899280352039,-10.171689826348,11.51792948078737,0.3395751119193718,0.09710281817799116,-8.079438000369274,-10.207951898088474,-1.2227915802772595,5.394459301044999,1.965964979784228,-7.78132183148913,-0.200150284337929,-4.644911322079567,-9.804334124957212,-5.4465124675603995,1.8693782706296354,-0.09059546762387398,-4.5379655969001025,-4.784795759064414,-13.066187746953778,1.0692306970412686,10.65412103608077,1.258197537017764,-0.38189243268374606,4.35260941044905,0.5797201196118129,-3.148180148595766,-10.429323535939453,1.1898572527086406,13.949545800083664,-11.991411628063014,9.28935555485237,0.2955013660470507,-2.9428903307439405,5.1164103406694235,8.455363742049109,8.469091894062743,8.771308084948304
-0.025384212063949807,0.8851926600053615,-3.99657380759332,-4.367985332531785,-2.9756887445541143,-6.399581915801005,13.024254201692072,-5.899249377133728,-2.5369865504748175,-7.765974246890894,-2.4180519402468637,4.873563241829862,-8.493228822622749,-13.909685085181595,3.756571567851255,-9.368569820447332,4.814353390144712,-2.7018600391841074,-3.4292461024890795,-6.366355024658823,0.1640068984667685,-12.206922800966655,1.638808657159662,-2.178993986770498,-5.097412875294571,5.597988612885185,1.883573237008315,1.6757939599351592,-5.956729218346978,-0.7119964628751588,-7.610060923493807,-0.7128779189348564,-11.188016074610914,1.2581975370177632,11.81647795405059,-2.032701756140575,-1.1505277972336352,3.5210921336608245,1.959064408905462,-2.050147416392985,-7.167934241087749,2.5188126014718675,-2.235301232802727,3.185189120227571,13.37460074618919,-3.452588056629054,-6.302641157241893,15.20150576414755,4.238968996394305,-3.0072171365495475
4.493555441200017,7.909558832570316,0.8291252481250562,-3.5676585037157653,-4.23425829477054,-1.9957524187963853,12.042974559386558,3.0295486837176817,12.334191808412942,-6.039584323738952,8.61396023680663,11.609632162283283,5.6103678743973076,-8.686341641937755,2.302204465493823,-7.798575094537984,-0.42344761547261045,4.050746716357866,-8.183311186739145,-12.006738072056217,-1.0790395543286302,2.20943056455637,-11.88108809748287,-9.569997329696232,7.908974279198618,-6.377999104739754,2.9080355469629513,4.798021672313327,2.9310931003961422,-0.9756140584866988,-0.1657139024443915,1.0832396673989042,-11.209535360688118,-0.3818924326837465,-2.032701756140574,-5.516669533202009,6.731068452952438,5.148525385835216,-1.0428178348354127,-2.454199626433493,-0.7980769219911548,11.731918566428725,4.018905216597419,6.660945485817908,2.1514065644857325,2.560711973916457,2.1087520945062397,4.081045460017033,-1.0228709953225867,1.7160342339782206
-0.0631129285655655,-6.118486645316454,-1.087274478228038,9.329673108557174,6.301627637787606,4.716937526448664,-11.089365961101693,-5.442894261025819,-4.208857404597125,3.274081330743156,-4.8407724655554505,-14.2778501681265,-0.022781547555512177,11.833447098740809,-9.84590580647273,4.042786549155328,-2.4509556402233317,10.313441404530199,-3.9172345770610897,2.696801434586651,-8.073422919188737,-0.4901905189653164,8.754149436628031,2.1673729455991277,1.3752019358160894,-3.421584763675378,6.325188994076884,-5.1269823668914825,6.107053559363149,6.938179492309846,10.992056351667177,7.109536099186598,4.206321260034356,4.35260941044905,-1.1505277972336352,6.731068452952439,-5.462981106578999,-6.349889865488145,-2.4732315048493922,8.821420696045882,-4.193863033279618,0.6164399495119319,8.314655811389603,-12.691893167774682,-5.189662144920608,-4.417809157492734,1.2717893557297215,1.787397629329137,-6.151368461945751,-5.359151936370399
0.12607370276767582,6.964947403093092,-6.117870657459333,-3.304879693793973,-7.095335339315406,7.882254738044941,5.881256413004771,-0.05137022101004518,0.689573692118483,1.0251168189650661,0.7063134397988822,1.294072745281151,-0.10257504572421457,4.5738964329516865,-3.488274894551037,-0.4565035255177172,0.1113997748465857,-3.184054547029946,-0.8814833686846779,4.596142057685236,0.5681903518663203,-4.973168742119402,-9.59045665206325,0.31902834442540473,0.33907621090979123,5.957566148748678,-0.4232439273630757,-0.2517607911939322,-7.504194137229961,0.33625968687244523,5.841885701201046,-5.91769170215159,0.7594068334007811,0.5797201196118122,3.5210921336608254,5.1485253858352165,-6.349889865488145,4.587320853438348,-0.7690827466873571,-7.904192113710699,0.5316394639400395,2.314442780582959,0.1115699114893669,-8.502311027426627,-1.3230098131530545,4.210602708352158,-0.28502396286272313,4.606710945057889,-0.3555664430895433,4.207025669760487
0.5292500494216104,-8.17810252661896,-0.41803423310190324,8.162529096756481,-0.004307487180436165,1.6071482322918194,-4.2036362379380785,-1.0197301275005564,4.401503625548244,-5.604132177483434,-2.297329860474432,-4.8862651264517,0.24627352374048758,-5.612771131225479,4.841537898940232,-7.981716045439858,-0.11639578924717287,3.995587127494965,0.07412444528930062,-2.270071474601302,-0.23789514655531369,2.6342126868196933,-4.084494616207414,0.6745570557763514,0.09899028533220611,1.6869658112077648,-0.6185063665878205,0.25706129452197857,8.378539170026668,0.029760463890342315,7.264736264244961,-2.4946871194968026,0.040422109034641274,-3.1481801485957654,1.9590644089054614,-1.042817834835413,-2.473231504849393,-0.7690827466873577,5.0048890899524885,5.948843659068599,-0.5980819793945663,-6.398880525871873,-1.4425398718994615,-0.33268895637430806,5.161285858256803,-2.7686463875640013,0.02654115589097983,9.074963223590387,-0.25524720326586436,1.1939899646175278
-7.202809596501884,13.83713899624285,0.8365556414531177,-6.440355904521878,-6.837376052223834,0.00986947063257676,-2.231233823818984,-1.987989001150013,10.802306286999187,-0.2459409531832879,4.8164597875074655,-3.7645307758149325,-9.647072513249867,-4.074315214152354,-0.04833683565637065,-11.380939106311816,-1.5662323489101575,-2.4414637681352893,-2.133531211916932,-8.235087137407485,-1.4219387390091216,7.245280607833976,-0.05624305640329151,1.6218007305162845,-4.50715222022911,-18.141543674914168,-0.8753540601029868,0.23618149577234182,0.21611329883541294,1.8991357923813783,-4.822646323559904,-1.2057015120350254,-9.469266308446773,-10.429323535939453,-2.0501474163929854,-2.454199626433492,8.821420696045882,-7.904192113710699,5.9488436590686,11.542866636906243,-4.389971859425232,-0.5775066200905272,-6.744594544588445,-0.9851076560038726,4.01675911915758,11.908780114123001,4.559875603521402,-4.219437260929189,-3.2206372046732903,5.008983931057623
0.14814587580006844,-6.029354195009659,1.2235425781028137,0.7782711133669786,2.7002638750035075,1.9760963624633676,1.1397688498703369,-0.19293188810366713,-0.5531642781434523,1.6576181880634588,-2.5726310634123553,-6.418204218579072,-0.49584907006738044,7.827085906487681,-2.418287948160796,-7.916530023380511,-0.6051102480836952,-10.347653849798796,0.3026960622244611,-0.36957120392706,-0.17650453760500423,-0.13660720244708546,0.9045715268791754,-0.1679139070459316,-0.15321083541466207,1.5267905307535214,-0.023280426187186842,-0.09493165903763989,7.391635837353857,0.00799772086319056,4.9486144532102605,-9.850076202022908,-5.701223830139333,1.1898572527086406,-7.167934241087748,-0.7980769219911554,-4.193863033279618,0.5316394639400399,-0.598081979394566,-4.389971859425233,5.200864415948636,-2.748410651139977,-1.7364974258731551,-7.896247150762948,-0.1945620503378117,1.3120116648147466,0.6253388566621039,-8.41698598816995,-0.46194171523071603,-2.46695020297975
-1.336909240100883,0.47562560299825757,-9.567550673912733,2.662004700498892,12.411094169136703,9.193619908483061,-6.8105952311624804,-5.072547226530329,-13.13989618601518,2.9368502112958743,3.8876366422934963,-4.08485540668043,3.902779330956416,5.033268354764934,-3.2441543920534452,8.996467138352871,-0.8985462743707575,4.636119690531819,-4.382202370425357,6.163941035163696,1.1455756977038858,12.2147689818145,1.3850476936104323,2.6784984745845097,-1.1747340770175474,-3.668786525911626,-2.3277586185984145,2.1966649431542056,3.6747598926979985,-7.931291186271709,4.299601344049513,-1.8818300174525115,7.987547619446739,13.949545800083666,2.5188126014718675,11.731918566428726,0.6164399495119325,2.314442780582958,-6.398880525871873,-0.5775066200905274,-2.7484106511399773,-0.8370630960715175,-0.42567464288993595,-7.2202176102893665,-4.7550245209155815,-4.211387627607407,-8.909680412207265,-0.40479484512611597,-3.4230664667391784,1.4159288706923652
2.0210310853366127,-1.1103345334557517,8.172400574776285,-0.448976734905147,-9.058412438205528,-8.72558758299067,6.121960065592651,-5.2003755036420145,0.6242824531925364,-1.538445746189223,9.955731775206043,9.521762794384202,-6.9858074893200595,2.7551950835386565,-3.62382632377584,-16.41522545521406,-0.42484237623111953,-10.95586390691059,-0.3308792178873343,-5.069897357318512,1.6398759072644946,1.5910315738093552,-6.002763672823177,4.720730034206736,1.9781985978645755,-0.28155617806297606,-6.1133766974006285,5.769193489912012,2.903686018168028,0.39312948474412457,-9.939661156833893,-1.5166405472979188,-0.008819056647294612,-11.991411628063014,-2.235301232802727,4.018905216597418,8.314655811389603,0.11156991148936665,-1.442539871899462,-6.744594544588446,-1.7364974258731554,-0.42567464288993656,13.714835783062437,4.438725619497822,8.097773789465888,-0.04487873962213018,2.2788985968752966,4.916613553258992,0.8533200552120062,-0.14290706294524735
6.893524807484295,-6.944326624090588,-3.794721519253158,11.79299790724881,1.5080992076298023,5.073494064837958,-1.0983971326041382,4.317160590841682,-1.378287077748427,-2.6634000995028217,-12.24072128103499,-8.389172113893883,-5.89727973997941,12.7429992470808,-0.803817472165778,-0.2101915749774801,-3.785606737787163,2.7221201702890734,-0.3002174973779812,-0.2011377601970683,-6.0935545822211985,10.918440734206884,5.376719910329929,-2.592107632371655,-10.511447558691856,5.931750361019968,4.713590597498931,-0.8949337453965963,-3.187076302162806,6.72224488915176,3.0373952826486654,5.180337651437493,11.30095257431525,9.28935555485237,3.185189120227573,6.660945485817907,-12.691893167774682,-8.502311027426627,-0.3326889563743074,-0.985107656003873,-7.896247150762948,-7.2202176102893665,4.438725619497821,1.3891348545306794,-5.539256676630332,1.0761009954471976,6.517244923298014,-4.542178110284995,2.2912685718832586,-3.1105003290366815
-2.103748002120044,-11.066475202547652,1.642393411545296,11.185983237751588,8.18402620899162,-1.7920028662941887,-10.5266183962737,5.362275453642112,-5.571376795836771,-0.6015313695370079,-9.165263125044497,-3.1917887944112575,2.0313429606054254,4.9032648003785075,-8.451948061743188,2.1523045496682918,-3.3373244165084968,9.197072586723403,-3.02060042625128,1.045170419961598,2.4546651960375594,13.742776943719248,17.684807731200006,3.3160714064888572,-7.824096731227284,10.062235655363372,-5.056864794533306,-0.4544036825711387,-1.8675537767580617,0.5638768345188275,2.8411149341267246,2.3718254452565537,5.227142669667674,0.2955013660470508,13.374600746189191,2.1514065644857325,-5.189662144920608,-1.3230098131530548,5.161285858256804,4.01675911915758,-0.19456205033781254,-4.7550245209155815,8.097773789465888,-5.539256676630332,0.14081412387126235,-0.8124462397775171,-3.5602055454672104,-5.77816132782066,4.232112306493308,-10.816413830391097
0.2645203553133755,-11.970441787393607,-9.088398340809237,9.933524795367807,6.75422751132174,2.635709320072791,-5.706660805556015,3.713985582025472,-6.215016015171388,8.60066846191874,-8.39944628946271,2.916455570321433,-6.037090743729214,4.654192267759505,-13.214910490973828,10.895056154106614,0.6544234960008446,8.374781012360689,-4.230996205538069,8.510909381538422,-2.2110463394391333,3.824782221670677,6.867506694565739,-0.7853928356544331,-3.4988561399561355,1.8653696909250412,-0.5837713146030179,0.5137281489865857,7.498314535023794,-5.840246461528365,4.992087823278479,2.3435751018404645,2.6861869831921927,-2.942890330743942,-3.452588056629053,2.5607119739164577,-4.417809157492734,4.210602708352158,-2.768646387564001,11.908780114123001,1.3120116648147462,-4.211387627607409,-0.04487873962212907,1.0761009954471983,-0.8124462397775172,7.543943157294139,1.469327370629257,-8.48776327302096,-7.248486579525326,2.111589308028042
0.19344061247835498,2.751258753985258,8.446046643156384,-2.585290994659096,-9.578123978666063,-5.59236258570938,-6.366832000679597,-0.3071332187601569,4.883433324526859,3.620356858374289,0.28362425750902415,7.469007074256723,-0.31758627417560975,7.31908192433691,-10.045313976452722,-4.386828572371058,0.302096253144525,2.5307148656340646,0.5036132473235324,-1.1929879796822265,0.13811262627385665,1.0753368608165537,4.97004590900718,-0.011245948979507758,0.29434672983090293,6.70585117147548,-0.5005919700713466,-0.26203697695953854,-8.553598483809608,-0.05750462008907514,0.10969154445725815,2.2381078104406575,2.0016724866324433,5.116410340669424,-6.302641157241892,2.1087520945062397,1.271789355729722,-0.28502396286272313,0.02654115589097833,4.559875603521402,0.6253388566621042,-8.909680412207265,2.2788985968752957,6.517244923298014,-3.560205545467211,1.469327370629257,5.358569383593142,-9.058489636202408,-0.7341111060382836,-0.5249291262513884
-0.9216847009801931,-6.7899485460182945,4.456823865815566,2.8627564600903677,-3.5511387315037237,14.779500799993528,-18.338295420497516,3.155191950724584,-3.6482872800203126,5.245443833550496,0.23287556318300062,-1.3439678584329826,-1.045797278449872,6.849977599823071,-17.21378321508144,3.538130098680495,-0.6872850068962082,6.963082023795889,6.214963326699973,7.952775589674008,0.2621090782345362,1.9017210335577288,4.745253423294552,7.891043858800583,3.0436511132434676,5.376984130166562,3.50081763445651,-7.704774503471148,11.463053169108147,-8.331169259139726,3.8240293691349763,1.8727162532666546,8.000565566252899,8.455363742049109,15.20150576414755,4.081045460017032,1.787397629329137,4.606710945057889,9.074963223590387,-4.219437260929188,-8.41698598816995,-0.4047948451261162,4.916613553258992,-4.542178110284995,-5.77816132782066,-8.48776327302096,-9.058489636202408,-12.76553045052858,-0.09667586471290573,-2.001584139474357
0.31699699205707876,2.3069888559378504,2.192030818555807,-5.640213993189264,2.0184083019437082,-0.479667063828248,-1.5247755818077353,-0.44189662107036987,-3.050381324526879,-8.168900637078329,-6.9364717320889655,-3.30953939346703,-0.5147392062820059,0.5874465206345869,-1.07427476956137,2.1523154672482807,0.9159715468758531,0.14471439351147286,0.3313774391002863,9.591991612300928,-0.2227462512355859,-4.7753093237839845,-0.9134508492055913,-0.46872723821509943,-0.02143032620493779,5.293516439607462,-0.5096724869258389,-0.0789754376829499,4.213060356611273,0.10376136968454247,1.5834057813263103,7.355839325925948,-3.4544066712449055,8.469091894062743,4.238968996394304,-1.0228709953225867,-6.151368461945752,-0.355566443089543,-0.25524720326586436,-3.22063720467329,-0.46194171523071614,-3.4230664667391792,0.8533200552120056,2.2912685718832586,4.232112306493309,-7.248486579525325,-0.7341111060382838,-0.09667586471290501,4.65120637432681,1.8275241182326505
1.7767318454621481,0.5630780841059929,-3.645721470010277,3.8211828201238327,1.0600181943571796,2.7472826373657453,2.3675099689193537,-0.8643011907065956,-7.818129782967842,8.95064965349763,-3.7922919682029983,-4.324138184883552,-5.812001346515491,11.412603693079667,-6.479656996622328,-1.8569851549258904,-1.5754775521954625,3.988760559937062,-6.668707422174086,5.531492925747202,2.806628275681499,4.502234188435547,7.1657777667420515,1.5715019178510434,-9.395462304519983,8.262560533500762,9.325283640397663,-1.3206454497056044,6.131772319752654,-5.184148698358349,5.527597918743229,1.4938972198029645,-4.553242312840848,8.771308084948304,-3.007217136549548,1.716034233978222,-5.3591519363704,4.207025669760487,1.1939899646175283,5.008983931057623,-2.46695020297975,1.4159288706923656,-0.14290706294524724,-3.1105003290366806,-10.816413830391099,2.111589308028042,-0.5249291262513885,-2.0015841394743568,1.8275241182326496,-4.65527080519661
