n
50
c
-4.851541195197721 197.4811248880151 166.9100903502528 132.3917267710261 -1.9487545297677293 -168.6912545200562 -178.3784659186581 83.00905740671713 -198.10723409298222 -22.812096368897116 -12.445803960166348 10.753621757823616 147.1072825184126 -166.11295642511422 -20.698250905933882 -172.29099893021737 -145.97439417293154 -166.89331730830258 -6.316241326353869 -147.77874569444418 116.44244377136971 45.312239576140016 -200.9265058973046 4.874327457940383 181.75011109506136 213.95356609233906 151.1654663495082 30.855410576091895 -177.5864408950391 185.6123135335159 0.16030678952864008 155.2799834220964 -199.89642298015545 -7.935177550955979 162.6830062851068 -194.54253240550173 8.666855329939462 117.38663815869292 -204.18398202548332 -152.8188278490995 -18.13632241754761 180.48279126228636 -152.09727394318415 -167.17330492517664 179.95176500560817 -105.85376092424673 -186.85109404432322 141.96207086520042 24.50397140110648 200.3045351298673
Q
4.6250687660045315,-2.404133302007633,-9.072449652883309,-6.931802547813662,0.1380145381480511,0.10844386465346889,-6.924071192051527,-0.6649688903868602,2.2180000835107094,0.07489471562341388,0.8274910459442135,0.28343882383104846,-3.3736400140188856,1.182105028052134,0.46173046003814167,-4.0176572564966095,-5.4350450929611185,-3.9792045541485166,0.15137717521916033,-1.19241024045971,-0.03628125785364206,0.4158124986302768,0.0713942547344989,0.34910701169218994,5.46856798627929,-3.366914232033267,-6.125756382145791,0.21986147006836498,-5.652189900151081,-6.148348107726723,-0.07290781755313747,-7.999278852342281,4.229222364135356,0.2926257810117736,0.760442415862534,-0.1414637538112839,-0.4597213595781109,0.00973880577890869,6.036959768443175,6.3309166253886255,0.10892842547688297,-1.674370886197847,9.140426518323927,5.708073111578094,-1.677005071526753,-5.304824847877338,0.3566928240925893,-0.19990205001691563,0.07847333630936348,0.9059625374756556
-2.404133302007632,-6.323486045367351,-9.789771812527789,-4.4562075333649505,-4.643137844694541,5.795418677172948,8.016625084606893,-5.3189715542316405,-2.3285561872055576,0.5079295207913241,-1.3654622355412163,1.3144866982845662,-9.347396583782245,1.5878545477268602,-4.42077135040913,8.557625914498539,10.366418035236558,-1.8241989599390465,-1.789473596537047,11.8290345722281,-12.968311825422933,-2.4520625122694204,-3.582290248349197,-8.400163827471836,-2.05280629859568,-6.83852165197638,-9.24871978871193,-2.2840037422848978,8.278427631646569,-4.896338605028958,-7.585011766120597,0.15802014672240572,2.4361830665878186,-7.297971912213439,2.733869562654682,8.115009165140664,-10.784996746559631,-1.4331866034880725,8.297058775385533,-4.898318883035136,-3.360203279665722,-7.8939635546998375,-1.544662769083764,3.1020941915919473,2.6992084673654775,9.048523201162709,1.3096696079372085,-12.79993010374533,0.9683104128835591,-2.2888277023389962
-9.072449652883307,-9.789771812527789,-13.525265508933211,-6.262848911136738,-4.989799530811243,8.739180366978665,7.086953151942321,-3.4863238220756694,7.737074248705885,-2.2459488824408456,-5.936958606914507,4.992306827264014,-2.029093080182825,4.608385876552876,6.253083954535185,0.8745910973063844,6.214260754760944,4.34356699345823,-2.412269659212232,-4.387239579221258,-6.930441914256211,-5.656714100662079,8.563026654866803,2.7103079099841088,-10.915344075369333,-4.894981995220554,-0.7713636184560477,-5.520912094163809,2.0344427031563814,4.714143039750996,3.9082218382799487,0.5920708949600589,6.05141970473243,-5.700244388792646,-11.246488266559652,10.212360238899903,0.011641001604146606,0.3571410292651658,-1.6136265076402676,6.365994750928167,8.556564315433995,-6.281418149015015,9.835144788145033,12.21770513193904,-3.205346237059419,-1.2410358973806757,8.912974408379279,-3.4075442543652406,3.117621788075383,-12.052565646824045
-6.931802547813662,-4.4562075333649505,-6.262848911136738,-9.078841880683523,-1.2697467886176255,1.907243444259519,-4.285208041694055,-19.82570659776685,12.487769575678247,0.07866710838673363,-2.746442120294465,4.387682979313814,-4.00610024831671,2.4429618628177696,1.180741286008462,6.8698810561429005,7.258016224196054,9.439231134974689,1.537722630773223,2.848345932032115,-7.8250614153628995,0.7343335087225014,15.068525778156552,-1.3858999230543227,-7.931981788964853,-7.121250755649932,-1.2648269341166172,8.03330457595096,0.12402284829720067,-9.015083019881828,5.663246366282231,-3.8635821999464235,7.491202282355735,-9.130800452452872,-3.158818969199775,14.135868353193773,5.380655124032042,-13.081766887001038,6.073218052464752,1.3139685110850854,3.811596144230802,-1.6273340505255172,14.18399915379543,-2.910670580101566,-7.706699472171138,-4.236727755736938,8.509338387109112,0.48851290112862156,-9.075192374253284,-7.161293461749105
0.13801453814805134,-4.643137844694541,-4.9897995308112435,-1.269746788617626,4.742894417479826,0.5871089565508825,7.498514628178003,5.066189650127351,-1.508370611502139,0.4065466895457146,0.36726067024791487,0.12692684510725954,-2.437565383799214,3.5656833134732446,-0.11430574502473573,5.113313225503194,1.316776236787193,4.520138316257148,-0.283523607119992,-3.6500392096029106,9.912313873158718,0.07533334389827318,6.5359647086064765,0.5491452501250893,-7.071826270085918,-1.5619470544826946,1.1973797459171143,0.46667623539188696,-8.880800838952869,-1.9396031609649032,-0.3147870266030822,-3.8855270997224616,2.291072738639315,-0.29431343987559266,0.48535453611033996,-4.340544593651526,-0.30744776288426556,8.524086097732896,-2.8727403159785907,-6.693062691499918,0.21826863930290252,2.461091873159206,-5.309492583812734,-0.5138211674764503,-6.408755780590047,2.1220148205254317,-0.871101033203008,0.7077117848422804,-0.19082049403225,3.2050936764468116
0.1084438646534693,5.7954186771729495,8.739180366978667,1.9072434442595192,0.5871089565508822,-3.585984692821694,0.5381788610753602,3.959493109385665,8.27968657138368,7.1353932074175725,7.931196552855144,-4.851975260510833,11.333336421483718,0.7948277154920821,-4.989158246234605,-15.065161669604992,-3.4588402359770987,-1.4823777346314893,7.587322274728704,-13.11323917285159,9.775568714372211,3.6341927573527153,-13.20696421235244,1.5077629042266716,-0.0437401614806332,-2.643891229213604,-2.4193922327564197,-1.493638072358459,7.659147952192115,6.999245282696298,-3.588890481640529,-1.95123276411497,-2.213346661878286,1.2726529104876256,15.12171840358832,-1.0825083841710166,1.1215887942720797,1.1542268459238942,2.695932487591276,-9.071412588319829,1.1778483895095304,0.23457605187184427,-2.0540176579418317,-5.840028070925861,-1.3562726148173256,-7.050879361820473,-8.035059608033048,2.69702340753152,-1.1348535511263376,4.764914198206783
-6.924071192051527,8.016625084606893,7.086953151942321,-4.285208041694055,7.498514628178,0.5381788610753607,5.992930617245347,4.392189774383807,-4.906180185365164,0.2197701915727286,1.0275194532645648,-2.302645150572447,5.134529098542105,-9.836271847894498,2.9218176002505474,-8.547377925045383,0.21893114903092942,3.9197331144919616,-2.621395672890495,1.6284754595365056,5.926543478534309,-3.7112754524349105,2.8219729094401975,4.208001551032522,9.752020423000792,0.29450656886973525,6.376564852265585,-5.012175034478124,1.1903641075068851,2.65636050443886,-1.1358836101227763,7.23001532722211,-4.825641186332334,1.4844542775970235,-7.929873051126306,-6.489133312444084,-6.238583412994967,11.342630691422972,-2.057017035956533,-3.4992049578833324,1.9214513439675402,6.339436386841321,-15.829803024378263,-1.8429114953562435,-3.6398799882669177,-3.91986261807559,2.195873998893686,-0.16524241394096556,-3.393200216551186,1.1199090593231897
-0.66496889038686,-5.31897155423164,-3.4863238220756685,-19.825706597766846,5.06618965012735,3.9594931093856642,4.392189774383807,10.695003411623993,6.4022411790427824,-3.2179496064941446,-1.131175411696016,-0.8428449170577778,-6.213336922606523,3.2358587777846077,-3.2704842711949746,0.13715836095099193,-8.478677219266201,5.341056767140808,8.511838206421643,7.1507665432260445,-3.77378454034481,8.111126111915043,10.535977517137528,-7.78637097631455,5.962370033695745,8.906048719789796,-1.9124283626146763,-1.06737425116953,0.8353001666446486,-2.136209276525031,6.546564486035292,-12.637977176142687,9.159598759651344,-2.362840093853927,0.8322388704332733,14.389619863650003,-0.6726984356254146,-4.337937985888147,7.380315720045753,9.185569124881136,2.270263714644721,2.4584364920103408,5.558358488248271,7.272168476559442,-4.479692554884503,10.98555061308351,14.380290464735605,-3.0532938833149013,5.129494956839525,1.6272285353913252
2.2180000835107103,-2.3285561872055593,7.737074248705884,12.487769575678245,-1.5083706115021394,8.279686571383678,-4.906180185365166,6.402241179042782,-1.6610380792261967,5.496693101916384,3.915430952085914,-7.293561920484424,11.299254299346906,2.8980820369152034,1.3725469322790032,-15.11520366025348,-13.002308045758925,2.022081738707052,5.477378872856635,1.3833274167901122,4.39798510949897,-2.7529995434082153,-3.0922840538955083,-4.782316540208177,-2.6152181660289218,4.927614169148526,5.788297163867474,3.9992150391443055,2.9829053113919737,-1.5450136990707144,-1.206476766226895,-4.149643673250512,-3.752330515114621,5.601685654003202,-1.9333849715841405,-15.762915755667194,1.1377466838363437,13.537313250231954,0.943112490318115,-9.267526728153301,-1.8824474835037388,0.5233549946539859,-6.790451559759557,4.37416226259724,-6.032706961748278,-7.405768133988979,-6.906369790208673,13.080708279294006,-7.514599222036037,16.23297523119804
0.07489471562341299,0.5079295207913237,-2.2459488824408456,0.0786671083867323,0.4065466895457143,7.135393207417573,0.21977019157272792,-3.2179496064941446,5.496693101916384,4.136038071656548,0.38673874467272107,-0.18253714755403444,-3.6533559654748373,5.348343828580527,-0.2554347722983288,0.6758520918384208,-8.752914283559154,1.8409905013413577,-0.2687643889637483,6.1813242682005844,-0.8120902887404359,-0.6383059409604344,5.566275112450398,0.015598742395489529,-3.490187633817034,0.8536136761081694,-6.152474725619686,-0.6043286635735872,-0.41563491149891896,-2.9378765431115617,-0.21413031695217677,-2.4090969777913647,-4.186523369522105,-0.12078487659371379,-6.347085478810331,6.895475793561165,-0.009073661195630522,7.652871755596061,-1.7657916993217941,-5.1387203365239476,-0.07991981951835853,7.120025312885814,-2.4416738430707747,1.310496737467132,-3.1719877481706,1.4054296936446504,0.5288356383252253,2.066622191722509,0.8433165078428935,-4.178729805328725
0.8274910459442126,-1.3654622355412158,-5.936958606914507,-2.746442120294464,0.3672606702479144,7.931196552855144,1.0275194532645653,-1.1311754116960167,3.915430952085912,0.3867387446727202,5.419603344142164,0.0683899693757761,3.9724156429278263,-7.251134762585129,0.10327168813780258,-3.6140678973568408,0.13835333418717233,3.251348422004492,0.04456525223140215,-3.179973083088674,0.5381899403606853,0.18819600117927893,3.2246087628535873,0.6956380137418399,1.0331269142291997,-4.334819485823022,-3.0510751170237036,0.6672699393132808,2.188523343459949,1.1482353414002395,-0.036208573928860455,2.4862262189494473,3.0699023137467303,-0.13593877749508732,3.5141008693795963,-1.769116480121993,-0.24272816110525763,10.061258015543887,-4.367865930167922,4.398242039601534,-0.5086574268145199,4.331397478126575,9.676558370291689,-3.5454203578575174,-4.17621641825499,-6.741542238723529,1.5166619251678968,4.889637469598949,-0.3443257424903036,3.4663128536600185
0.283438823831049,1.3144866982845662,4.992306827264015,4.387682979313813,0.12692684510725888,-4.851975260510833,-2.3026451505724466,-0.8428449170577779,-7.293561920484424,-0.1825371475540336,0.06838996937577588,3.7989461381192333,7.9218885401960595,0.7529739818806946,-0.37586730714583827,4.084320976955415,-8.391648750655676,-4.006177225511942,-0.6924833567324217,-1.703102013747868,-1.9118556094362837,0.6145973723197863,4.5324629986099625,0.18603777467434868,5.436362806086661,1.689919750986133,8.014458350641782,0.40612437101846843,7.869834123653402,-7.760834623641836,0.24775795057958633,-0.6856020319871377,-3.1447070971359747,-0.05095822521913884,0.989649492393224,0.3800135936658813,0.24267326788159718,3.410747172324396,-1.3536746122954033,-3.6648067878166897,0.05124829029520468,0.07788363269092852,2.022286411043223,-1.7266239323743493,3.3792409068495233,-1.3195614718713213,5.970878131283024,-1.9267240843483082,-0.5384860677341762,6.554707185492633
-3.3736400140188856,-9.347396583782247,-2.029093080182826,-4.00610024831671,-2.437565383799213,11.333336421483718,5.134529098542105,-6.213336922606524,11.299254299346906,-3.6533559654748378,3.9724156429278255,7.9218885401960595,7.330534521794328,3.588559448296932,5.127073055177733,5.541187779292097,4.718074798286332,-0.22191120864525304,-0.06885707256144598,-2.320989285859255,2.1658414119093066,6.23847043793697,14.465785051972523,1.1621208800586316,-9.752240400741966,-1.3677556907744828,-9.39788685475026,7.292397042603511,16.5105278109411,-3.8572786108355546,-4.325339998154904,-12.160604890677813,6.715961077780246,-8.916028150364236,-5.784651124395938,7.054056227405498,2.6166916434214347,2.9833191364453016,9.90927824595608,4.449623243637052,-1.2654720698066513,-4.088582716509585,0.8559671587861997,3.0756278849464165,-8.161956562745203,3.269503185590275,8.527417219349363,-3.950292263410261,5.442746736629777,-11.745142008484912
1.1821050280521335,1.587854547726859,4.608385876552875,2.4429618628177683,3.565683313473244,0.794827715492083,-9.836271847894498,3.2358587777846077,2.898082036915203,5.348343828580526,-7.25113476258513,0.7529739818806936,3.5885594482969325,-5.172994868498507,-1.1861612922168492,-4.519444408759852,-0.22011663894967515,-10.491795187485875,0.12389924798326174,5.368390022689984,0.5625374618113408,-3.055076935675553,-1.056460598695176,1.1943292549666908,-7.0799856474447544,6.5098238077449,6.957208782430975,-4.903343677003775,-2.015669889381632,4.539357157816018,-5.342707575082516,7.67968504457285,-11.309604294482316,-6.723649232161447,7.156360065785676,5.534236309238999,6.14786358614652,17.858070379237844,-5.363167342201499,-6.662309324200973,-4.923201618280164,4.490735682019717,-4.390908879019877,-9.742999392522803,4.386791610457467,-9.727109711788202,-11.218019893414207,1.8010458842102923,-7.647314605243169,3.73271862680771
0.46173046003814155,-4.420771350409131,6.253083954535184,1.180741286008462,-0.11430574502473578,-4.989158246234604,2.921817600250547,-3.2704842711949746,1.3725469322790032,-0.25543477229832895,0.10327168813780127,-0.37586730714583844,5.127073055177735,-1.1861612922168496,4.97232533416579,2.047351533765066,-0.6392468571915679,3.8095191068326733,0.23350434120349306,5.020509543071248,-3.4343965654970385,-0.4133699345025922,1.3476633581579953,0.4061493846984372,-5.518749466814175,0.7344884813810861,-2.8740382814335366,5.725897523389811e-5,-3.1921951584853963,2.2136532466906425,-0.02884240157837481,-5.998639938795902,0.8046343962299322,0.018085771555993668,-3.485143477180595,4.556266168025028,-0.18330506913090983,4.854893589202753,-0.4394378149692464,4.974991287212017,0.16906391185106107,2.5788002976003943,3.5118758507736065,0.9443436894548984,-3.7931083553780134,-4.7733576160159235,1.3106313686747602,-5.698055152570506,-0.352188012349151,-0.7197006510916355
-4.017657256496609,8.557625914498537,0.8745910973063854,6.8698810561429,5.113313225503194,-15.065161669604993,-8.547377925045385,0.13715836095099143,-15.11520366025348,0.6758520918384214,-3.6140678973568408,4.084320976955416,5.541187779292097,-4.519444408759851,2.0473515337650667,5.781350352223154,-19.332350907547404,-1.3765442964366066,0.7465243284768988,-11.681920203169703,4.355157997582788,-2.2618485140954014,0.8395515612235922,1.4576959083636192,16.536143373461645,-0.10317327295221541,4.961996292025104,-5.440048220013607,4.720298950621732,3.3775497166614645,4.769578395188222,17.450223042143822,2.6357758868084784,-8.03380649287613,9.091769132932077,-0.31756789644741423,1.9624996877223018,2.6891262056026974,-4.285957673305056,-8.867689269191372,-0.6180713025065251,2.163973217504799,-8.81080423631284,-13.21952990865549,4.256658199796162,-13.374033087931439,5.805324723431854,11.106092794638537,5.48310708627614,6.773678884904844
-5.4350450929611185,10.366418035236558,6.214260754760944,7.258016224196055,1.316776236787193,-3.4588402359770987,0.21893114903092914,-8.478677219266201,-13.002308045758925,-8.752914283559154,0.13835333418717258,-8.391648750655676,4.718074798286331,-0.2201166389496758,-0.6392468571915675,-19.332350907547404,-11.425300703054894,-8.680322707084665,-4.810789135690404,-8.511803889958282,-1.962655085092118,-7.608887428380093,0.31684603167386705,4.422369756866259,7.808610715591666,3.790784655286276,-0.6434914599408148,-1.6717097870677033,1.8783585926370088,5.7743062108182395,5.5109558790728235,-6.953199550900505,4.456566206088613,3.1515289528855233,0.8055358243851958,-3.915507636364728,2.689194679008625,13.435528949569845,-0.28937474869117197,-0.6951911902589174,5.426928345312811,5.899467679958514,1.8064040408846127,-8.321716926386637,7.167783951060393,-8.925018196092772,-5.275483493787579,9.486487564775942,1.8489023388585049,6.078309904593027
-3.979204554148516,-1.8241989599390458,4.343566993458231,9.439231134974687,4.520138316257149,-1.4823777346314888,3.9197331144919625,5.34105676714081,2.0220817387070524,1.840990501341357,3.251348422004492,-4.0061772255119426,-0.2219112086452533,-10.491795187485875,3.8095191068326733,-1.3765442964366057,-8.680322707084665,-12.223910328654313,-2.5987293888930494,-7.846451120085562,2.529629558609306,-5.501785567117745,-4.05570622756172,3.037990047776387,7.18077874877538,0.9801215305444702,5.649761829508142,5.451146146759159,-15.4759995430529,0.6700609386775156,0.3419125577089462,3.5068918107198135,2.0505213297698934,3.2536312628628243,3.60624558670661,-0.31008679681751583,-7.194475286379898,10.647474589652976,-7.544234273441303,-5.011167192054841,-7.9849475675889705,6.2841755042977345,-9.049220957416724,-14.463482443646926,10.447620010296355,-10.42777632787029,-6.71628044225764,-1.625443930260287,-5.105335820764505,15.038810193874875
0.15137717521916005,-1.7894735965370483,-2.4122696592122344,1.5377226307732235,-0.28352360711999186,7.587322274728704,-2.621395672890496,8.511838206421642,5.477378872856635,-0.26876438896374805,0.04456525223140241,-0.6924833567324209,-0.0688570725614463,0.12389924798326157,0.2335043412034925,0.7465243284768995,-4.810789135690404,-2.5987293888930503,4.988709613785229,4.456128600763164,5.816753487353892,0.23145627420096204,5.988721200126923,0.03670957258627139,0.015041247308849037,4.5584394714229575,-5.382693190678202,-0.13756202128519834,-9.398699782701383,-6.073674712812363,0.384972563269059,0.6995012545918462,9.961342919104446,0.30784573452738395,0.08456302666260995,0.9246498004920597,-0.09437167659772776,1.4307032075044446,-9.089269438777642,4.3970844808972185,-0.6830616058710209,-1.0020084264396818,-1.979616109292451,7.098650436530203,-0.18833917572383965,-4.948415817116617,-4.280548155774155,5.007884399731517,-0.19630817701839742,1.2151958863348873
-1.19241024045971,11.8290345722281,-4.387239579221258,2.848345932032115,-3.65003920960291,-13.11323917285159,1.6284754595365045,7.1507665432260445,1.3833274167901106,6.1813242682005844,-3.1799730830886745,-1.7031020137478672,-2.3209892858592545,5.368390022689983,5.020509543071249,-11.681920203169703,-8.511803889958282,-7.846451120085561,4.456128600763164,3.5748646376861055,18.89612959204588,-3.0481790182419157,-6.859897548194115,0.32822330633850094,-1.2121950354352626,3.562999433268984,11.863927777101711,-3.3693324661148534,-12.339663724928833,-2.0485563226042305,0.533573298345144,17.193180032229204,-4.717153386023942,2.1149975238374426,6.032915690860156,3.627463315429132,-2.083808275107957,-3.381522885449971,-10.439897654168817,-5.39221685464057,5.833959787101007,-4.022026987710242,-6.062666598258303,-8.466270885840911,-1.8925273362049886,-6.24222635569987,-11.686825526698376,5.482155332090436,-0.9380027826160362,9.62093650211526
-0.03628125785364193,-12.968311825422933,-6.930441914256211,-7.8250614153628995,9.912313873158718,9.775568714372211,5.92654347853431,-3.7737845403448094,4.397985109498968,-0.812090288740438,0.5381899403606857,-1.911855609436284,2.1658414119093066,0.5625374618113403,-3.434396565497039,4.355157997582788,-1.9626550850921192,2.5296295586093067,5.81675348735389,18.896129592045877,10.963070883990287,-4.307983965174198,8.067405733417935,0.7953825286637703,-9.28993790968075,-11.920136140945347,-6.558536563982483,0.7000590521335711,0.8320864299399531,-6.287803739062451,2.5096114241845915,-7.92468222038902,9.799296438385822,1.41485706133652,-9.004456495501305,5.493874158275142,3.08478757858848,-5.30173969043187,13.188807283077885,2.7730072998093274,-5.527358703192085,-8.160443580080504,12.775250722871737,-1.9184204613573812,-4.20241825222484,-5.19482416958049,12.603713460399977,-4.475803893210741,0.6391475499664919,-1.0374803278169307
0.4158124986302768,-2.45206251226942,-5.65671410066208,0.7343335087225005,0.07533334389827373,3.6341927573527153,-3.711275452434911,8.111126111915045,-2.752999543408215,-0.6383059409604342,0.18819600117927837,0.6145973723197867,6.23847043793697,-3.0550769356755536,-0.4133699345025913,-2.2618485140954014,-7.608887428380093,-5.5017855671177465,0.23145627420096193,-3.0481790182419157,-4.307983965174197,4.3197586104707595,-0.04667441519292914,0.2522504005716102,5.898748687918108,0.7526562122946863,-4.769671159643258,0.03233549159621285,2.528050145221337,3.481723084387287,-0.11056998399813495,-4.037238522092693,-7.8652108526636475,-0.6176548144449973,0.3855030008488818,-5.321492080892208,0.03460514598382325,-0.21894334100094948,-1.43037592600132,-1.2752750201030987,-0.448584386885051,0.13660914835242477,-3.1009259335228783,0.18995780920788785,2.4841882569051235,-3.0280762682226463,-2.6148065433581418,-0.05921400486997341,-0.06975933892207481,-0.1470499547937406
0.07139425473449859,-3.5822902483491967,8.563026654866803,15.068525778156552,6.5359647086064765,-13.20696421235244,2.8219729094401984,10.535977517137528,-3.092284053895508,5.5662751124503975,3.2246087628535873,4.532462998609963,14.465785051972523,-1.0564605986951756,1.347663358157995,0.8395515612235911,0.31684603167386677,-4.055706227561722,5.988721200126924,-6.859897548194116,8.067405733417935,-0.046674415192930085,5.093690502897996,-2.8246812340261513,-0.3791808174692666,9.023263318308114,4.402458642515481,0.14163356646847475,-5.6786133400530945,7.102056343863554,1.1421099803227082,4.8988052575653755,-3.275880538197366,0.5211378453761644,-0.7458975345225738,-8.564527208989036,1.7354194000158298,10.424444113325507,-13.961321458691964,-7.600150145568467,-2.7249858155810585,0.25572762244011427,-4.836593863289818,-7.725699046038962,6.665876574002982,-5.221150958965332,-3.1744867672430184,13.653085528317556,-3.8743769072279046,6.977579335612762
0.34910701169218944,-8.400163827471836,2.710307909984108,-1.3858999230543225,0.5491452501250885,1.5077629042266705,4.208001551032522,-7.786370976314551,-4.782316540208179,0.015598742395489973,0.6956380137418401,0.18603777467435,1.1621208800586302,1.1943292549666906,0.4061493846984366,1.457695908363618,4.422369756866258,3.0379900477763866,0.03670957258627003,0.3282233063385014,0.7953825286637705,0.25225040057161063,-2.8246812340261513,4.529565949822507,-4.633482592235323,0.11904613700327549,-6.081269823432744,0.22540299738747094,-9.010956457733831,1.4650588809665588,-0.08942586326669133,1.6979568327622065,-5.068332819249686,-0.3061633062972926,0.8528183600874366,0.5098268859225714,-0.3571382345947859,3.7411096780202238,-3.1361747722714877,3.507527780844088,-0.20767214396964906,0.11546400306735335,0.6886001809335782,-0.6680766389570517,1.775576541211634,-1.8186469918146748,-1.4078591794974995,8.428825769161318,-0.441435499483122,-1.1702767305041963
5.46856798627929,-2.0528062985956805,-10.915344075369333,-7.931981788964852,-7.071826270085918,-0.04374016148063321,9.752020423000792,5.962370033695744,-2.6152181660289218,-3.490187633817035,1.0331269142292,5.4363628060866604,-9.752240400741966,-7.0799856474447544,-5.518749466814175,16.53614337346165,7.8086107155916675,7.180778748775379,0.015041247308848637,-1.2121950354352635,-9.28993790968075,5.898748687918109,-0.3791808174692681,-4.633482592235323,-8.832293135577231,-0.5070707917551847,0.005450119905642925,3.1328915867496256,-0.02431572577181995,-13.22790246908436,0.31097492451797104,-6.820115381180212,7.380792965254287,-0.9072590993024292,9.251349121834563,3.284664036510584,-4.524784685952063,-13.472327047409058,6.40968963812872,7.222374151381719,5.448865541661508,-4.149321703860531,2.896198463002505,13.962100028257794,-7.117247899354759,-2.380834113815723,7.41507083094575,-11.885586297555145,-2.5318982872139775,-12.550235775524598
-3.366914232033268,-6.83852165197638,-4.894981995220554,-7.121250755649932,-1.5619470544826957,-2.643891229213605,0.29450656886973525,8.906048719789794,4.927614169148525,0.8536136761081696,-4.334819485823022,1.6899197509861328,-1.3677556907744823,6.509823807744899,0.7344884813810859,-0.10317327295221579,3.790784655286276,0.9801215305444704,4.5584394714229575,3.5629994332689847,-11.920136140945347,0.7526562122946869,9.023263318308116,0.11904613700327582,-0.5070707917551833,-6.500880983563042,-10.429298210913856,-7.036096035514993,1.2371335273590958,-11.806957024558088,1.5720349430276526,-14.510345078591053,-7.46484880143718,1.66037829276621,-12.185679615885093,5.048446658667454,-1.2445293260468147,-4.884151295833907,0.1499566684086392,-0.8870876949411941,-1.0330168058868479,5.12193663442146,1.6361332957094938,2.8242780147957998,-11.400570762616217,7.979548467703793,0.8882090195484149,-13.933770426361718,5.8967565687580725,-4.100240149276812
-6.125756382145791,-9.248719788711929,-0.7713636184560474,-1.264826934116617,1.1973797459171143,-2.41939223275642,6.376564852265585,-1.912428362614677,5.7882971638674725,-6.152474725619687,-3.0510751170237045,8.014458350641782,-9.39788685475026,6.957208782430975,-2.8740382814335366,4.961996292025103,-0.6434914599408144,5.649761829508143,-5.382693190678204,11.863927777101711,-6.558536563982484,-4.7696711596432575,4.402458642515482,-6.081269823432744,0.005450119905642925,-10.429298210913856,11.06765238389564,1.5401598117026274,9.270916017557864,-13.732589596026237,1.2448789226114647,1.9642734609092276,4.838956034320249,-8.122431772254995,2.434874073863775,10.787241966809457,-0.05065817846073939,-12.243244517276215,9.827514342106445,1.8949329837625237,9.378039384195604,2.9096570829731894,5.440089706932905,0.04546944351849447,1.0964265771329638,8.417542692437232,0.028275376738985725,-1.3318981976468263,0.5785588592908926,-1.331818472662388
0.21986147006836632,-2.2840037422848978,-5.520912094163809,8.03330457595096,0.4666762353918871,-1.493638072358459,-5.012175034478124,-1.067374251169528,3.999215039144305,-0.6043286635735878,0.6672699393132808,0.40612437101846893,7.292397042603509,-4.903343677003775,5.7258975234453224e-5,-5.440048220013608,-1.6717097870677045,5.451146146759161,-0.13756202128519873,-3.3693324661148534,0.7000590521335709,0.032335491596213295,0.1416335664684744,0.2254029973874706,3.1328915867496243,-7.036096035514992,1.5401598117026278,4.46314263160445,-8.647470831868175,9.771738079733417,-0.6459282913722916,-1.7653187604178213,-0.20350747124373547,0.262405071086246,-2.8254069078309874,0.2686734590404741,-0.7624225446010999,-0.14786179939051758,0.3452340419477202,-3.4099835288691507,-0.14264594278340248,-1.154355781278186,0.02019410141729394,-3.1846926243740574,-0.4308109480044481,-0.24427535049250348,-4.6914285738510575,5.566344332739678,-0.37557159151543323,2.358962280800519
-5.652189900151081,8.278427631646569,2.0344427031563805,0.124022848297201,-8.880800838952867,7.659147952192115,1.1903641075068858,0.8353001666446478,2.982905311391974,-0.4156349114989183,2.188523343459949,7.869834123653403,16.5105278109411,-2.0156698893816314,-3.192195158485396,4.720298950621732,1.8783585926370088,-15.4759995430529,-9.398699782701383,-12.339663724928833,0.8320864299399542,2.528050145221337,-5.6786133400530945,-9.010956457733833,-0.024315725771820063,1.2371335273590953,9.270916017557864,-8.647470831868173,9.036973854309093,4.299569719575597,0.5317611803520553,9.393956314867244,-1.771433845299702,0.1947964544034141,13.703887061312665,-17.18902672633494,-9.514564860827278,6.981135554293529,-11.121364563799995,-4.896861761008966,5.93387676216347,1.1869499904823932,-6.563150862583738,-1.1912293199638295,7.862233768665964,-10.120030996097931,-8.168284694892298,3.613791274178534,-0.7957293781269208,5.739003812902835
-6.148348107726724,-4.896338605028957,4.714143039750996,-9.015083019881828,-1.9396031609649012,6.999245282696298,2.6563605044388607,-2.1362092765250313,-1.5450136990707146,-2.9378765431115617,1.1482353414002384,-7.760834623641836,-3.857278610835555,4.539357157816018,2.213653246690643,3.377549716661464,5.774306210818239,0.6700609386775165,-6.073674712812364,-2.04855632260423,-6.287803739062452,3.481723084387287,7.102056343863554,1.465058880966559,-13.22790246908436,-11.806957024558088,-13.732589596026237,9.771738079733417,4.299569719575597,0.7685818886554614,-4.252253232340474,-10.067729216903706,14.693944014925648,-2.9574803527338256,0.7877922212198931,7.647615268804072,-5.867739265307279,-13.91341666303208,3.5602713370503762,-4.811567953338698,5.354531354282356,-9.771091937742742,12.201628674249891,4.408171710060376,-11.908038179378352,13.680444727437633,8.118365935240691,-1.1930877891235476,-5.347724847295902,-10.601541661456846
-0.07290781755313816,-7.585011766120596,3.9082218382799496,5.663246366282231,-0.31478702660308144,-3.5888904816405276,-1.135883610122775,6.546564486035292,-1.2064767662268954,-0.2141303169521772,-0.036208573928860455,0.24775795057958652,-4.325339998154903,-5.342707575082516,-0.028842401578375004,4.769578395188222,5.5109558790728235,0.3419125577089459,0.3849725632690593,0.5335732983451432,2.5096114241845906,-0.11056998399813456,1.1421099803227095,-0.08942586326669133,0.31097492451797115,1.5720349430276532,1.2448789226114647,-0.6459282913722919,0.5317611803520559,-4.252253232340473,5.056678584151775,1.4253602838818662,-3.4530492894300457,0.3910336533270111,-0.7235782703232394,-1.1408604797867934,0.1271553977042792,5.721875427512102,1.346666127347747,-5.17627355681368,-0.07174046801599498,0.15079124394085452,-1.8822959004058877,7.9204983151913995,-0.16473267146951565,-2.8558036566984515,0.725539870120613,-7.032920598592911,-0.6488811836308881,-7.2691058650559
-7.9992788523422815,0.158020146722406,0.5920708949600599,-3.8635821999464226,-3.885527099722461,-1.9512327641149696,7.23001532722211,-12.637977176142687,-4.1496436732505115,-2.409096977791364,2.486226218949447,-0.6856020319871364,-12.160604890677813,7.679685044572851,-5.998639938795902,17.450223042143822,-6.953199550900505,3.5068918107198135,0.6995012545918466,17.193180032229204,-7.924682220389019,-4.037238522092693,4.898805257565375,1.6979568327622068,-6.820115381180212,-14.510345078591053,1.9642734609092283,-1.7653187604178227,9.393956314867244,-10.067729216903704,1.4253602838818658,9.420927185975223,8.183287170213916,-7.918711133821638,-9.065071842401565,0.06836088931099371,4.243495050363266,-9.121377387261624,10.037756116192925,6.5287476578079335,-7.780368482068732,-3.522532727802482,1.2845929565309229,10.977532387450125,-7.851174681359732,9.129438669133666,6.593656328473868,-7.642209996786825,-0.7214671824672167,-13.054063195088109
4.229222364135356,2.4361830665878186,6.05141970473243,7.491202282355735,2.2910727386393144,-2.2133466618782855,-4.825641186332332,9.159598759651344,-3.7523305151146196,-4.186523369522105,3.0699023137467307,-3.1447070971359756,6.715961077780245,-11.309604294482316,0.8046343962299309,2.6357758868084797,4.456566206088613,2.0505213297698943,9.961342919104446,-4.717153386023943,9.799296438385822,-7.8652108526636475,-3.2758805381973666,-5.068332819249686,7.380792965254287,-7.4648488014371805,4.838956034320249,-0.20350747124373558,-1.7714338452997032,14.693944014925648,-3.4530492894300466,8.183287170213918,-7.2398794485307105,2.1101190436680954,6.675045118777485,-6.823226035296663,-1.2908401669741651,0.24003138103016264,-2.7720722450123123,1.2067966875649752,-4.035139753396035,13.618322862756003,-9.346024603741538,-3.6320422362330658,11.321099364005908,-2.236402663743323,-4.414682631968147,10.59957656532472,6.933252585278131,-5.7916616436256865
0.29262578101177406,-7.297971912213439,-5.700244388792646,-9.130800452452872,-0.2943134398755922,1.2726529104876259,1.484454277597024,-2.3628400938539285,5.601685654003202,-0.12078487659371251,-0.1359387774950857,-0.05095822521913829,-8.916028150364234,-6.7236492321614465,0.018085771555993224,-8.033806492876131,3.1515289528855233,3.253631262862824,0.30784573452738373,2.114997523837442,1.4148570613365195,-0.6176548144449969,0.5211378453761639,-0.3061633062972918,-0.9072590993024293,1.66037829276621,-8.122431772254995,0.2624050710862469,0.19479645440341498,-2.957480352733826,0.3910336533270108,-7.918711133821638,2.1101190436680954,5.0803433371151705,-5.872232793715424,-0.7816857928245974,0.23571245938305752,1.0506103346061828,4.295673985310044,-2.0725547808391496,-0.2801654719301927,-2.862453612122284,-8.175057738212706,-2.319653107354446,-3.0194238212483566,1.0641590769005194,10.284975420033977,1.8816481447937954,-0.14509361121814757,1.7652589396290308
0.7604424158625351,2.7338695626546814,-11.246488266559652,-3.1588189691997752,0.4853545361103402,15.12171840358832,-7.929873051126307,0.8322388704332726,-1.9333849715841411,-6.347085478810331,3.5141008693795963,0.9896494923932238,-5.784651124395937,7.156360065785675,-3.485143477180596,9.091769132932077,0.8055358243851957,3.606245586706609,0.0845630266626096,6.032915690860157,-9.004456495501305,0.3855030008488825,-0.745897534522574,0.8528183600874363,9.251349121834563,-12.185679615885093,2.4348740738637753,-2.825406907830988,13.703887061312667,0.7877922212198927,-0.7235782703232387,-9.065071842401565,6.6750451187774855,-5.8722327937154235,-11.807732347179007,-0.1290001520521274,4.0884229449734795,3.334401752218427,1.7196727269172556,2.796124837889724,-5.3483406305245875,-12.113567304310546,4.566749703148364,9.520558343345307,-2.364461112927373,9.53661226156123,6.170753797444826,-1.3439270887067933,-7.243946407709326,-7.860173157138599
-0.14146375381128337,8.115009165140666,10.212360238899903,14.135868353193773,-4.340544593651526,-1.0825083841710157,-6.489133312444083,14.389619863650003,-15.762915755667194,6.895475793561165,-1.7691164801219932,0.38001359366588117,7.054056227405498,5.534236309238999,4.556266168025026,-0.3175678964474139,-3.915507636364727,-0.31008679681751583,0.9246498004920594,3.627463315429132,5.493874158275141,-5.321492080892208,-8.564527208989036,0.509826885922571,3.284664036510584,5.048446658667453,10.787241966809457,0.2686734590404747,-17.18902672633494,7.6476152688040715,-1.1408604797867934,0.06836088931099349,-6.823226035296663,-0.7816857928245975,-0.12900015205212778,-11.851409521183289,-0.25550282525796286,11.192578555492554,-10.602071199851592,-6.7273539690879005,4.344133884744743,1.743273299116798,-11.850954462741997,-8.32957904330364,4.856237598433507,-7.520149387685048,-6.628985210400727,2.1841548800748525,-5.173800925815101,10.065740800531003
-0.4597213595781119,-10.784996746559631,0.011641001604146661,5.380655124032043,-0.3074477628842665,1.1215887942720801,-6.238583412994966,-0.6726984356254149,1.1377466838363437,-0.009073661195631022,-0.2427281611052583,0.24267326788159702,2.616691643421435,6.14786358614652,-0.1833050691309106,1.9624996877223024,2.689194679008626,-7.194475286379898,-0.09437167659772765,-2.083808275107957,3.0847875785884797,0.034605145983822916,1.7354194000158298,-0.35713823459478533,-4.5247846859520635,-1.244529326046815,-0.050658178460739986,-0.7624225446011015,-9.514564860827278,-5.867739265307278,0.12715539770427908,4.243495050363267,-1.2908401669741654,0.23571245938305796,4.088422944973479,-0.2555028252579622,4.571099945417628,1.3588952255247404,3.064154237772315,0.07977877433992886,0.019243643555057144,4.352326484344856,1.122068940034544,3.1884377073587653,3.6699709535590577,-8.197767506405867,1.1342967922127407,5.058952554419001,0.0036650245777082313,-2.438045856446671
0.009738805778908649,-1.4331866034880723,0.35714102926516655,-13.081766887001038,8.524086097732898,1.1542268459238934,11.342630691422974,-4.337937985888147,13.537313250231954,7.6528717555960615,10.061258015543887,3.4107471723243954,2.983319136445302,17.858070379237844,4.854893589202753,2.6891262056026974,13.435528949569845,10.647474589652976,1.4307032075044437,-3.381522885449972,-5.301739690431869,-0.21894334100094948,10.424444113325507,3.7411096780202238,-13.472327047409058,-4.884151295833907,-12.243244517276215,-0.1478617993905167,6.981135554293529,-13.91341666303208,5.721875427512101,-9.121377387261624,0.24003138103016397,1.050610334606183,3.3344017522184255,11.192578555492554,1.358895225524741,-13.8156724582479,12.844540223117129,6.310339570119858,0.6042994086912052,0.21825531007691812,0.5883851363337763,-7.418660847301003,-10.367906045801357,2.743311027836559,13.598154159889168,-7.159445360344299,4.097024202952415,-7.008873521705831
6.036959768443175,8.297058775385535,-1.6136265076402683,6.073218052464751,-2.872740315978591,2.695932487591276,-2.057017035956533,7.380315720045754,0.9431124903181158,-1.7657916993217944,-4.367865930167922,-1.353674612295404,9.90927824595608,-5.363167342201499,-0.4394378149692462,-4.285957673305057,-0.28937474869117297,-7.544234273441304,-9.089269438777642,-10.439897654168819,13.188807283077885,-1.43037592600132,-13.961321458691964,-3.136174772271489,6.409689638128721,0.1499566684086392,9.827514342106443,0.3452340419477187,-11.121364563799995,3.560271337050377,1.346666127347747,10.037756116192925,-2.772072245012313,4.295673985310046,1.7196727269172563,-10.602071199851592,3.064154237772315,12.844540223117129,3.7600870737012615,8.801983099589586,1.1619900014579503,19.06386680174931,-8.935622358804055,3.6031445903470676,7.189652936037888,-8.967169299049036,1.6745121613233498,7.5816635149779295,3.9293076541650684,0.7182801874663054
6.3309166253886255,-4.898318883035137,6.365994750928167,1.3139685110850865,-6.693062691499918,-9.071412588319829,-3.499204957883333,9.185569124881136,-9.267526728153301,-5.1387203365239476,4.398242039601534,-3.6648067878166897,4.449623243637053,-6.662309324200973,4.974991287212015,-8.867689269191372,-0.6951911902589172,-5.011167192054841,4.3970844808972185,-5.392216854640571,2.7730072998093265,-1.2752750201030991,-7.600150145568467,3.5075277808440886,7.22237415138172,-0.8870876949411945,1.8949329837625237,-3.4099835288691493,-4.896861761008967,-4.811567953338698,-5.17627355681368,6.528747657807932,1.2067966875649758,-2.07255478083915,2.7961248378897245,-6.7273539690879005,0.0797787743399293,6.310339570119857,8.801983099589586,6.648676734409889,-3.0764129039094654,-5.186751873563413,-0.254904960109147,-9.593686339295445,1.0990878436295448,-6.1604239491829755,-14.591111493814354,9.737996615924704,-5.715933496942751,16.00688852162407
0.10892842547688293,-3.3602032796657215,8.556564315433993,3.811596144230802,0.2182686393029014,1.1778483895095315,1.9214513439675396,2.270263714644721,-1.88244748350374,-0.07991981951835958,-0.5086574268145202,0.051248290295205084,-1.2654720698066513,-4.923201618280165,0.16906391185106098,-0.6180713025065243,5.426928345312811,-7.984947567588971,-0.6830616058710204,5.833959787101008,-5.5273587031920846,-0.4485843868850516,-2.7249858155810585,-0.20767214396964917,5.448865541661508,-1.0330168058868483,9.378039384195606,-0.1426459427834026,5.933876762163471,5.354531354282356,-0.07174046801599498,-7.780368482068733,-4.0351397533960345,-0.2801654719301923,-5.348340630524587,4.344133884744743,0.019243643555057144,0.6042994086912061,1.16199000145795,-3.0764129039094645,5.284606227210061,-0.32423776662923226,4.210839087577431,5.302336422932614,-5.896388564156735,-2.5915836400541936,7.674248799632803,-0.9443813693716403,0.10693205993829513,-7.962645076898146
-1.6743708861978472,-7.893963554699838,-6.281418149015015,-1.627334050525516,2.461091873159206,0.234576051871844,6.339436386841322,2.4584364920103408,0.5233549946539855,7.120025312885814,4.331397478126574,0.07788363269092898,-4.088582716509585,4.490735682019717,2.578800297600395,2.163973217504798,5.899467679958515,6.284175504297734,-1.002008426439682,-4.022026987710242,-8.160443580080504,0.13660914835242322,0.25572762244011416,0.11546400306735405,-4.149321703860531,5.121936634421462,2.9096570829731894,-1.154355781278186,1.186949990482393,-9.771091937742744,0.15079124394085353,-3.5225327278024823,13.618322862756003,-2.8624536121222834,-12.113567304310546,1.7432732991167987,4.352326484344856,0.21825531007691784,19.063866801749306,-5.186751873563412,-0.3242377666292322,12.84847906631105,-6.439798828742537,3.96050072724924,-5.78279728075911,0.9487763025647172,16.986781265066334,-12.393595515723332,5.3359014167760375,0.1463932939478314
9.140426518323926,-1.544662769083765,9.835144788145033,14.18399915379543,-5.309492583812735,-2.0540176579418303,-15.829803024378263,5.558358488248272,-6.790451559759557,-2.441673843070774,9.676558370291689,2.0222864110432233,0.8559671587861996,-4.390908879019876,3.511875850773606,-8.81080423631284,1.8064040408846116,-9.049220957416724,-1.9796161092924505,-6.0626665982583035,12.775250722871737,-3.1009259335228796,-4.836593863289818,0.6886001809335786,2.8961984630025053,1.6361332957094936,5.4400897069329055,0.020194101417293275,-6.563150862583737,12.201628674249891,-1.882295900405887,1.2845929565309233,-9.346024603741538,-8.175057738212706,4.566749703148365,-11.850954462741997,1.122068940034544,0.5883851363337771,-8.935622358804055,-0.25490496010914704,4.2108390875774315,-6.439798828742537,-5.061241158776643,-6.772100505488734,2.81572172567992,-5.32799434585668,-7.553045748842526,5.314913768250809,0.1655375352863936,5.819295732744733
5.708073111578094,3.102094191591947,12.21770513193904,-2.9106705801015678,-0.513821167476451,-5.840028070925862,-1.8429114953562433,7.272168476559442,4.37416226259724,1.3104967374671324,-3.545420357857517,-1.7266239323743497,3.0756278849464165,-9.742999392522803,0.9443436894548991,-13.219529908655488,-8.321716926386639,-14.463482443646926,7.098650436530203,-8.46627088584091,-1.9184204613573812,0.18995780920788824,-7.725699046038962,-0.6680766389570523,13.962100028257792,2.8242780147958015,0.045469443518494024,-3.184692624374058,-1.1912293199638297,4.408171710060375,7.9204983151914,10.977532387450125,-3.6320422362330658,-2.319653107354447,9.520558343345307,-8.32957904330364,3.1884377073587657,-7.418660847301002,3.6031445903470676,-9.593686339295445,5.3023364229326155,3.9605007272492405,-6.772100505488734,4.950619278787782,6.546733461196196,-3.619040411055818,-1.841124765633933,12.703095222281796,0.7772517926236481,3.9474709202151415
-1.6770050715267537,2.6992084673654766,-3.2053462370594183,-7.706699472171138,-6.40875578059005,-1.356272614817326,-3.6398799882669173,-4.479692554884502,-6.0327069617482785,-3.1719877481706,-4.176216418254991,3.3792409068495233,-8.161956562745203,4.386791610457468,-3.7931083553780134,4.256658199796162,7.167783951060392,10.447620010296356,-0.18833917572383999,-1.8925273362049881,-4.20241825222484,2.484188256905124,6.665876574002981,1.7755765412116336,-7.117247899354759,-11.400570762616217,1.096426577132964,-0.4308109480044475,7.862233768665964,-11.908038179378352,-0.16473267146951476,-7.851174681359732,11.321099364005908,-3.0194238212483566,-2.3644611129273727,4.856237598433506,3.6699709535590577,-10.367906045801359,7.189652936037888,1.0990878436295453,-5.896388564156735,-5.782797280759111,2.8157217256799205,6.546733461196194,0.9448496860865303,4.318249167418647,2.107332262093901,-4.909322075709779,-3.571780944954015,-10.160094948043495
-5.304824847877338,9.048523201162707,-1.2410358973806765,-4.236727755736939,2.12201482052543,-7.050879361820472,-3.9198626180755918,10.985550613083513,-7.405768133988979,1.4054296936446506,-6.741542238723528,-1.3195614718713227,3.2695031855902745,-9.727109711788204,-4.773357616015925,-13.374033087931437,-8.925018196092772,-10.427776327870289,-4.948415817116618,-6.24222635569987,-5.19482416958049,-3.0280762682226445,-5.221150958965333,-1.8186469918146744,-2.3808341138157223,7.979548467703793,8.417542692437234,-0.24427535049250315,-10.120030996097931,13.680444727437633,-2.8558036566984506,9.129438669133668,-2.236402663743324,1.0641590769005198,9.53661226156123,-7.5201493876850485,-8.197767506405865,2.74331102783656,-8.967169299049036,-6.160423949182977,-2.591583640054193,0.9487763025647161,-5.327994345856679,-3.619040411055818,4.318249167418647,-7.582445150716365,-3.852078115586731,10.9733533090898,-8.953007912354474,-2.269004778795897
0.35669282409258884,1.309669607937209,8.912974408379279,8.509338387109112,-0.8711010332030077,-8.035059608033048,2.195873998893686,14.380290464735607,-6.9063697902086725,0.5288356383252254,1.5166619251678974,5.970878131283025,8.527417219349363,-11.218019893414205,1.3106313686747604,5.805324723431855,-5.275483493787579,-6.71628044225764,-4.280548155774154,-11.686825526698376,12.603713460399977,-2.6148065433581418,-3.1744867672430184,-1.4078591794974995,7.4150708309457505,0.888209019548414,0.028275376738985725,-4.6914285738510575,-8.168284694892298,8.118365935240691,0.7255398701206125,6.593656328473869,-4.414682631968148,10.284975420033977,6.170753797444827,-6.628985210400727,1.1342967922127412,13.598154159889168,1.674512161323349,-14.591111493814354,7.674248799632804,16.986781265066334,-7.553045748842526,-1.8411247656339336,2.107332262093901,-3.8520781155867305,1.2311578101727534,13.140442177028504,4.304176762042436,-4.6169885843732255
-0.19990205001691663,-12.79993010374533,-3.4075442543652397,0.488512901128622,0.7077117848422803,2.69702340753152,-0.16524241394096606,-3.0532938833149004,13.080708279294008,2.06662219172251,4.889637469598949,-1.926724084348308,-3.9502922634102604,1.801045884210292,-5.698055152570506,11.106092794638535,9.486487564775942,-1.6254439302602874,5.007884399731518,5.482155332090437,-4.475803893210741,-0.0592140048699743,13.653085528317556,8.428825769161318,-11.885586297555145,-13.933770426361718,-1.331898197646826,5.566344332739677,3.613791274178535,-1.1930877891235472,-7.032920598592911,-7.642209996786825,10.599576565324718,1.881648144793794,-1.3439270887067938,2.184154880074852,5.058952554419001,-7.159445360344298,7.58166351497793,9.737996615924704,-0.9443813693716401,-12.393595515723332,5.314913768250809,12.703095222281796,-4.909322075709778,10.973353309089799,13.140442177028504,-7.373432160900611,1.0219993921563912,-16.024693613742706
0.07847333630936396,0.9683104128835593,3.117621788075382,-9.075192374253284,-0.19082049403224968,-1.1348535511263387,-3.393200216551187,5.129494956839524,-7.514599222036038,0.8433165078428932,-0.3443257424903024,-0.5384860677341773,5.442746736629776,-7.64731460524317,-0.35218801234915054,5.48310708627614,1.8489023388585046,-5.105335820764505,-0.19630817701839703,-0.9380027826160365,0.6391475499664925,-0.06975933892207431,-3.874376907227904,-0.44143549948312205,-2.5318982872139766,5.896756568758073,0.5785588592908926,-0.3755715915154328,-0.7957293781269206,-5.347724847295902,-0.6488811836308871,-0.7214671824672169,6.933252585278131,-0.14509361121814757,-7.243946407709327,-5.173800925815101,0.0036650245777086754,4.097024202952414,3.929307654165069,-5.71593349694275,0.10693205993829508,5.335901416776037,0.1655375352863937,0.7772517926236482,-3.571780944954015,-8.953007912354474,4.304176762042436,1.021999392156392,4.997098773556388,1.1258848069338587
0.9059625374756559,-2.288827702338997,-12.052565646824045,-7.161293461749105,3.205093676446812,4.764914198206782,1.11990905932319,1.627228535391324,16.232975231198044,-4.178729805328724,3.4663128536600185,6.554707185492634,-11.745142008484912,3.73271862680771,-0.7197006510916363,6.773678884904845,6.078309904593026,15.038810193874875,1.2151958863348868,9.620936502115258,-1.0374803278169316,-0.14704995479374056,6.977579335612761,-1.170276730504196,-12.550235775524598,-4.100240149276812,-1.3318184726623872,2.3589622808005193,5.739003812902835,-10.601541661456846,-7.2691058650559,-13.054063195088109,-5.7916616436256865,1.7652589396290315,-7.860173157138598,10.065740800531003,-2.4380458564466716,-7.008873521705832,0.7182801874663053,16.00688852162407,-7.962645076898146,0.14639329394783107,5.819295732744733,3.9474709202151423,-10.160094948043493,-2.2690047787958965,-4.6169885843732255,-16.024693613742706,1.12588480693386,-9.033521162553479
