n
50
c
-170.79610062060027 -144.60383660651416 127.89254964458767 139.65824041751515 -116.46680376495382 122.16071165555687 147.04471668469498 -169.30652226279437 -28.925141131686473 139.91332294311096 -49.20635886578684 197.60762746965187 151.8642249719409 7.64910316036951 136.622163171167 -127.9341657693073 22.33750431264838 -141.58383692960658 13.401279834965267 -14.367595635137613 -11.359291824077243 6.829138162458749 -106.2408465159436 206.41411831677013 37.891418066250345 -154.97470447999797 139.6627479230659 4.895206593957512 -147.89241853023486 9.712435430352981 -171.74721542995647 31.210558414001405 -180.84176502515726 -151.1366876454484 -137.32326647847853 -145.19803277811206 -183.33941130909577 -153.66368392838766 141.27350429583615 43.19564715067455 -145.46932158148675 -136.1074947989851 -30.363365632876658 -167.07236278085847 -130.4466191143045 -202.31241043018693 -131.45634584013706 -15.31952584838974 -7.803842697346514 -114.57705638122758
Q
0.8404096539475869,0.5888433961935069,-2.7556689994733854,4.174091683759081,-6.51727631700954,8.99960651012699,14.771405829495638,-1.808841082002945,-0.8528728689240798,4.931563113278422,4.51920414156934,-1.3367414122575847,10.695521643346735,-0.5864600967789743,6.788172545069839,0.3569894129194852,-3.020185126581081,-4.547944361117318,0.3427741909135891,-0.9310704657576345,2.536972470850852,-7.474820638583083,-10.010371785503747,6.019008287802585,0.14251002843039573,-15.99381199740764,-2.2996362254911022,0.8348427957772333,-2.2439503324186623,0.272544419712073,-4.2532070665700585,5.9510753662163465,-2.4918244143905213,-11.550616371021674,0.14317544024039874,1.3580461802438986,-2.1298023361013803,-0.8224160454365768,-3.956577381528633,-8.192923432948076,-12.025672908617928,7.868535564779797,-0.3542290851294423,-4.802368621260575,1.6126061127118763,-3.1400518048401906,-10.208619667206776,-4.630304259132535,-2.3833128465444036,-4.750597490199449
0.5888433961935063,6.319608360883902,6.054878321583216,10.637976284040604,-5.313186994664911,-0.5775051764377901,1.7568265645331549,-0.10974683239295091,5.0790166341084095,0.850621054936793,2.872935749407594,-7.70592226990439,6.572549597680311,-2.1899803186230806,6.217275891223195,-3.105443060211434,2.232649203375655,-0.8919003294130023,4.48641616974117,-5.278588237480725,-4.976276014536367,-8.202530009592548,2.790628521739899,3.5630675535887333,-6.752203165007815,-10.59047643495776,6.755968053003269,1.158137840143642,-3.6744035264464086,-6.080491501546783,-8.294750899979274,-10.277251823451959,-10.568706320656263,-7.061425766928828,-10.109006035013081,-2.786394243967278,-1.4063665214093972,-4.944192637504344,7.2070299432441844,-0.8804883000561574,-7.38402749327487,-4.958151418584275,4.377266431171644,6.494306331526773,-9.668838956813609,-9.088816930983386,0.2720125715352144,2.417301805970517,-10.067676953887856,-6.306489001753865
-2.7556689994733854,6.0548783215832165,-6.286414492155869,2.1305887453509555,9.702843762751781,-14.874940407556531,-4.143504556723409,2.812630070839478,8.585134142859463,-1.0008402878213996,7.335523269396585,-2.1171181928761102,-9.45086590491647,8.06491567409245,0.06875527046545049,9.769315575677567,-0.10057466322693198,10.0293864995401,1.5038734900441306,7.585863828542836,2.095262524887366,8.201424526815439,-4.001994207124819,-0.24165881301952166,4.58730582198019,8.979613849565302,-8.474261531057087,-1.0475111277589837,7.67554616965425,1.4124363209423387,8.674986305494944,-5.983250124881613,7.915670094250616,12.826441668294688,1.3353979337649813,6.499107746845084,2.6949735798214505,7.466442666674687,1.50229780404163,-1.1410173136262696,3.002631694184541,-3.827034737808719,-4.51606372027576,9.09636926689806,-5.281326318329535,12.019723362280997,3.3332684700578623,-2.6031170868145748,-7.6615930539155555,0.1685977193344915
4.174091683759082,10.637976284040604,2.1305887453509564,-0.07522282506032152,2.2067731116779483,-10.781571316321788,-2.5189529289127,14.780841068685438,0.6790952555362522,-0.27206506308442446,-0.3526777586140658,-2.258388578197425,-11.236017338647212,3.2392337350334377,-11.076589280235964,4.487206171088834,1.6632197170176664,4.605265433144888,-2.450795790730658,-4.886368270757232,5.924155328397393,-5.4314263651448424,-0.6704541304569489,-3.6100274505573413,-1.808962638957134,2.6654705299775627,-5.520068401644467,2.10305772520159,-6.208008137396886,-4.407987467849838,4.464227023427024,0.25870374712804434,1.7276438578657223,-0.4265830334752697,-4.527451961855329,8.945592593598574,11.766199321911047,-2.189282046565784,-7.890945562762799,2.409657894086608,-5.615144928392542,9.082029659333147,-3.9165458348129354,8.968980106217167,6.055372969137334,-3.136077487985699,11.729979245596574,0.8719022291404663,-7.721418315978612,3.2572657895874677
-6.51727631700954,-5.313186994664912,9.702843762751781,2.206773111677947,-0.001912336929896341,9.799773643092182,-0.44403584762471315,-2.5149047235295434,-1.4502902115056755,9.919374461870543,-4.133594658371967,6.655365472905396,5.397568306300357,-4.302457359267473,13.36208458482152,-0.7303922930007651,1.1901998183093687,-2.2242378692251927,-1.8786025281083556,3.3281408284995746,5.0248728248016015,-6.431489279432901,-13.672398620009249,6.820102634296189,-0.4176690961279419,-2.9926835114152563,8.77931929349842,-2.714550428340682,-10.14159498469567,-3.3446242695631114,-0.28343268273605726,-6.070662894303242,-10.609697161319628,-10.881354396602674,-13.703786419164322,-4.231071794812244,-1.8353905250048639,-1.8497940519509073,6.899039328268477,-7.715107008257177,-1.609609400226554,-15.019449688917302,5.146322986775418,-6.5741469417029075,-1.321233488189472,4.003526381110603,1.4558001938155898,6.735735244753917,0.9091912604371202,-10.244781891128877
8.999606510126988,-0.5775051764377908,-14.874940407556533,-10.781571316321786,9.799773643092182,13.969459393430832,6.554243458880237,4.685748622094042,0.6682200926242648,-7.951459908609424,0.4987572385252368,-10.107470243825105,-3.098800780499577,7.660507185748155,-9.808309011524589,-0.6491177451933482,1.8157989148857627,3.4530365915057577,-0.6851857699288432,1.9045821225110082,5.1449463938863325,-2.6288855537462923,4.993097865524056,-7.550905336569654,-2.789586807477926,5.5093900603206585,-5.106852389139579,-0.7465951612055312,-0.2948192187467594,-6.870930597448263,11.763494561461085,-6.012651914777615,6.23000964355611,1.4362001594845157,1.4551725397093924,6.141168885912566,14.59867328322946,9.945250027166725,-7.402482292896414,6.835617582603562,5.880659259318643,17.44279820507129,-2.019807086692164,8.5987185969635,10.827588693345378,2.552037951067338,3.9829161475005206,-0.7652608023807816,-1.8913090134846675,1.530078271962293
14.77140582949564,1.756826564533155,-4.143504556723409,-2.5189529289127,-0.44403584762471215,6.554243458880238,-5.253780913595955,11.09090389262308,-4.789407513135353,-5.040375097555234,3.992069952309498,-4.307368713784536,9.01821885044853,5.308779899181269,-8.253371345802208,3.7236410223004444,0.8886597326222672,6.020268543051627,0.3916302745444935,1.5377034840148536,-3.7371958895747532,1.8702500436806808,3.2665148660691674,-8.180399625736458,0.08294116273725471,-0.6082394780549949,-4.1327157776066175,-2.2727704931432466,10.617385093272736,-3.243761642904806,0.5422719942553086,10.055204470589914,-3.61511259523754,7.276869278839445,-0.8432366996022083,4.901615280925903,1.2741811303456232,8.636892723083092,-8.92405112919949,-2.2393163478370366,10.984886665881282,6.878321214665761,7.524426699454103,10.563419402092471,2.4057402649743826,-3.197055941966,7.768810948972467,-3.1346521106457517,-7.242464518925068,9.98847655536178
-1.8088410820029448,-0.10974683239295024,2.812630070839478,14.780841068685438,-2.5149047235295443,4.685748622094043,11.09090389262308,11.162789006775702,-1.8115941434857872,14.606366683599912,3.7698398713591272,3.893474725990645,3.0581041654965357,1.0175515239963258,-1.452905975054463,-10.19788353866554,4.2793193702783245,-8.07424196337222,-5.590795781989032,5.008636730469521,1.705252074855343,9.236234245291937,-8.350280634235235,-1.8971737853843913,-3.9241693855395496,-1.7478342711360062,2.1134519948928627,-3.3048123936885956,0.8616748752854864,2.1573965649002433,-1.1845187697391888,-5.73332936954413,1.704368013877021,6.437647547514503,-0.5044403295403854,3.5103434713831287,-14.611809588584492,-7.057708891316433,9.786605332586168,0.4519034098517072,8.15315421873834,-2.7646667330288857,3.6525131091955467,-8.535393911670235,-5.258566790792633,-0.7632451439684926,-5.0579776685732,0.7161206199173351,1.2014572027116266,-2.7433033903420383
-0.8528728689240797,5.0790166341084095,8.585134142859465,0.6790952555362522,-1.4502902115056746,0.6682200926242663,-4.7894075131353535,-1.8115941434857872,6.249941136340997,-0.6519660300974623,0.23441349943262613,-2.732913958491628,1.2070458350388709,-0.22418642431945351,-0.2912283848526025,3.208558615020559,-0.23658900198924315,3.2732062532179453,-0.012745485273156998,-0.814337019195605,-0.7472651775448049,-0.772467604357383,-4.50360430001238,-8.524882985715706,0.2922687687840726,-1.1334026548818903,-6.074917243075527,-0.6448278314632214,1.5979119042368413,-0.12354927587550879,7.413939255546246,-0.9502732361993126,-3.1331461554278714,-0.9321696287678116,-0.8127722735265929,-2.631838334653674,2.9462547102602743,2.136845724983055,8.516086646372932,0.0036224778585360884,7.989942331857893,2.9065869021660675,0.05687446258501949,2.933397566311321,2.1221747202596193,0.4334039732574452,3.1638029736569795,0.06879365424322925,-0.02588429305842843,0.9151938766279952
4.931563113278423,0.8506210549367921,-1.0008402878214,-0.2720650630844249,9.919374461870545,-7.951459908609423,-5.040375097555233,14.606366683599912,-0.6519660300974612,-2.9321386743384776,-3.743055051209512,-8.452284042180041,-8.645676349270268,10.024529317241399,-5.30364747714282,1.524178700713727,5.321935823985915,-9.856933296221893,1.529477377014316,0.44592041132632176,4.414136803459326,0.26657577477841526,3.2898082257552144,-10.530023976701703,-1.949546128471276,2.8269231130308543,-6.627036262610895,0.9636608847947505,5.360422681168316,7.422694524263286,17.5272404157066,-5.185269744796111,6.978554186696818,6.93314342792209,6.1899020828958795,6.772708419802127,10.904865360574505,4.124239019609907,2.3565535982775243,8.220287082732632,9.696687198733395,6.9637364566095075,-6.154896581411278,0.7187501583925262,-2.226625916019719,7.469107654866785,8.611611512555205,-0.39725586844428884,0.555395280383598,5.8852167960502015
4.519204141569341,2.872935749407592,7.335523269396585,-0.35267775861406503,-4.133594658371967,0.49875723852523546,3.992069952309498,3.7698398713591263,0.23441349943262413,-3.743055051209512,5.180068385522467,6.415479749028738,-3.0578679716684887,0.22395418672508705,5.67557908546525,7.290007142029842,0.3470376233792325,-3.276703272038572,0.41867046612311776,0.3116222407099902,0.25342657853857087,0.2921836196487846,6.6555851126418615,1.748422475339067,-0.16096123958889685,3.0284483791972496,-1.4276271061394827,0.3256123916481022,8.221345008816948,0.4780906974988533,1.7737747158724657,0.2637689786603543,3.9104007227190043,0.7483720351948209,1.5903746044936318,8.03627871006797,-2.0944001755521677,1.8132900161081802,-5.287201982313693,-0.4226534920727232,-1.9703705423985305,-6.8372764536725,0.565020837856693,-2.7372003021329596,-2.777504827173818,7.879608825096994,-0.8557033842915992,0.5732287724134166,-0.8373113805375147,7.501022127712171
-1.3367414122575862,-7.7059222699043906,-2.11711819287611,-2.258388578197425,6.655365472905398,-10.107470243825107,-4.307368713784536,3.8934747259906435,-2.7329139584916273,-8.452284042180041,6.415479749028739,8.251101086645232,-3.9250926747829373,-2.057635232924436,-1.7626478833815056,7.8295640544240515,3.1774629080849897,2.1751182575566004,6.310983054292867,-4.206631312176265,-1.6076770361020665,-7.642206567275236,1.9870201155052143,-13.895647308618353,2.1424934593609803,7.758286697841714,-4.446369782375829,-5.939190936976941,0.4194938722673618,-0.44371220930092614,-5.39862659355442,-3.88964785868965,4.087833189884996,1.3256310433401253,-3.310666092471025,4.687840385428625,16.085750240669345,3.408239151080514,-6.600938096431431,-0.6219799763189238,-2.552563017627994,4.512428828714031,-1.9651638630472021,-1.8602639250867687,1.3827862542950007,4.131466365047029,5.968612646258843,-3.033548348528949,-2.7500541453337815,1.6086689668315972
10.695521643346735,6.572549597680309,-9.45086590491647,-11.23601733864721,5.397568306300357,-3.0988007804995776,9.01821885044853,3.0581041654965375,1.2070458350388704,-8.64567634927027,-3.0578679716684882,-3.9250926747829378,4.662664052068841,1.6618691464257074,-10.536736063401776,-2.5394633478896034,-2.2333252709357536,-7.14373004242399,-1.8947340584559036,1.12423295944545,-6.996123343852041,2.2483294753374814,1.6587379928841055,-0.8664867216360492,7.880031140286509,4.290459085418212,-1.6297634089247142,-2.668780218276823,13.656688697690445,-3.1559474697340155,8.096625652323912,4.144557408099929,1.1194181786010566,-1.3257047616589448,2.239466195448964,3.923565076476912,12.095326148382698,2.156175650755991,-11.199929887360566,-7.249407258991642,0.4701185840769049,3.9108222946954205,-4.15091845074781,10.630198314235411,3.362974186660395,11.872086962132947,9.977478038685128,5.025382027970401,8.932155116800269,3.1041142744471917
-0.5864600967789737,-2.18998031862308,8.06491567409245,3.239233735033439,-4.302457359267473,7.660507185748154,5.308779899181269,1.0175515239963255,-0.22418642431945335,10.024529317241399,0.22395418672508743,-2.0576352329244356,1.661869146425707,4.626795224660421,0.5359296809783773,-6.0397868015899,-0.16890724780694677,5.526329609188837,0.28533061325565146,-0.5906332240445067,0.6196922905709038,-0.12267569168408832,8.292020078571898,-5.975898362565054,-0.9277185687402603,-2.1966307962708167,-0.22322140202829577,-0.7416592874934467,-2.8111117039525393,0.8905633070815699,1.1718267199245616,0.19158110796882308,-1.6633609321701308,-1.1042910662977774,-0.7895980966655609,-6.905246594619348,-1.869246356142475,3.254914270807931,-3.853195215180568,0.4813659274741331,6.330922714551096,3.776038466349112,-0.5218282023432366,-6.432249531530653,-3.510003586722509,8.50659783949482,-3.3616916809785145,-0.2813543966280606,-0.2647520355616414,-4.73996697858484
6.788172545069839,6.217275891223195,0.06875527046545113,-11.076589280235966,13.36208458482152,-9.808309011524589,-8.253371345802208,-1.452905975054464,-0.2912283848526033,-5.303647477142819,5.67557908546525,-1.762647883381506,-10.536736063401774,0.5359296809783775,3.643462367482922,10.77988173276864,-5.913690931368588,-2.82475896572957,5.2583791110265095,2.848434292664332,5.736877866959059,3.006543234231471,-3.222767922681861,-14.092902957236614,-9.082468596578169,1.1112747663194995,-9.881200440995272,2.0080188778089223,-1.152893088921624,-0.3478974340378872,11.174744749015339,4.714520177101452,4.155820949503945,6.365374362351015,6.767081967459493,-1.9001872865187686,7.95808186279875,14.165680167761042,-5.3846802756376,-0.014905690685717232,-2.4525163485876122,0.11932815276477948,4.838922947463711,7.366221565848358,7.315626787728278,6.527402524797277,2.6968964011254446,-3.0974640493846683,4.607687531687845,3.561784759795591
0.35698941291948516,-3.1054430602114325,9.769315575677567,4.487206171088834,-0.7303922930007649,-0.6491177451933501,3.7236410223004452,-10.19788353866554,3.2085586150205594,1.5241787007137266,7.290007142029843,7.829564054424052,-2.539463347889603,-6.0397868015899,10.779881732768642,-9.87618562293535,-6.58631188623908,-6.7394450781344775,-1.734235695424863,8.865962054736443,-7.450245405063239,-10.324857227610606,0.1191384086209234,1.5824834633313944,-7.644193956371197,-9.93484876744783,-0.11435983221675283,8.717617272684903,-4.959551377368151,-0.9843381992751354,4.182978113742447,-2.51421171531112,2.488897370674466,-6.133116456266952,-0.6547074824583292,-4.878997848427139,-7.751628503548394,0.6343564331154009,1.3903453700392547,-7.0114219891337335,-12.08352148296037,-9.100563985899875,-0.6446332660188454,-6.107107147921446,-5.003854754638746,5.006795826550541,-8.893815621496952,0.4456030184441333,-4.9357149201622255,-7.310868836588803
-3.02018512658108,2.2326492033756553,-0.10057466322693254,1.6632197170176668,1.1901998183093685,1.8157989148857627,0.8886597326222678,4.279319370278325,-0.23658900198924354,5.321935823985915,0.3470376233792335,3.177462908084992,-2.233325270935754,-0.16890724780694677,-5.913690931368589,-6.58631188623908,4.469145279890659,-4.225977697397299,0.540189597194102,-0.014332569464807265,-0.639241755739071,0.6568747203578321,-0.2814042576755468,-9.048408212708106,-0.5229034283114287,-2.1703999915082592,5.5840014820034485,0.0011231901751495021,-4.97512684432573,-0.5680329142091427,2.43612464091579,-0.4128692835395147,2.390535699668804,-3.8438268915544063,9.463318324036733,-1.139595405234479,-4.820761175981467,-2.3894376965656354,-0.03513951042746655,0.5802774568152269,0.22471440803781956,-4.735095722045057,-0.29582416143327817,0.16828587401789508,-4.26718659323124,-4.170029733148315,-2.4624002588433043,-0.19347159560939753,0.062105351697695044,1.37915408272181
-4.5479443611173185,-0.8919003294130037,10.0293864995401,4.605265433144887,-2.2242378692251927,3.4530365915057564,6.0202685430516265,-8.074241963372222,3.273206253217946,-9.856933296221893,-3.276703272038572,2.175118257556599,-7.143730042423991,5.526329609188838,-2.8247589657295697,-6.7394450781344775,-4.2259776973973,10.238391554335847,3.23085775568199,-1.116809609217284,0.6379174275740431,-2.019406012960621,-5.599096144869717,2.1489021598634093,-0.029440419903578374,5.70728899074545,2.5761583466920204,-0.7572434167903743,-7.836026341554902,-2.358889947149967,-1.9211475762125243,-5.026784227990989,2.461159363558836,-8.231265652423838,-11.55284061701329,0.9961714468473623,1.8205314624342122,1.705846499616339,4.3746291970618945,4.806596828483658,2.8667041740015047,4.898357134423105,-3.106725706304987,-10.729403956417618,-0.5979497191173473,-2.205033389310109,-11.441227686612667,5.152530215199176,-5.336664392644048,-3.465151659619754
0.3427741909135904,4.486416169741169,1.5038734900441297,-2.450795790730658,-1.8786025281083554,-0.6851857699288428,0.39163027454449323,-5.5907957819890335,-0.012745485273157997,1.5294773770143157,0.418670466123118,6.310983054292867,-1.894734058455903,0.2853306132556508,5.258379111026509,-1.7342356954248634,0.5401895971941013,3.23085775568199,6.492389011374863,-0.08307843567250023,-0.4930386384602172,-0.2412102783876749,-4.87768687576081,-7.543398851343563,0.9118613866964953,1.5208002745619102,1.2609709589303484,-0.534183104537129,-0.717815349877494,-0.12872063589866467,5.339122300582455,0.32389691265816145,-2.2067880316190283,-5.288170652281638,-1.231495083053785,-7.60634397897993,7.181349392510743,3.04145642638394,7.980385826357694,-0.3563471299219756,-5.178092547638751,-4.456703470450992,0.18625447295999742,5.537131369125853,0.2971103090610484,-6.0237914945384174,3.5606822485365655,0.312734489698284,-0.5229899829671738,-5.315594277382751
-0.9310704657576355,-5.278588237480725,7.585863828542836,-4.886368270757232,3.328140828499575,1.9045821225110082,1.5377034840148536,5.008636730469522,-0.8143370191956054,0.4459204113263218,0.31162224070998956,-4.206631312176267,1.12423295944545,-0.5906332240445072,2.848434292664333,8.865962054736444,-0.01433256946480821,-1.1168096092172843,-0.08307843567250037,5.765988518897283,-0.1080558881462263,-0.6089194991486051,5.738985924918955,1.63495217410836,-0.09361745292157547,-0.8633764382022266,-1.9465363208709094,0.6658811080216935,1.474400487879262,-0.03156202151927445,1.7045461576618728,0.949703593334932,1.018499984455895,2.2002938142657933,3.394161435154237,7.317891308408985,8.986330583857143,-6.913044899705637,-0.06681283143397254,-0.2290784968891988,-8.330276393435796,-8.061510796871806,0.23043199128020886,5.853069039739917,-2.9443769699021924,-3.1065085226873546,-1.6476811643082179,-0.2952642545968255,-0.626143696840147,-3.8983180952949654
2.536972470850852,-4.976276014536367,2.095262524887366,5.924155328397393,5.0248728248016015,5.1449463938863325,-3.7371958895747537,1.7052520748553421,-0.7472651775448054,4.414136803459327,0.253426578538571,-1.6076770361020667,-6.99612334385204,0.6196922905709037,5.736877866959059,-7.450245405063239,-0.6392417557390728,0.6379174275740438,-0.4930386384602168,-0.10805588814622644,5.23341328634236,-0.47679463718395654,4.605470285153898,-3.900658762069381,-0.4271675694817423,-6.301214368481849,-1.8124566798966941,0.4585342736819882,-1.5479731746481793,-0.41134110797363554,-2.139108561377429,0.6944207486316629,-1.2398518269572953,2.1534368409896487,5.822889319815333,-9.124675307940056,6.7362543872216225,3.901160625622133,-5.677367116816704,-0.8882073538511822,-4.140765360971229,3.6734849227408386,-0.6227294401891936,-1.865825649107543,5.131762295553027,-1.8372591266957357,4.912258756660766,-0.1727627414023416,-0.38598784248548135,2.5721462202937566
-7.474820638583083,-8.202530009592548,8.201424526815439,-5.431426365144844,-6.4314892794329,-2.628885553746292,1.8702500436806806,9.236234245291937,-0.7724676043573826,0.26657577477841476,0.2921836196487829,-7.642206567275236,2.2483294753374823,-0.12267569168408832,3.00654323423147,-10.324857227610606,0.6568747203578327,-2.019406012960622,-0.24121027838767448,-0.6089194991486034,-0.47679463718395687,5.113574239249349,-0.21978231014074684,5.264355642763722,0.6837928070779712,4.513879473697857,4.869012784833431,0.11328364613258657,8.558099422200534,-0.21729557437670166,-5.673277038305062,-0.4298826723734914,9.032318548012995,3.314974641541045,2.128577287179728,-0.11368909762876617,-5.425205045886163,-0.18306318403904243,4.501893795458069,0.3692069334843977,3.813939797570425,-3.007526900714568,-0.28902186081108927,-7.217775363426383,6.638048403962665,1.5814505476652778,-1.2952744072063034,-0.14033342338126542,0.1872065216182257,0.24448956993210513
-10.010371785503745,2.7906285217399005,-4.001994207124819,-0.6704541304569498,-13.672398620009249,4.9930978655240565,3.266514866069167,-8.350280634235233,-4.50360430001238,3.289808225755215,6.655585112641861,1.9870201155052143,1.658737992884105,8.292020078571898,-3.222767922681861,0.11913840862092384,-0.281404257675547,-5.599096144869717,-4.877686875760811,5.738985924918955,4.605470285153899,-0.21978231014074678,-1.519882012490669,16.89806733978447,-0.40036748748601925,-7.3992133708456045,12.032329379271673,2.740633924804823,-3.3102086600149034,0.648825766339343,-12.509913960053233,3.2974161437850533,-8.34346365137137,-4.111397268697835,-10.3375451963703,-6.431053777234144,-4.697428346439361,-9.070066515666978,-3.556983447098235,-5.412463121248759,-2.566815360200943,-10.95898738748951,3.510599354853093,-9.13452378442532,-11.840190723864335,-12.626763812783185,-10.709245168209227,-2.650833112203224,-2.077236427331231,-4.532570583311201
6.019008287802585,3.563067553588733,-0.2416588130195213,-3.6100274505573418,6.820102634296191,-7.550905336569655,-8.180399625736458,-1.8971737853843917,-8.524882985715706,-10.530023976701703,1.7484224753390671,-13.895647308618353,-0.8664867216360499,-5.975898362565053,-14.092902957236614,1.5824834633313944,-9.048408212708106,2.1489021598634084,-7.543398851343562,1.63495217410836,-3.9006587620693813,5.264355642763723,16.89806733978447,-9.535636565399457,1.1861305560372908,3.9209219586617388,-16.599826506116226,-7.03081086142931,5.2634421020396,-6.095265639803596,-3.075204068517458,8.459332511194296,4.45249787389366,-4.767336608459711,-0.32846472383168646,-4.957516367141801,4.568063569142227,2.246254189477507,-1.203371747331551,-6.621014336331169,11.452570147050949,4.296427428890981,4.004707778314264,-6.4298201614329455,0.10807454532402128,10.01593320306272,-8.066572740534848,3.586923988101544,-1.3720262317519039,14.583886086081419
0.14251002843039645,-6.752203165007816,4.58730582198019,-1.808962638957134,-0.4176690961279419,-2.789586807477927,0.08294116273725505,-3.924169385539552,0.2922687687840714,-1.9495461284712765,-0.1609612395888973,2.1424934593609795,7.880031140286509,-0.9277185687402615,-9.082468596578169,-7.644193956371196,-0.5229034283114283,-0.029440419903577597,0.9118613866964947,-0.09361745292157485,-0.4271675694817415,0.6837928070779714,-0.40036748748601964,1.1861305560372921,5.06068802997123,9.93297043106366,-5.308984408257679,0.25694199931520334,-4.846970135585723,-0.06326340052899992,5.2968670337272465,-0.8051016334933943,5.813651278847673,-4.023779233013535,-9.17601710413556,-1.0518783579464066,-2.528293545410831,4.230768472759904,-4.003950755298581,0.22377354070418276,-1.2794226500171346,-4.700489278189776,0.466871332806382,-7.746643046585917,-3.886555722405341,-7.177954563631035,9.38517720402066,0.5734884858488353,-0.19331227535381512,-7.965690847983726
-15.99381199740764,-10.59047643495776,8.979613849565302,2.6654705299775623,-2.9926835114152572,5.5093900603206585,-0.6082394780549951,-1.747834271136006,-1.1334026548818903,2.8269231130308543,3.0284483791972505,7.758286697841713,4.290459085418212,-2.1966307962708163,1.111274766319499,-9.93484876744783,-2.17039999150826,5.70728899074545,1.5208002745619107,-0.8633764382022266,-6.3012143684818485,4.513879473697856,-7.3992133708456045,3.9209219586617396,9.93297043106366,6.971191936269927,16.93686912724744,-6.522431623232268,-10.201314499952325,-5.409902521281342,-15.786831957131001,-4.605207382829858,-0.1316228049974253,-4.2717286806867945,-5.297837637163738,1.3685274587955902,-5.680665091774598,-1.0972578088727574,-3.327315855451139,7.0283259054858185,4.007318765020901,-8.625065255111213,2.028504776007859,-4.0319852178700115,-5.255922633013659,-1.5727352623641095,-8.44818268195575,-3.0034161751618322,1.0207948234110105,-10.849733405726749
-2.2996362254911027,6.7559680530032695,-8.474261531057088,-5.520068401644469,8.77931929349842,-5.106852389139579,-4.132715777606616,2.113451994892862,-6.074917243075527,-6.627036262610895,-1.427627106139482,-4.446369782375829,-1.6297634089247142,-0.2232214020282961,-9.881200440995272,-0.11435983221675411,5.584001482003449,2.5761583466920213,1.2609709589303475,-1.9465363208709086,-1.8124566798966941,4.86901278483343,12.032329379271674,-16.599826506116223,-5.308984408257679,16.93686912724744,9.105559885104562,-9.089921440081952,12.499145846136653,-0.7958109695090186,8.6223806497395,2.1770738647777854,3.6147626307966068,3.291361968695091,14.377993029024308,3.141246015218186,4.322178893673773,-0.08246024336601576,5.258767733902178,4.68291049712612,2.43165838303209,9.308014868765156,4.639375025183,2.250047871953903,9.601417730925233,10.337921051501938,13.30158198393482,-6.670119595179923,-1.780903067756814,1.9876148841791994
0.8348427957772321,1.1581378401436415,-1.0475111277589844,2.103057725201589,-2.714550428340681,-0.7465951612055322,-2.2727704931432466,-3.3048123936885956,-0.6448278314632205,0.9636608847947506,0.32561239164810285,-5.939190936976941,-2.668780218276823,-0.7416592874934471,2.008018877808922,8.717617272684903,0.00112319017514928,-0.7572434167903743,-0.5341831045371273,0.6658811080216929,0.4585342736819874,0.11328364613258618,2.740633924804822,-7.030810861429308,0.25694199931520245,-6.522431623232266,-9.089921440081952,5.137972908886487,-4.006994207059496,-0.7196274309313981,7.009866458066665,-0.05221848456808598,2.395716188111609,3.3472484426180715,-5.473543900867977,-0.09279688577591183,-1.0607173387272373,9.348644934047021,-9.289105900739779,-0.44612923212690264,0.8778663669722662,1.8995341387507203,0.03817132440083459,-0.07441162096305809,-8.899467372849074,-2.6632700284766595,-3.5209301749279245,0.16771972799753618,0.46913473224587476,-5.881687171123962
-2.2439503324186627,-3.6744035264464086,7.67554616965425,-6.208008137396887,-10.14159498469567,-0.29481921874676,10.617385093272736,0.8616748752854867,1.5979119042368393,5.360422681168317,8.221345008816948,0.41949387226736023,13.656688697690445,-2.8111117039525397,-1.152893088921624,-4.95955137736815,-4.975126844325731,-7.836026341554902,-0.7178153498774942,1.4744004878792611,-1.5479731746481786,8.558099422200534,-3.310208660014904,5.2634421020396,-4.846970135585723,-10.201314499952325,12.499145846136653,-4.006994207059496,5.67367138374972,-5.5974211883841605,-4.105223260244029,-4.94225782674754,7.7532057054147865,-2.7202894378055813,-5.351789541648881,-9.373015759547343,-3.6010155906062398,-13.22425083326061,4.5461557438180895,-8.068798764810266,-7.67847844668821,3.3125738774228615,-8.299034480081719,-5.833296230609652,-13.201993711477243,-3.909683975498795,-11.517083640992254,-5.9102835589839176,-1.4348850222902851,2.72714693891528
0.2725444197120741,-6.080491501546783,1.4124363209423394,-4.407987467849838,-3.3446242695631128,-6.870930597448263,-3.2437616429048073,2.1573965649002433,-0.12354927587550701,7.422694524263286,0.4780906974988526,-0.4437122093009265,-3.155947469734016,0.8905633070815693,-0.34789743403788687,-0.9843381992751348,-0.5680329142091434,-2.3588899471499682,-0.12872063589866448,-0.03156202151927506,-0.41134110797363477,-0.21729557437670205,0.6488257663393434,-6.095265639803596,-0.06326340052899951,-5.409902521281343,-0.7958109695090181,-0.7196274309313974,-5.5974211883841605,5.441446716918357,-4.409291950225914,0.37938110391587565,6.979589430690113,-4.307737285520447,-0.7067142000328274,-2.746928482256961,2.6427921324837365,3.7469974184092187,4.861100883101551,-0.32732150015310846,2.9892514298440034,1.0738827243067748,0.018930359229437428,-2.8166913907225863,6.073238372410045,2.33831189831925,-0.19982548886791285,0.6043579096250061,-0.052255204249884946,-2.916390912418386
-4.253207066570059,-8.294750899979274,8.674986305494944,4.464227023427027,-0.2834326827360575,11.763494561461087,0.5422719942553086,-1.1845187697391883,7.413939255546247,17.527240415706604,1.7737747158724682,-5.398626593554421,8.09662565232391,1.1718267199245624,11.174744749015339,4.182978113742448,2.4361246409157924,-1.921147576212523,5.339122300582455,1.704546157661873,-2.1391085613774288,-5.673277038305061,-12.509913960053234,-3.0752040685174586,5.296867033727246,-15.786831957131001,8.622380649739497,7.009866458066668,-4.1052232602440295,-4.4092919502259145,10.065730076581417,6.672039223194547,-13.560474659304512,3.5590917119079966,-0.6398692816298964,-4.830511174921835,-13.79573788323803,-7.960906881902577,-2.5384500613945913,-1.6667368980427573,-1.5212842836517835,-2.3230280195185595,9.294368765124712,-17.54114881840019,-4.624196724767959,2.812893697336487,-7.328027185333001,-1.2394852774705643,-0.5250068556106735,-1.6778576334789397
5.951075366216346,-10.277251823451957,-5.983250124881613,0.2587037471280448,-6.070662894303242,-6.012651914777616,10.055204470589914,-5.73332936954413,-0.9502732361993126,-5.18526974479611,0.2637689786603552,-3.8896478586896497,4.144557408099929,0.19158110796882324,4.714520177101452,-2.514211715311119,-0.4128692835395138,-5.026784227990989,0.3238969126581617,0.9497035933349315,0.6944207486316631,-0.4298826723734921,3.2974161437850533,8.459332511194296,-0.805101633493394,-4.605207382829858,2.177073864777785,-0.05221848456808531,-4.94225782674754,0.37938110391587465,6.672039223194546,4.958567655296432,2.3272822217535305,1.4054110690544581,-4.931482810358673,0.9768241971502534,6.987575441229013,0.22537345742531442,5.692554798580052,-0.08695560586380324,-3.84345041358646,2.406243861900797,-0.295085143972872,0.3864296228648119,-7.756623609584272,-2.553148512856848,-6.1346217809429895,0.21560815616071816,-0.11617102468956833,-1.2760526144670092
-2.491824414390521,-10.568706320656263,7.915670094250617,1.727643857865723,-10.609697161319628,6.2300096435561105,-3.61511259523754,1.7043680138770214,-3.1331461554278723,6.978554186696817,3.9104007227190056,4.087833189884995,1.1194181786010555,-1.6633609321701308,4.155820949503946,2.488897370674466,2.390535699668804,2.4611593635588362,-2.20678803161903,1.0184999844558948,-1.2398518269572951,9.032318548012995,-8.34346365137137,4.45249787389366,5.813651278847673,-0.13162280499742562,3.614762630796606,2.39571618811161,7.7532057054147865,6.979589430690112,-13.560474659304512,2.32728222175353,3.8387013270834327,5.259941436595828,4.00136541459862,2.4152838268201444,1.9408939232787028,-2.9189720131961816,0.3550002763631176,5.687708318976652,-5.117703223992723,-17.686872924125094,5.211736542413741,-10.02724099970897,0.2045325379104712,6.0171707383779,-10.802933076365733,-0.8962383761175875,3.289216423842065,-2.2134993581273967
-11.550616371021674,-7.061425766928829,12.826441668294688,-0.42658303347526993,-10.881354396602676,1.4362001594845164,7.2768692788394445,6.437647547514503,-0.9321696287678133,6.93314342792209,0.7483720351948189,1.3256310433401257,-1.3257047616589448,-1.104291066297777,6.365374362351015,-6.1331164562669525,-3.8438268915544054,-8.231265652423838,-5.288170652281638,2.200293814265793,2.1534368409896487,3.314974641541045,-4.111397268697836,-4.767336608459711,-4.023779233013535,-4.2717286806867945,3.291361968695091,3.3472484426180715,-2.7202894378055817,-4.307737285520446,3.559091711907996,1.405411069054458,5.2599414365958275,-1.742971271813838,0.7456865270948831,7.651356043800247,0.1951812702650862,-5.345319673963328,11.43840790463638,2.561966999881059,-7.040763461673138,-18.47696986288865,-1.952692522949575,-4.0958722921490445,-8.058378036341844,-3.102431213643253,-2.302887899409548,-1.6761017947918737,-1.1335476723641023,-4.979160446088015
0.14317544024039885,-10.10900603501308,1.335397933764981,-4.527451961855331,-13.703786419164322,1.4551725397093929,-0.8432366996022083,-0.5044403295403855,-0.8127722735265921,6.189902082895879,1.5903746044936335,-3.3106660924710236,2.239466195448963,-0.7895980966655598,6.767081967459492,-0.6547074824583288,9.463318324036734,-11.55284061701329,-1.2314950830537834,3.394161435154237,5.822889319815333,2.1285772871797275,-10.337545196370302,-0.32846472383168607,-9.17601710413556,-5.297837637163738,14.377993029024308,-5.473543900867978,-5.351789541648881,-0.7067142000328273,-0.6398692816298959,-4.931482810358673,4.00136541459862,0.745686527094882,-1.8441515946880775,-1.6785027167291782,-12.184920909520459,1.831549855093596,13.607838839116422,6.490046925987099,2.9065466143918743,-11.213878396188719,-2.7084754375498163,-9.433395657740101,5.44455515640462,-14.78642218919906,-4.072179396409,-1.2089322951534365,2.6084268964313826,-14.341703387014974
1.358046180243899,-2.786394243967277,6.499107746845082,8.945592593598574,-4.2310717948122445,6.141168885912567,4.901615280925903,3.5103434713831287,-2.6318383346536747,6.772708419802128,8.03627871006797,4.687840385428625,3.92356507647691,-6.905246594619348,-1.9001872865187683,-4.878997848427138,-1.139595405234478,0.9961714468473615,-7.606343978979929,7.317891308408986,-9.124675307940056,-0.11368909762876636,-6.431053777234145,-4.9575163671418006,-1.0518783579464068,1.3685274587955902,3.141246015218187,-0.09279688577591083,-9.373015759547345,-2.7469284822569624,-4.830511174921833,0.9768241971502546,2.4152838268201444,7.651356043800247,-1.6785027167291795,7.293972532140892,-12.206153007619987,-10.380044308021349,4.356721735899722,-5.85246057418117,-5.949749024303516,-4.331035612708998,0.15727458628480562,-9.80757853813739,-4.151510778701481,3.6798110768805814,-0.9405671608069271,5.214552379541341,-1.1359957446455704,-9.12310086561196
-2.1298023361013794,-1.4063665214093974,2.6949735798214505,11.766199321911047,-1.8353905250048643,14.59867328322946,1.274181130345624,-14.611809588584492,2.946254710260275,10.904865360574506,-2.0944001755521677,16.085750240669345,12.095326148382698,-1.8692463561424748,7.95808186279875,-7.751628503548394,-4.820761175981467,1.8205314624342133,7.181349392510742,8.986330583857141,6.736254387221623,-5.425205045886165,-4.697428346439361,4.568063569142226,-2.528293545410831,-5.680665091774597,4.322178893673774,-1.0607173387272368,-3.60101559060624,2.6427921324837365,-13.795737883238031,6.987575441229013,1.9408939232787021,0.1951812702650868,-12.184920909520459,-12.206153007619987,13.499955076853066,0.2789350519774429,-0.9318053540752784,-6.808092262916868,-4.191475531213326,-7.493804218513581,1.0460313063668898,0.6351803956207949,-1.3219485904727333,-1.5536237876167378,-8.642804943473314,0.34846191101056123,8.08386390018441,-13.72578142356649
-0.8224160454365771,-4.944192637504344,7.466442666674688,-2.189282046565782,-1.8497940519509082,9.945250027166725,8.636892723083092,-7.057708891316433,2.136845724983055,4.124239019609908,1.8132900161081797,3.4082391510805135,2.1561756507559915,3.2549142708079315,14.165680167761042,0.6343564331154019,-2.389437696565634,1.7058464996163383,3.041456426383939,-6.913044899705637,3.9011606256221336,-0.1830631840390422,-9.070066515666978,2.2462541894775074,4.230768472759904,-1.0972578088727576,-0.08246024336601586,9.348644934047023,-13.22425083326061,3.746997418409218,-7.960906881902577,0.22537345742531484,-2.9189720131961825,-5.345319673963326,1.831549855093595,-10.380044308021349,0.27893505197744295,3.5762458995294324,-0.794519596099877,5.2697114801682154,-4.663354538365068,-17.794123538116715,2.3436358521118623,-7.256650461987467,-8.569353689195534,1.5159299311177072,-2.06498996160523,1.5190688697072114,5.248531343971125,-7.445017343244667
-3.9565773815286334,7.2070299432441844,1.5022978040416302,-7.8909455627628,6.899039328268477,-7.402482292896413,-8.92405112919949,9.786605332586166,8.51608664637293,2.3565535982775248,-5.287201982313694,-6.60093809643143,-11.199929887360566,-3.853195215180568,-5.384680275637601,1.390345370039255,-0.03513951042746699,4.374629197061893,7.9803858263576934,-0.06681283143397213,-5.677367116816704,4.501893795458068,-3.5569834470982364,-1.2033717473315517,-4.003950755298581,-3.3273158554511384,5.258767733902179,-9.289105900739779,4.54615574381809,4.861100883101551,-2.5384500613945913,5.692554798580053,0.35500027636311704,11.43840790463638,13.607838839116422,4.356721735899722,-0.9318053540752786,-0.7945195960998769,-6.477526214872472,5.50513509117695,1.210589662818868,8.042709415677434,-5.13040570060577,5.7175368661639485,11.089685853558425,15.333713633728722,7.482037853760078,3.4704773169191627,-2.5634130479715607,0.32348228397471507
-8.192923432948076,-0.8804883000561577,-1.1410173136262696,2.4096578940866085,-7.715107008257177,6.835617582603564,-2.239316347837037,0.4519034098517076,0.0036224778585374207,8.22028708273263,-0.4226534920727232,-0.6219799763189247,-7.249407258991642,0.4813659274741322,-0.014905690685717343,-7.0114219891337335,0.5802774568152267,4.806596828483658,-0.35634712992197615,-0.22907849688919862,-0.8882073538511817,0.3692069334843978,-5.412463121248758,-6.621014336331168,0.22377354070418254,7.0283259054858185,4.6829104971261195,-0.44612923212690225,-8.068798764810266,-0.3273215001531091,-1.6667368980427577,-0.08695560586380324,5.687708318976653,2.5619669998810592,6.490046925987099,-5.852460574181171,-6.808092262916869,5.2697114801682154,5.5051350911769505,5.173823128817894,-4.108735682537728,-4.305220665305432,0.14874171212941856,-4.401521898960448,-5.869277475042835,-0.5677504767316974,-4.891415744110714,0.8116806960263843,-0.05142781763440407,-1.3606722667400817
-12.025672908617928,-7.3840274932748695,3.00263169418454,-5.615144928392541,-1.6096094002265549,5.8806592593186435,10.984886665881282,8.153154218738338,7.989942331857893,9.696687198733395,-1.9703705423985305,-2.5525630176279934,0.47011858407690554,6.330922714551096,-2.452516348587612,-12.083521482960371,0.22471440803781872,2.8667041740015047,-5.178092547638751,-8.330276393435796,-4.140765360971229,3.8139397975704252,-2.5668153602009434,11.452570147050947,-1.2794226500171333,4.0073187650209,2.4316583830320893,0.877866366972267,-7.67847844668821,2.9892514298440034,-1.5212842836517826,-3.84345041358646,-5.117703223992723,-7.040763461673138,2.9065466143918743,-5.949749024303517,-4.191475531213327,-4.663354538365067,1.2105896628188684,-4.108735682537727,2.351392069557953,-15.36328418470448,8.07382717024802,-5.124619736289177,-9.419232064137859,-0.22786944137810072,0.16790440332232337,-4.912469673045202,4.7070691338497115,-12.230173175034569
7.868535564779796,-4.958151418584274,-3.8270347378087184,9.082029659333147,-15.019449688917302,17.442798205071288,6.878321214665762,-2.764666733028886,2.906586902166068,6.9637364566095075,-6.8372764536725015,4.5124288287140315,3.910822294695421,3.7760384663491124,0.11932815276477915,-9.100563985899875,-4.735095722045057,4.8983571344231045,-4.456703470450992,-8.061510796871806,3.673484922740839,-3.0075269007145686,-10.958987387489511,4.296427428890981,-4.700489278189775,-8.625065255111213,9.308014868765156,1.8995341387507203,3.3125738774228624,1.0738827243067743,-2.32302801951856,2.4062438619007973,-17.686872924125097,-18.47696986288865,-11.21387839618872,-4.331035612708998,-7.493804218513581,-17.794123538116715,8.042709415677434,-4.305220665305432,-15.36328418470448,-6.273066842599244,2.3729600429011732,-3.9342000790615343,-1.6187691513057034,1.00188684604417,1.9009763956967602,9.465918767356305,-4.133052855021094,-8.726322614131222
-0.35422908512944296,4.377266431171643,-4.516063720275762,-3.9165458348129354,5.146322986775418,-2.019807086692163,7.524426699454103,3.6525131091955463,0.05687446258501794,-6.154896581411278,0.5650208378566938,-1.965163863047202,-4.15091845074781,-0.521828202343237,4.838922947463711,-0.6446332660188463,-0.2958241614332785,-3.1067257063049865,0.1862544729599978,0.2304319912802086,-0.6227294401891933,-0.28902186081109005,3.5105993548530936,4.004707778314264,0.4668713328063818,2.028504776007859,4.639375025182999,0.038171324400833845,-8.299034480081719,0.018930359229437754,9.294368765124712,-0.2950851439728721,5.211736542413742,-1.9526925229495755,-2.708475437549817,0.15727458628480606,1.04603130636689,2.3436358521118628,-5.130405700605771,0.14874171212941856,8.073827170248022,2.3729600429011737,4.5700204815065515,1.7643974658984407,-9.225704834455938,-1.9314465467792754,8.743573682168089,0.21931909233685282,-0.4139569758794547,0.7679065974322274
-4.802368621260575,6.494306331526774,9.096369266898062,8.968980106217167,-6.574146941702908,8.5987185969635,10.563419402092473,-8.535393911670235,2.933397566311323,0.718750158392526,-2.737200302132959,-1.86026392508677,10.630198314235411,-6.432249531530653,7.366221565848358,-6.107107147921446,0.16828587401789463,-10.72940395641762,5.537131369125853,5.853069039739916,-1.8658256491075418,-7.217775363426383,-9.13452378442532,-6.429820161432945,-7.746643046585916,-4.031985217870011,2.2500478719539028,-0.07441162096305859,-5.833296230609653,-2.816691390722587,-17.541148818400185,0.38642962286481153,-10.027240999708972,-4.095872292149044,-9.433395657740101,-9.807578538137392,0.6351803956207952,-7.256650461987467,5.7175368661639485,-4.401521898960447,-5.124619736289176,-3.9342000790615352,1.764397465898441,4.133955934059562,-3.262933275375481,-3.1770916131474918,-4.441916702420785,0.024156162546195015,-3.802734295792954,1.9971032464004528
1.6126061127118785,-9.668838956813609,-5.281326318329534,6.055372969137333,-1.3212334881894718,10.827588693345378,2.405740264974382,-5.258566790792632,2.1221747202596197,-2.2266259160197173,-2.7775048271738187,1.3827862542950011,3.362974186660397,-3.510003586722509,7.315626787728278,-5.003854754638745,-4.267186593231238,-0.5979497191173473,0.2971103090610481,-2.9443769699021916,5.131762295553027,6.638048403962665,-11.840190723864334,0.10807454532402105,-3.8865557224053418,-5.25592263301366,9.601417730925233,-8.899467372849074,-13.201993711477243,6.073238372410045,-4.624196724767958,-7.756623609584272,0.2045325379104711,-8.058378036341844,5.44455515640462,-4.15151077870148,-1.3219485904727337,-8.569353689195534,11.089685853558425,-5.869277475042836,-9.419232064137859,-1.6187691513057039,-9.225704834455936,-3.262933275375482,2.66916125940811,1.4699643690718847,-11.114645303603158,4.776212392004138,5.262368224604973,-6.9314659264202865
-3.14005180484019,-9.088816930983384,12.019723362280997,-3.1360774879857,4.003526381110603,2.552037951067337,-3.197055941965999,-0.7632451439684933,0.4334039732574444,7.469107654866785,7.879608825096994,4.131466365047029,11.872086962132945,8.506597839494818,6.527402524797277,5.006795826550542,-4.170029733148315,-2.2050333893101093,-6.0237914945384174,-3.106508522687355,-1.8372591266957354,1.5814505476652778,-12.626763812783185,10.015933203062719,-7.177954563631035,-1.5727352623641089,10.33792105150194,-2.663270028476659,-3.909683975498795,2.3383118983192497,2.812893697336486,-2.5531485128568474,6.0171707383779,-3.102431213643254,-14.78642218919906,3.679811076880582,-1.5536237876167376,1.5159299311177068,15.33371363372872,-0.5677504767316973,-0.22786944137810106,1.0018868460441706,-1.9314465467792759,-3.1770916131474918,1.4699643690718842,10.458116053836516,-9.6722462588365,-4.784219085872039,2.2665994670206064,-15.355651507052698
-10.208619667206776,0.2720125715352135,3.333268470057863,11.729979245596574,1.4558001938155893,3.9829161475005206,7.768810948972467,-5.0579776685732,3.1638029736569795,8.611611512555205,-0.8557033842916002,5.968612646258843,9.977478038685128,-3.361691680978514,2.696896401125444,-8.893815621496952,-2.4624002588433047,-11.441227686612667,3.5606822485365655,-1.6476811643082185,4.912258756660765,-1.2952744072063034,-10.709245168209227,-8.066572740534848,9.38517720402066,-8.448182681955748,13.30158198393482,-3.5209301749279245,-11.517083640992254,-0.1998254888679133,-7.328027185333001,-6.1346217809429895,-10.802933076365733,-2.3028878994095487,-4.072179396408999,-0.9405671608069271,-8.642804943473314,-2.064989961605229,7.482037853760078,-4.891415744110713,0.16790440332232348,1.9009763956967596,8.743573682168089,-4.441916702420783,-11.114645303603158,-9.6722462588365,5.362217523402647,-2.1800079908530434,3.275344040988795,-3.8127504738611995
-4.6303042591325365,2.4173018059705167,-2.6031170868145743,0.8719022291404648,6.735735244753917,-0.765260802380781,-3.1346521106457517,0.7161206199173351,0.06879365424322925,-0.3972558684442895,0.5732287724134166,-3.0335483485289476,5.025382027970402,-0.28135439662806083,-3.0974640493846697,0.4456030184441333,-0.19347159560939786,5.152530215199178,0.31273448969828266,-0.2952642545968246,-0.17276274140234132,-0.14033342338126495,-2.6508331122032236,3.586923988101544,0.5734884858488347,-3.0034161751618313,-6.670119595179923,0.16771972799753587,-5.910283558983917,0.6043579096250049,-1.2394852774705643,0.21560815616071843,-0.8962383761175876,-1.6761017947918737,-1.2089322951534378,5.21455237954134,0.3484619110105599,1.5190688697072114,3.470477316919162,0.8116806960263843,-4.9124696730452015,9.465918767356303,0.21931909233685323,0.024156162546194793,4.776212392004139,-4.7842190858720395,-2.180007990853044,5.43132467231492,-0.40257250622704704,6.293324553840693
-2.3833128465444036,-10.067676953887856,-7.6615930539155555,-7.721418315978612,0.9091912604371206,-1.8913090134846662,-7.242464518925067,1.2014572027116264,-0.02588429305842832,0.5553952803835989,-0.8373113805375141,-2.750054145333781,8.932155116800267,-0.2647520355616408,4.607687531687846,-4.935714920162226,0.062105351697695044,-5.336664392644049,-0.5229899829671742,-0.6261436968401471,-0.3859878424854807,0.18720652161822648,-2.077236427331231,-1.3720262317519034,-0.1933122753538153,1.0207948234110096,-1.7809030677568143,0.4691347322458755,-1.4348850222902838,-0.05225520424988456,-0.5250068556106733,-0.11617102468956886,3.289216423842065,-1.1335476723641014,2.6084268964313826,-1.1359957446455715,8.08386390018441,5.248531343971124,-2.5634130479715607,-0.05142781763440374,4.707069133849711,-4.133052855021095,-0.4139569758794537,-3.8027342957929537,5.262368224604973,2.2665994670206073,3.2753440409887946,-0.40257250622704743,4.744551860141613,5.629529770403101
-4.750597490199448,-6.3064890017538655,0.16859771933449164,3.257265789587468,-10.244781891128877,1.5300782719622914,9.98847655536178,-2.743303390342038,0.9151938766279957,5.885216796050201,7.501022127712171,1.6086689668315972,3.1041142744471917,-4.739966978584839,3.561784759795591,-7.310868836588803,1.37915408272181,-3.465151659619755,-5.315594277382751,-3.898318095294965,2.5721462202937566,0.24448956993210524,-4.532570583311201,14.583886086081419,-7.965690847983726,-10.849733405726747,1.9876148841791985,-5.881687171123962,2.72714693891528,-2.9163909124183864,-1.6778576334789395,-1.2760526144670086,-2.2134993581273963,-4.979160446088015,-14.341703387014974,-9.12310086561196,-13.72578142356649,-7.4450173432446665,0.323482283974715,-1.360672266740082,-12.230173175034569,-8.726322614131224,0.7679065974322277,1.997103246400453,-6.931465926420286,-15.355651507052698,-3.8127504738611995,6.293324553840691,5.629529770403101,-5.918577602400372
