n
50
c
179.6553621466772 34.308634277696854 -192.3989832694932 -206.0305849346784 139.50160668154516 -163.24220653201343 -184.29869661778758 209.16814721279772 6.713033412637239 -11.282118173596057 136.59397482391566 -175.96437484470997 181.886322837682 -196.68670114928963 157.44258967912057 194.15149895381217 15.36592574970293 153.94541585797225 154.51886950439933 -137.42639491368223 257.90564820974726 -196.8688946662945 -8.77894526187383 162.22066632681413 -160.50943784925752 197.46562332903002 -177.07144959216566 -2.8064184309210125 185.11951010487073 -159.61927687144154 -166.25750599288384 -163.5521990069173 -43.974870427932544 198.49802287408335 -197.43211767538082 0.5238168116719519 -14.752342695529087 -1.1890695051933609 137.93742569040776 20.93026865459693 -1.7508857693470814 -4.529209625886763 171.77303884134935 -29.340291195915377 181.38284123143853 141.53367749101878 21.719182753771552 -179.52966714695918 -187.3102331595491 120.70742308160855
Q
-4.605950609165294,-1.956087594802653,2.1684240777245045,5.518914821313775,-11.024976208917396,5.068227761254173,3.14380118088622,-6.802654797383057,-2.205557171484654,5.369283729842591,-4.824173762326577,4.635463738581052,-1.6791549078941053,-4.731785214757988,-9.357334127344258,-3.97475826945223,4.131810096767234,-3.457276085899046,7.7312041481156015,-1.6911282863154533,-7.621595176930888,10.664870915352452,2.582017151694145,5.454376089701259,2.9181473644184894,-8.95679162771531,1.9413208605061238,-10.050555810037352,0.1611137453447974,9.303073828147838,5.8776287075817475,8.31826113037393,6.8820650156726355,-6.271548994201021,9.04281490831671,-1.0916286002773765,8.162820834638486,5.388239888611757,-15.933019444532565,-2.176878138499166,6.627450268244524,0.368434237006388,-11.787355651428314,4.254881920342954,7.298906384918693,1.8768305444094298,3.158210839542879,0.0488454999678527,-1.2348827136951137,-6.8439152079818655
-1.956087594802653,5.311185392818097,2.501061540058463,-1.5115472195306237,-1.5812876689598157,-7.93874909365419,-2.686984189212493,4.897197663355712,0.22596760648043762,-0.6386160002969099,5.446518028992877,-4.489704980730514,-1.8618365083746922,-1.2431113450618976,3.229272488578079,0.3495976583503402,-0.4543075400878082,-5.069675408216907,6.245705951579323,-1.9310336053140396,-6.673627951484226,3.990587734676647,0.14287776805469626,5.880610893850658,-4.924474356288457,2.2289063778500258,-3.109502393116104,0.23124616502551598,3.043359257823502,-0.33633985047029946,-0.937766113454566,0.9687523080533611,0.33033716005491365,-1.5613398520135546,-7.144403159020724,-0.6052471333376312,-0.5444506886665099,0.6323748283654226,-2.7623829412136165,-0.2981316143513014,0.6872453429139196,0.14226848210962129,-1.4937573243782363,-0.17918461487673176,2.865337416191885,-4.519090955728993,-0.4224361917871076,-1.235105375851724,-6.323686916607535,5.043101191175985
2.168424077724504,2.5010615400584633,-5.811650884701976,-1.084667426763036,7.331317852255937,-7.9704832591416945,-3.2955401251440852,-1.4691593496435924,-8.138237407755856,5.633112405083411,16.678391733810138,-0.04420447753860024,1.2503878231153167,-5.31436985442295,11.032106714859928,2.545401074745166,-0.016362801104521707,-0.37449548719952175,-2.9132197759367697,-2.742476561910909,16.89861342983871,1.6304753748336638,-0.1054309027899556,7.683157562579122,-5.15442690334246,-1.6027656298927404,-3.823991458221438,-6.824281589257925,5.603841013388825,2.42704727998999,-4.3515941246429195,-8.731118855317982,-3.7230638336109996,8.592805578361187,-4.713628384161792,0.6418572892426236,-3.4272275053374406,4.01953307424239,-0.7556228866869302,-7.7232298414562095,8.483969677883499,6.289135640683359,20.456906402093544,0.5775833754788982,7.348923035626101,9.10922042121179,-4.1294944186771865,-4.193525001226359,0.838921341773553,10.217361954224584
5.518914821313776,-1.5115472195306237,-1.0846674267630363,10.144797511297208,11.560526930770658,-5.769482805503721,-4.727617367817982,-2.5418169924222953,2.593812119035341,-5.173419873620512,16.091193512518547,-14.198145293273777,7.249772198391408,-7.322012363559964,-0.18149682315357968,13.704394399178753,5.061508203977524,-2.309655419400256,2.7931634076578495,-9.096022123898662,5.1961315234561,1.4475782981209457,-1.906732572810489,2.919917508929372,-5.585454538081897,-0.32403559070110055,-3.486453416279691,1.353321217488627,9.49080820100811,-4.089496450491785,2.187170542283131,1.3430519937884398,7.25508855557136,-4.0392202357374405,2.454556802852886,-3.080192297307525,-4.354410251099214,3.2647641625577553,6.48205904934847,-5.730295572919451,0.9941148081858671,-8.445845747614086,9.061866155285651,4.995033297723028,3.8174995128636704,6.5050265641109535,-2.2277334143567433,-4.560569932164849,-7.464127161686619,0.7381151704166304
-11.024976208917396,-1.5812876689598154,7.331317852255937,11.560526930770658,-15.070361743484915,6.844300352873758,6.011541408685047,-11.158922176899619,5.857577444077731,3.3383617455652175,-3.3898096419772754,8.332005511630172,4.472844491177852,6.698518674405262,2.8607104711289297,1.0054219075229298,3.607870787040185,-4.147747312250537,-9.578634713109336,2.028038522703615,-9.264494475008316,-2.860073114412922,5.2547505133201255,-9.294953429650704,3.760288398890366,3.030349391511254,14.166349858392767,4.989347178353404,0.8350562619999016,6.904268459169348,6.0745708321047,5.822971050372784,2.0189620388130565,-13.788823637770856,5.833666997835004,3.1971408864575923,-2.60652373878066,6.024162259536063,-11.959780182562415,2.0551470507005365,3.964079285005843,3.2638846265015253,-3.5132716861106,2.9225241237316686,-8.981646784923955,-0.6191970555722807,3.0168046414869827,-2.9511489264140915,15.838015145703212,6.034917222484037
5.068227761254174,-7.93874909365419,-7.970483259141695,-5.76948280550372,6.844300352873759,9.66259138975228,-15.988915857493115,-0.45194541829126184,-0.297780430582125,-1.6744210670845805,2.9831143410836725,-4.6169714877064685,3.6414569332218893,-6.1352340319271494,2.272509754979055,9.438008032768836,6.614380431972823,14.280999029694662,3.0165154673997,3.280290956529984,-0.9760499372692815,-5.518589827361096,-1.339075931763523,7.417582889217234,-4.797752824583225,-3.363536847086643,-8.911935824690573,6.261962740233045,4.929699457207153,-7.948356206686826,-6.164335005011162,-4.984656198373713,7.169706487882371,-2.7924544495223995,9.819355118578809,-5.580140499919603,-8.251839229679936,-6.336093603240029,2.5461734914837733,-5.2407620249751625,-3.7175265200163587,7.538103612925125,2.9672262185998246,0.6736495971693043,0.29085885281860635,5.969460886805648,-0.15929487803136466,-11.251705295884216,-9.286158499851993,7.843013958842406
3.1438011808862187,-2.6869841892124935,-3.2955401251440857,-4.727617367817982,6.011541408685048,-15.988915857493115,14.14095659098927,7.3437328267967095,-4.987753427680252,4.908602349169471,0.5449136267500319,-3.207893921247459,5.389395619680483,-8.517724006278385,-2.7890045105766115,4.950515845287945,3.0759967624848135,12.52401162142848,2.8440361523704536,-6.8478774695229925,0.9304233366237732,-2.1150056547170455,-5.644047539644699,0.8882793050005117,-6.289935906843554,10.027421648521381,1.6126295836972733,1.4798097794387566,4.105434439051795,-8.303565599582159,-12.184955496204964,-6.323549872665539,4.852974994338754,-1.7832942159372696,-5.087129072855339,-0.33128708730944445,4.021762323561224,6.4664891101751625,-6.915283894873294,-4.008158620111406,-5.041365495752378,-4.9824729218766075,0.09343638366615836,-0.4406312353318318,9.503228532291395,13.084999999894826,-3.3766528092328096,-3.780028099160287,-7.290833887263235,-0.6917191802558023
-6.802654797383057,4.897197663355711,-1.469159349643592,-2.5418169924222958,-11.158922176899619,-0.4519454182912615,7.343732826796709,-7.284762961482038,-0.27762885562442474,-2.234513623791667,-6.97952236779257,1.6531773767221272,-0.13254384056633317,7.032173257043091,-10.876173060993484,-3.731135800128875,-2.2977145450377896,3.480003363510802,-2.3492025624243906,2.6122203749063817,-10.894135629856649,7.257336427475218,0.8648330241244069,0.8266918885471157,3.8381022327896686,1.9507059900816404,3.980595535836928,6.521044416275437,-7.9536556476202325,9.830204101894934,-1.0139394423619101,0.9658886755246576,3.732519537039255,-8.635021686430335,-5.67419165032966,0.7109154141912583,7.302590674872221,6.422135137499196,0.30940597760149235,-4.860761054827735,-3.576436020630145,2.9306108469322005,-17.372778086399467,-5.120715315093732,-4.861082148764438,7.0601411456676315,-6.387255371400552,-2.6395996063358527,7.599518163537795,-6.759635765119621
-2.205557171484654,0.22596760648043812,-8.138237407755856,2.5938121190353414,5.857577444077732,-0.2977804305821268,-4.987753427680252,-0.2776288556244231,4.782582480603797,0.3218962653438818,-6.91352984669174,1.2016464252799262,-8.978826371443942,-1.4270322443759074,-1.1300545583051553,5.2724819345381695,-0.5150674336424426,5.337223723004803,1.8832923137009687,0.35355695044186863,-3.370250515127482,-1.5455389321770792,-0.3282165613885036,6.186104321022641,-4.584333412169454,-6.2875181008476435,-1.3579604851684584,0.23203705132647046,-8.291859497071664,6.178428032602348,0.0697271800823166,5.3752196086132855,0.6352290776249299,1.0243895271007983,-1.695180873953195,-0.23206135772594916,-0.040692131960095246,0.4739725131283712,4.744761221440661,-0.0077488877853904015,-0.3558178102010978,-0.2935851134168235,0.13277266617505296,-0.2964197882890273,0.8850488884317544,3.042889270294556,0.16388314655073954,-4.429983195547125,1.2441358111120804,5.724265428252392
5.369283729842591,-0.6386160002969099,5.633112405083411,-5.173419873620513,3.3383617455652175,-1.6744210670845816,4.90860234916947,-2.234513623791668,0.32189626534388227,5.160465634982434,6.089326839346069,2.721399008677843,1.3401368038131523,-3.4491703585218376,5.693916200267466,2.509988104854003,-0.07157990610185566,0.2484764741789286,1.8998174486876656,0.9985721730939667,0.8548053389566872,1.237496782740642,0.4738117115068613,2.340515388869765,-5.021520234734853,-0.5881115240002137,3.2944287566410817,-0.5838064796704235,0.9785589940901468,0.07257203289877312,5.421285716352392,0.46530740531029235,0.058323180348763715,5.3470158179970095,-4.582466438320529,0.10832621623814642,0.7593757467293802,0.20805115423721282,6.952580582640704,-0.5016893183289328,-0.006494397097150828,0.25323650902182265,3.496748445743582,-0.3178705732566719,-0.001594520733503496,5.4609688808375445,-0.10520441969288141,4.114334561104574,0.8272006256452513,2.297933576516835
-4.824173762326577,5.446518028992876,16.678391733810138,16.091193512518544,-3.3898096419772754,2.9831143410836725,0.544913626750031,-6.97952236779257,-6.91352984669174,6.089326839346068,2.4434777559103695,14.920019093018292,-3.5598940191516597,0.996814985091697,-6.692638163894909,-0.4788023874945907,0.12548504830355534,-2.612904887463637,2.4776931428127735,3.8825579158754717,-15.821745031869675,1.1284579666341783,-0.3207512442011261,-15.491560791223629,3.463510412104748,-10.22452082791186,3.4471828705141028,5.388321539225532,-2.7267346731013937,4.143048051890814,3.384416262928429,3.3802601886637214,-1.4455695660062933,0.4224445405608128,13.269432307640201,-3.0851267123628756,7.513796205610262,5.782012157418066,-0.351888941945552,3.426859779835015,8.440135229505534,1.5204114446772268,-0.9516112562040294,6.131691179417327,-5.9287979125394346,-12.70532480725279,-1.1538704783982872,10.21712920225555,2.4445727741312195,-5.474898830427032
4.635463738581051,-4.489704980730514,-0.04420447753859935,-14.198145293273777,8.33200551163017,-4.61697148770647,-3.2078939212474586,1.6531773767221276,1.201646425279927,2.7213990086778423,14.920019093018292,-3.86566457225629,13.312354253335133,-6.202435849270932,8.558622504793757,9.13008247945027,-6.228192725193855,0.3672379476293377,5.2315493617857545,-13.634485621215436,10.992082797240585,-8.927050043318287,5.388571819060052,-2.412830977330462,-10.397703657778282,-0.9213442447932266,-0.27089539364871973,-0.6350231390267738,1.912878370551399,-9.988531774935407,-8.818151774262628,-3.450192168075504,-2.222300631765443,-1.1095048701113597,3.4697604350500915,-8.137414063203765,7.227288472235548,-0.7800490126666587,10.308010503119403,-5.303047018557389,-7.071681706288995,0.3042520112982636,5.921976049543839,4.186733650866891,12.99370213669519,15.852300141354915,-7.286792608534559,3.5250180905053146,-7.7745728104073715,8.873502419744709
-1.6791549078941062,-1.8618365083746915,1.2503878231153174,7.249772198391408,4.472844491177852,3.6414569332218902,5.389395619680484,-0.13254384056633367,-8.978826371443942,1.3401368038131527,-3.5598940191516593,13.312354253335133,9.756072990582085,-3.136319798461728,-0.24556896977304898,-6.251412463809414,-2.513306496756626,-4.347894595611055,-6.5802293611971026,2.1195116295661363,-13.167618626363176,4.219074868325225,3.6815583050320777,-2.5757335290586614,-3.527925333579336,-8.418759035470217,3.620313651649531,9.191798691353249,0.1514119725659946,7.751336816447322,9.998941118041193,10.891719752819983,0.19170742731718482,3.4187588017361383,-0.40546396231118376,0.8026067667041628,0.47169926837450804,2.7117505357393323,-6.668888096679126,3.2034487006047927,0.10504725093736433,-2.0230999581956985,-11.307277004452665,-6.210473707877217,-3.9875589144889148,-1.4127127861397428,5.32038790040955,5.376835607882651,-0.38273008538903913,-5.066769620289554
-4.731785214757989,-1.2431113450618994,-5.314369854422951,-7.322012363559964,6.698518674405262,-6.1352340319271494,-8.517724006278385,7.032173257043089,-1.427032244375908,-3.4491703585218376,0.9968149850916976,-6.202435849270932,-3.1363197984617277,15.72862093364803,8.700673847960967,13.952193319004486,-8.071454502217136,9.965071662270903,6.878718309203554,1.9599032788316524,1.4453207827833034,-7.631484974859968,-2.7879101402431705,1.2785682170206074,-6.974533660006503,-5.8818521198962195,-3.8077803825210634,0.48018781325217885,15.232067166283361,-8.564874425478353,-5.277745563196666,2.262748602647238,-0.33654255330803917,10.232636371437154,-7.4770900419167985,1.337649120210767,4.179882267654488,-0.07535346611608462,13.71648357593349,3.757230877557893,2.3255986632019114,-2.1692791860783607,10.816279675595153,-0.9376232663397623,8.086920526195271,-3.438746730136255,-7.596670808862585,-8.691742005085583,-4.715114562601821,4.838179115358112
-9.357334127344258,3.229272488578078,11.032106714859928,-0.18149682315357873,2.8607104711289293,2.2725097549790556,-2.789004510576611,-10.876173060993482,-1.1300545583051547,5.693916200267467,-6.692638163894911,8.558622504793757,-0.24556896977304857,8.700673847960966,-13.25886067128981,-4.452817041736013,2.239484658021445,1.87970267417757,-7.098530896309383,14.219249307860068,-8.468586705939025,9.739497958549766,8.305869328962233,3.1674822996623697,3.690989195999326,2.7941504389134644,0.10877026593206385,-2.2425988556908756,-6.304773481943875,17.116629423210547,8.256183008831451,4.968917777689599,-4.437943096534922,-2.4113596304108524,6.393111361511051,0.10449483577009411,2.697487105392997,-10.028363224111224,1.564797310138997,-7.665264952028766,1.1041501636708217,3.232832325496603,-8.326320200185503,-6.334089353309239,-0.006035686766313275,-2.6972653878130206,2.781419064623279,5.011063912147687,1.0713218397198976,-2.1561615700046297
-3.974758269452229,0.3495976583503398,2.545401074745165,13.704394399178753,1.0054219075229305,9.438008032768836,4.950515845287946,-3.7311358001288744,5.27248193453817,2.5099881048540045,-0.47880238749459103,9.13008247945027,-6.251412463809412,13.952193319004486,-4.452817041736013,4.335358426003996,1.5746883213008707,-5.691194327961289,-7.89946378748793,-2.0359315305012586,-4.010870249133254,6.548156085969401,8.490482239460764,-8.862382602634174,4.442821537775961,-8.202526665310533,9.877610982308452,-1.0096760182896116,-14.446033835067173,-3.0104146771089058,4.17584676363552,-2.3607742927369126,0.8871504923397232,1.3742288689007645,-1.8581596465773993,5.877569998506267,6.615033744020359,-2.711005001027159,-4.6427404648276,7.309831271863993,2.739756261227045,8.875021870539564,-3.795728156342264,3.8946337148331165,-3.288603141251186,-12.189294669243678,-6.398905359096501,3.2061350237466097,-1.8328597748225417,-4.893943763567107
4.131810096767233,-0.45430754008780794,-0.01636280110452093,5.061508203977523,3.6078707870401847,6.614380431972823,3.0759967624848135,-2.29771454503779,-0.5150674336424417,-0.0715799061018557,0.12548504830355595,-6.228192725193854,-2.513306496756626,-8.071454502217138,2.239484658021445,1.5746883213008704,4.705776753693579,-5.718251551877762,-0.6091855624001994,-9.228599837410256,-1.2836748810248508,-0.054653671122869674,-0.12472756363091442,3.9625828503540155,4.027555869976891,0.07453767883593931,0.6972120698385487,0.19173906850983546,-0.37777298042697605,-5.461852485035045,0.45461399763874044,-1.1772398378295872,-0.3675030855006888,-2.7366617233627744,-1.5043863755724207,-0.03661063685435423,-0.08938310112314707,0.2881065755967651,6.250414488115673,0.5694280317153988,0.1375338619742209,-0.13468591471549285,8.332928772610597,-0.32271141305382123,-1.7754677464371182,9.634015079213743,-0.5750458242180148,-1.9462133841907903,-4.794606093989427,-0.18799806907097366
-3.4572760858990454,-5.069675408216907,-0.37449548719952164,-2.309655419400255,-4.147747312250536,14.280999029694662,12.524011621428482,3.480003363510802,5.3372237230048025,0.24847647417892904,-2.6129048874636376,0.3672379476293388,-4.347894595611055,9.965071662270905,1.8797026741775704,-5.691194327961289,-5.718251551877761,-9.688662041195748,-8.065189210837323,0.5130751392459463,-10.349565383553255,16.79257706820026,-5.0164857629426125,-9.464691105462888,11.83737277630427,3.8355344436440673,-2.677764694884968,-3.749309769227859,-11.078449388918994,-1.5174125643478225,4.550187405959492,7.156057781428515,1.4325554244871803,-0.4085099633429927,6.8883637186803295,-9.082501944316025,-1.2050396916882309,1.6404250318306284,2.300424428033358,-0.6773971073164337,-2.544888956406465,0.5349002297060734,-10.182489673342983,-1.0525910089659563,-4.1512159450352595,4.605191356765629,5.5451337252440736,0.8611416590901664,5.551364966512788,-0.8195596366564883
7.7312041481156015,6.245705951579323,-2.9132197759367684,2.793163407657849,-9.578634713109336,3.0165154673997,2.844036152370453,-2.3492025624243897,1.8832923137009683,1.8998174486876656,2.4776931428127726,5.231549361785755,-6.580229361197102,6.878718309203553,-7.098530896309384,-7.899463787487929,-0.6091855624001999,-8.065189210837323,9.218794281964483,16.41097124181735,1.245665671252101,14.938560144656691,3.4259837706712366,-2.9825331394122707,3.1090903150612412,-8.310353894140384,7.5396025866717045,-2.851955368261091,-5.56038729514319,2.8089797277086994,-1.141105514087299,12.319855156295008,4.7834266103412695,-11.280926976522641,0.026902021246041574,1.609204401996513,4.067735633048364,10.673447546263073,-0.8040581932465121,5.562082004700052,0.3728183135302762,5.951384291545972,-16.064046523676605,-3.439415271574054,1.165449321472762,-8.22025508551398,1.9456332384892803,16.476505748681625,2.3081497187368543,-10.7319880668916
-1.6911282863154533,-1.9310336053140384,-2.7424765619109084,-9.096022123898662,2.0280385227036155,3.280290956529985,-6.847877469522992,2.612220374906382,0.35355695044186886,0.9985721730939681,3.8825579158754717,-13.634485621215436,2.1195116295661367,1.9599032788316524,14.219249307860068,-2.0359315305012577,-9.228599837410254,0.5130751392459463,16.41097124181735,-8.6494000005307,0.3440181470081811,-10.796664437479997,-5.624792047490446,1.5794750632518266,-6.184402148733964,4.30696221946386,-7.878724211493343,3.7481339026197906,1.2792463515225363,-2.3490003267986443,-5.938300768678933,-16.00741259733082,7.216463432892601,-2.676006901669052,-3.874065501413292,1.1021760182823244,-2.928165602437189,0.04518433471893024,12.519047852604203,-5.430722312804253,-3.7657530400545864,2.697535176461,-2.8345886053115135,-1.6485572041996646,2.055500516694715,6.139589076762113,4.095552280573575,-12.56618687219975,-5.973426704176915,10.307477045158858
-7.621595176930889,-6.673627951484225,16.89861342983871,5.1961315234561,-9.264494475008316,-0.9760499372692808,0.930423336623773,-10.894135629856649,-3.3702505151274815,0.8548053389566884,-15.821745031869675,10.992082797240583,-13.167618626363177,1.4453207827833037,-8.468586705939023,-4.010870249133255,-1.283674881024852,-10.349565383553255,1.2456656712521008,0.3440181470081818,7.67953667634247,1.234361435544685,5.008669985721223,-2.777289771372569,3.3893472833823957,-12.58136975495779,-1.0188487307603522,2.3708066705823474,-16.162236418434528,4.7661137963278115,2.3330016097247324,3.2503682884634775,7.508362556816337,-7.5442041395709785,8.151778468368086,-5.26969508460099,-7.208277859444237,-6.2495567184461205,-15.018774534945175,-3.5874840854158676,5.07429935319932,-9.220348264506905,-5.355269039700197,-0.9814170645861298,2.6613085532421565,-5.905922104135536,-8.213363889493083,3.520158346670023,-3.5453345033870964,-11.08664595098004
10.664870915352452,3.990587734676647,1.6304753748336647,1.4475782981209462,-2.8600731144129226,-5.518589827361096,-2.115005654717046,7.257336427475218,-1.5455389321770794,1.2374967827406418,1.1284579666341772,-8.927050043318287,4.219074868325225,-7.631484974859968,9.739497958549766,6.548156085969401,-0.05465367112286959,16.79257706820026,14.938560144656691,-10.796664437479997,1.234361435544685,-7.695370916324536,-0.46630489863331037,12.144451264815215,1.6381286632084393,13.2723818222969,-13.191348880182366,-0.8471019276607721,1.188072245215763,1.6046022980619556,-9.737188408135378,-3.844445924753092,0.830561958244447,9.230450265552523,0.718122885889188,0.3052551894771971,0.21183306572524352,-7.707918962021139,0.6721166309901995,-5.531774624768006,2.816028782704208,10.67055799903925,-4.70994661728726,6.980161688037907,2.338103774333672,0.5054685692624048,1.0986262458667975,2.6613669607198798,0.4227082588190075,-0.9088990972583529
2.582017151694144,0.14287776805469665,-0.10543090278995523,-1.9067325728104885,5.2547505133201255,-1.3390759317635235,-5.644047539644699,0.8648330241244065,-0.32821656138850386,0.47381171150686174,-0.3207512442011264,5.3885718190600524,3.6815583050320795,-2.7879101402431714,8.305869328962231,8.490482239460764,-0.12472756363091242,-5.0164857629426125,3.4259837706712375,-5.624792047490446,5.008669985721223,-0.46630489863331004,5.82240286661469,6.054973909631271,2.104194021522347,-1.4273503061299342,5.811946332404927,-0.26591359305841644,3.0491114886883643,1.3935052243837576,1.6939780410056524,3.0388585644339803,-0.021613905305094716,-0.5500838423469263,3.3979054335793606,-0.038667372584166415,0.21617136422327504,0.25040246833016533,-3.8765764594662535,-0.27449321722236886,-0.05558996866509594,-0.1577285524429795,-1.439911458219582,0.38187060259870365,-0.4694349575582961,3.923898271999219,0.06343951430984718,-5.450161642644669,7.535072268076106,1.6471470655236389
5.45437608970126,5.880610893850658,7.683157562579122,2.9199175089293714,-9.294953429650704,7.417582889217235,0.8882793050005124,0.8266918885471154,6.18610432102264,2.3405153888697643,-15.491560791223627,-2.412830977330461,-2.575733529058661,1.2785682170206076,3.1674822996623693,-8.862382602634174,3.9625828503540155,-9.464691105462888,-2.9825331394122703,1.5794750632518268,-2.777289771372569,12.144451264815213,6.05497390963127,9.281136174975126,6.2980104101707175,-4.494038872898996,3.348140810338952,5.962688407231082,-13.843683086887022,6.52226871507191,7.188271229863729,-4.926070914777061,2.15807633431972,-7.997130001552682,1.7841425177586796,-0.012164673629160516,7.077186334561545,3.756912354772487,5.460329893121164,4.516405466866476,-1.3474038225620164,3.766645965010165,-6.912537968207727,-4.273679753699524,-3.3437236918532687,-3.9614116803947192,1.3222058471645397,7.9914576158784705,5.632439442959359,-7.340261933657864
2.9181473644184903,-4.924474356288458,-5.15442690334246,-5.585454538081897,3.7602883988903657,-4.797752824583225,-6.289935906843554,3.838102232789668,-4.584333412169453,-5.021520234734853,3.4635104121047484,-10.39770365777828,-3.527925333579336,-6.974533660006503,3.6909891959993253,4.442821537775963,4.027555869976892,11.83737277630427,3.1090903150612403,-6.184402148733964,3.3893472833823948,1.6381286632084393,2.1041940215223462,6.298010410170717,-4.711135354716137,11.706660707790306,-4.468378639685674,-1.2480287492657047,5.592999369705373,-5.4319053288077805,1.0441225032781933,-5.507217302324143,7.354941564226568,-3.864495025461015,-18.649743431127167,3.155324866918447,4.346727261364916,5.757073255630495,-2.5085158687222524,-6.086271363398626,-2.0372792849302406,-2.9672601717927978,15.82918182453172,-7.0345826883662905,2.8084019442054347,8.641461332492218,3.755542550873297,-5.7608348905432205,-14.075202659454007,12.852750713010016
-8.956791627715312,2.2289063778500258,-1.60276562989274,-0.324035590701099,3.030349391511253,-3.363536847086642,10.027421648521383,1.9507059900816401,-6.287518100847645,-0.588111524000213,-10.22452082791186,-0.9213442447932267,-8.418759035470217,-5.881852119896218,2.7941504389134657,-8.202526665310533,0.07453767883594059,3.835534443644068,-8.310353894140382,4.306962219463861,-12.58136975495779,13.2723818222969,-1.4273503061299335,-4.4940388728989955,11.706660707790306,6.939257310876387,-1.9919037480638693,0.765127968159439,-13.627514723214494,7.208721536362528,-6.6241870668357,3.456911390965817,0.08233446771949571,-5.9392783378052885,3.813910041710778,8.684825764375026,-2.431361875730916,-5.291429365298912,-14.664124649268174,2.980223883572286,-1.0726763084589428,2.2146653869293855,1.1555347799847813,-3.990802101380551,-13.111423789121579,-8.780401921467528,0.4445640699184157,7.495416704365265,-2.169568730697396,-4.2758381111693184
1.9413208605061234,-3.1095023931161054,-3.823991458221437,-3.48645341627969,14.166349858392767,-8.911935824690573,1.6126295836972735,3.9805955358369287,-1.3579604851684584,3.294428756641083,3.4471828705141028,-0.2708953936487217,3.6203136516495307,-3.807780382521062,0.10877026593206374,9.877610982308454,0.69721206983855,-2.677764694884967,7.539602586671705,-7.878724211493343,-1.0188487307603522,-13.191348880182366,5.811946332404928,3.3481408103389523,-4.468378639685675,-1.9919037480638697,6.973820263817075,-0.6291830666120657,1.4195562897002427,-2.163633303622378,-13.722525368281996,-0.7446730774996363,4.85627761906073,0.5480840489724113,1.5477981279600825,4.215618195388836,-1.9199526202832469,-1.2983237601284403,4.475496552903215,6.148400462860458,-7.879605476922802,0.8923034118113469,9.12810802479231,-1.3830027570311523,6.768321806876578,-1.924735316252087,-0.838315332821811,-4.9287750102241406,-9.142653605228197,4.735603680110918
-10.050555810037352,0.23124616502551612,-6.824281589257923,1.3533212174886273,4.9893471783534045,6.261962740233044,1.4798097794387564,6.521044416275436,0.23203705132647084,-0.5838064796704237,5.388321539225531,-0.6350231390267733,9.191798691353249,0.4801878132521775,-2.242598855690875,-1.009676018289612,0.19173906850983702,-3.7493097692278607,-2.851955368261091,3.7481339026197897,2.370806670582346,-0.8471019276607722,-0.26591359305841744,5.962688407231082,-1.2480287492657034,0.7651279681594385,-0.6291830666120652,5.378563738261106,-4.168822802537326,-5.18869781020714,-8.163297688105564,-0.3792525299451417,0.08727622095245863,0.34171283676533504,1.9544733135104015,-0.10870555966459539,-0.17172180006881432,0.6089650287173864,3.614594376320655,0.1508737955778905,-0.9722273570696118,0.06874081384243613,-3.4452088014581372,-0.20368506369439232,-1.9958077595404282,7.184408234862071,0.20912143230377161,1.0108949581862394,6.187177996342292,-0.8618120508041539
0.16111374534479878,3.0433592578235005,5.603841013388825,9.490808201008111,0.8350562619999002,4.929699457207154,4.105434439051793,-7.9536556476202325,-8.291859497071664,0.9785589940901462,-2.726734673101394,1.9128783705514005,0.1514119725659957,15.23206716628336,-6.304773481943874,-14.446033835067173,-0.37777298042697627,-11.078449388918992,-5.560387295143191,1.2792463515225365,-16.162236418434528,1.1880722452157633,3.0491114886883635,-13.843683086887022,5.592999369705371,-13.627514723214496,1.4195562897002425,-4.168822802537324,4.733501056215668,-0.929629184413874,-8.24799163114665,6.461599896564083,3.16363008639568,7.097784569398221,0.4834187266591165,-2.227348806636,1.2015053585011106,-4.932753383890377,-9.299810729533847,-2.0796115249100064,-0.2634636185952969,1.4374822822400022,-5.6876378027999115,0.4797644891286472,-9.240382425131399,-13.174931218152498,4.910610126306891,3.4940098573080203,5.060628293535954,2.999793442797542
9.303073828147838,-0.3363398504702995,2.4270472799899903,-4.089496450491786,6.904268459169347,-7.948356206686827,-8.303565599582159,9.830204101894935,6.178428032602348,0.07257203289877234,4.143048051890814,-9.988531774935407,7.7513368164473215,-8.564874425478353,17.116629423210547,-3.0104146771089058,-5.4618524850350445,-1.517412564347823,2.8089797277087003,-2.349000326798644,4.766113796327812,1.6046022980619552,1.3935052243837585,6.52226871507191,-5.4319053288077805,7.208721536362529,-2.163633303622378,-5.18869781020714,-0.9296291844138735,-6.655075595825495,4.16564079497847,-11.973744161895372,3.365973533262131,0.30541614125680216,-13.09563434397414,4.017144568372487,6.568417326597024,-0.11436987352710937,5.931757028530357,-4.009090915558744,2.526311855022081,2.181650421868567,4.881741339140057,8.215604399865233,9.864132081064755,0.5708136593670632,-6.393059913787644,-12.903981934220534,-16.439595587526924,16.784325988621752
5.8776287075817475,-0.9377661134545655,-4.3515941246429195,2.187170542283131,6.074570832104701,-6.1643350050111625,-12.184955496204964,-1.0139394423619101,0.06972718008231638,5.421285716352392,3.384416262928429,-8.818151774262628,9.998941118041195,-5.2777455631966665,8.256183008831451,4.17584676363552,0.45461399763874133,4.550187405959491,-1.1411055140873,-5.938300768678933,2.333001609724733,-9.737188408135378,1.6939780410056522,7.188271229863729,1.044122503278195,-6.6241870668357,-13.722525368281998,-8.163297688105564,-8.24799163114665,4.16564079497847,7.087051712518063,0.004673814157960976,-0.02375008870181433,7.566554958368526,6.585720229221186,-0.17209551338792797,-1.9263136159780967,1.5439745346010816,0.4231805665835942,5.0433472691174375,1.2595846261758674,-8.421707792689123,10.52247232663393,2.0693501997593162,6.63856582851729,14.877459090173481,-0.28746876651591213,-0.5773666140526713,0.10639945230728687,11.202963189404956
8.31826113037393,0.968752308053362,-8.731118855317982,1.3430519937884393,5.822971050372785,-4.984656198373711,-6.32354987266554,0.9658886755246581,5.375219608613286,0.4653074053102929,3.380260188663721,-3.450192168075504,10.891719752819984,2.262748602647237,4.968917777689599,-2.360774292736912,-1.1772398378295872,7.156057781428515,12.319855156295008,-16.00741259733082,3.250368288463479,-3.8444459247530918,3.038858564433979,-4.926070914777061,-5.507217302324142,3.456911390965816,-0.7446730774996375,-0.37925252994514125,6.461599896564082,-11.973744161895372,0.004673814157961399,-9.424182572919857,-2.785515212109818,1.2797177248018676,-9.807195086321022,0.18422994139160953,-0.6475936382846884,-2.967343496594399,11.44899746465471,5.261509762372642,-0.39431120550573817,-1.190313886297184,9.029256283729245,1.3181444595858314,7.459458833249851,-3.857114496319594,-2.836826809208682,-7.67793919578925,-3.413497278240471,13.03064958691139
6.882065015672636,0.3303371600549143,-3.723063833611,7.25508855557136,2.018962038813056,7.169706487882371,4.852974994338754,3.7325195370392548,0.6352290776249303,0.058323180348763826,-1.4455695660062922,-2.2223006317654432,0.1917074273171845,-0.33654255330803906,-4.437943096534923,0.8871504923397235,-0.3675030855006884,1.432555424487179,4.783426610341269,7.216463432892601,7.508362556816337,0.8305619582444468,-0.021613905305094328,2.15807633431972,7.354941564226568,0.08233446771949601,4.85627761906073,0.0872762209524588,3.1636300863956794,3.3659735332621303,-0.023750088701815435,-2.7855152121098183,5.074231604600946,8.040485148608285,0.8756345930003901,0.3620763211852023,0.8706781796600973,0.4724006782242216,3.0151896056335867,0.6444253847239313,-0.4119306476317965,-0.09917589969198826,-3.9785247085864044,0.5105423137578388,3.190267870921477,-0.04225147090038395,0.09836925233111724,8.671676402466021,-4.983721728012407,-2.6401726601688518
-6.271548994201021,-1.561339852013555,8.592805578361189,-4.0392202357374405,-13.788823637770856,-2.7924544495223977,-1.78329421593727,-8.635021686430335,1.024389527100798,5.34701581799701,0.4224445405608129,-1.1095048701113597,3.4187588017361388,10.232636371437154,-2.4113596304108516,1.3742288689007656,-2.7366617233627735,-0.40850996334299383,-11.280926976522643,-2.676006901669052,-7.5442041395709785,9.230450265552523,-0.5500838423469263,-7.997130001552681,-3.8644950254610144,-5.939278337805289,0.5480840489724096,0.3417128367653346,7.097784569398221,0.3054161412568015,7.566554958368527,1.2797177248018679,8.040485148608287,5.853623969797701,10.853881436185315,-2.878498032781554,0.08687068797719943,-4.375170190263839,-3.701528128571795,4.945630348338471,2.590006777198047,-7.754124429416022,-5.117705595061614,3.312011183436222,3.9711830116087605,8.405759007359629,-3.3887639415083632,9.335826871616778,0.32699693471963953,-3.893535123583214
9.04281490831671,-7.144403159020726,-4.713628384161791,2.4545568028528875,5.833666997835005,9.819355118578809,-5.087129072855338,-5.67419165032966,-1.6951808739531953,-4.5824664383205285,13.269432307640201,3.469760435050093,-0.40546396231118387,-7.4770900419167985,6.3931113615110515,-1.8581596465773988,-1.5043863755724205,6.8883637186803295,0.02690202124604113,-3.874065501413292,8.151778468368086,0.7181228858891882,3.397905433579361,1.784142517758679,-18.649743431127167,3.813910041710778,1.5477981279600832,1.9544733135104009,0.4834187266591162,-13.095634343974139,6.585720229221186,-9.80719508632102,0.8756345930003891,10.853881436185315,0.7659074331974312,4.802609632200987,9.15165215641312,-2.9730713250716967,-1.8664069848886315,8.464572108506216,3.786175520341792,-0.012881357451592496,5.386855946818489,3.982460807514024,8.111935986650494,6.314269637566764,-0.9293430492067111,2.188773523615813,-2.2583038063640095,2.834950392940585
-1.0916286002773765,-0.6052471333376312,0.6418572892426231,-3.0801922973075255,3.1971408864575928,-5.580140499919603,-0.3312870873094453,0.7109154141912573,-0.23206135772594905,0.10832621623814753,-3.085126712362876,-8.137414063203767,0.8026067667041621,1.337649120210767,0.10449483577009255,5.877569998506267,-0.03661063685435384,-9.082501944316025,1.6092044019965126,1.1021760182823233,-5.269695084600991,0.30525518947719676,-0.038667372584166956,-0.012164673629160766,3.1553248669184466,8.684825764375026,4.215618195388837,-0.1087055596645955,-2.2273488066360008,4.017144568372489,-0.17209551338792795,0.1842299413916092,0.36207632118520167,-2.8784980327815544,4.802609632200987,5.390267091243928,0.06637901997485085,0.7495605438712423,-1.3935404557764879,0.3897860941906417,0.7611640262846726,-0.4729267100859803,-8.081485251416092,-0.33440732651281124,-0.6295708008981045,1.7033625954981457,-0.12765307808936888,-3.92205169625412,-0.24797734444055586,3.0681032790136715
8.162820834638486,-0.5444506886665103,-3.427227505337441,-4.354410251099213,-2.60652373878066,-8.251839229679934,4.021762323561225,7.30259067487222,-0.040692131960095995,0.7593757467293805,7.513796205610262,7.227288472235547,0.47169926837450854,4.179882267654488,2.697487105392996,6.615033744020359,-0.08938310112314629,-1.2050396916882304,4.067735633048364,-2.92816560243719,-7.208277859444237,0.21183306572524363,0.21617136422327407,7.077186334561545,4.346727261364917,-2.431361875730916,-1.9199526202832478,-0.17172180006881343,1.2015053585011113,6.568417326597025,-1.9263136159780965,-0.6475936382846887,0.8706781796600981,0.08687068797719932,9.151652156413121,0.06637901997484974,5.875429964279083,-0.012854818185756067,5.479125209614326,0.269224028347041,-0.5385940847507303,-0.8337843882648132,-6.686557188394993,-0.38250272562659765,1.2117048848123093,-3.7630304420425036,0.19050571612936673,5.8939006909097245,-4.261728952540855,-1.305584201598573
5.388239888611757,0.6323748283654227,4.01953307424239,3.264764162557755,6.024162259536062,-6.336093603240028,6.466489110175162,6.422135137499195,0.47397251312837196,0.2080511542372137,5.782012157418066,-0.7800490126666585,2.7117505357393314,-0.07535346611608473,-10.028363224111224,-2.7110050010271576,0.28810657559676506,1.6404250318306293,10.673447546263073,0.045184334718928354,-6.249556718446121,-7.707918962021139,0.2504024683301657,3.7569123547724876,5.757073255630494,-5.291429365298912,-1.29832376012844,0.6089650287173873,-4.932753383890377,-0.11436987352710815,1.5439745346010807,-2.967343496594399,0.4724006782242224,-4.375170190263839,-2.9730713250716962,0.749560543871242,-0.012854818185756262,4.77449467323566,7.161332709886644,0.12277344754400077,0.17356988106816262,0.24231143043875691,-7.825455173456644,0.24326567634569407,5.593014781000874,10.399626355819848,-0.07200142569680235,0.20533519335481554,-3.8935887765717023,3.5059075409385576
-15.933019444532565,-2.7623829412136165,-0.7556228866869306,6.482059049348469,-11.959780182562415,2.5461734914837724,-6.915283894873294,0.3094059776014918,4.744761221440661,6.952580582640704,-0.3518889419455506,10.308010503119403,-6.668888096679126,13.716483575933488,1.5647973101389987,-4.6427404648276,6.250414488115673,2.3004244280333586,-0.8040581932465121,12.519047852604203,-15.018774534945175,0.6721166309901988,-3.876576459466253,5.460329893121164,-2.508515868722254,-14.664124649268174,4.475496552903215,3.614594376320655,-9.299810729533847,5.931757028530355,0.42318056658359465,11.44899746465471,3.0151896056335863,-3.7015281285717943,-1.8664069848886315,-1.3935404557764877,5.479125209614326,7.161332709886645,5.696202432226655,3.665791072163163,6.717308790225296,1.5441753295425795,-10.802886152034338,4.563151874999724,-2.8028880412441683,-14.448869197979958,-2.4179017209208933,5.429446997314052,1.5665559276738046,-8.469218368156707
-2.176878138499166,-0.29813161435130187,-7.72322984145621,-5.730295572919451,2.0551470507005374,-5.240762024975162,-4.008158620111406,-4.860761054827735,-0.0077488877853902904,-0.5016893183289315,3.4268597798350164,-5.30304701855739,3.203448700604792,3.7572308775578938,-7.665264952028768,7.309831271863992,0.5694280317153979,-0.6773971073164337,5.562082004700052,-5.430722312804251,-3.5874840854158663,-5.531774624768007,-0.27449321722236775,4.516405466866476,-6.086271363398624,2.980223883572285,6.148400462860456,0.15087379557788982,-2.079611524910006,-4.009090915558745,5.043347269117438,5.261509762372642,0.6444253847239313,4.945630348338471,8.464572108506218,0.3897860941906428,0.2692240283470413,0.12277344754400144,3.6657910721631635,5.9288441480230265,-0.3640294337642874,0.10686326024126036,9.980612309717692,0.6262260533123478,3.9720775485150317,0.44225723871232614,0.09816091542095273,-0.1615943014002299,-2.5756673334883433,-0.0054459915646184465
6.627450268244523,0.6872453429139209,8.4839696778835,0.9941148081858672,3.9640792850058446,-3.717526520016359,-5.041365495752379,-3.5764360206301444,-0.35581781020109865,-0.006494397097150384,8.440135229505534,-7.071681706288995,0.10504725093736433,2.3255986632019106,1.1041501636708233,2.7397562612270456,0.13753386197422068,-2.5448889564064654,0.3728183135302762,-3.765753040054586,5.074299353199321,2.8160287827042083,-0.055589968665097245,-1.3474038225620149,-2.037279284930241,-1.0726763084589426,-7.879605476922802,-0.9722273570696122,-0.2634636185952969,2.5263118550220804,1.2595846261758665,-0.3943112055057387,-0.4119306476317961,2.590006777198046,3.786175520341791,0.7611640262846731,-0.53859408475073,0.173569881068163,6.717308790225295,-0.36402943376428665,5.316991493914731,-0.4494565935231647,7.227933589996075,0.06723031116707057,-0.7068104325686676,-4.346921227199058,0.1479635258704715,2.255058623647946,7.409365070664431,-7.242910223662546
0.3684342370063875,0.1422684821096216,6.289135640683358,-8.445845747614085,3.2638846265015258,7.538103612925124,-4.9824729218766075,2.9306108469322014,-0.29358511341682225,0.2532365090218235,1.5204114446772263,0.30425201129826207,-2.0230999581957,-2.169279186078361,3.2328323254966036,8.875021870539562,-0.13468591471549252,0.5349002297060741,5.951384291545972,2.6975351764609994,-9.220348264506905,10.670557999039252,-0.157728552442979,3.7666459650101647,-2.967260171792798,2.2146653869293846,0.8923034118113475,0.0687408138424348,1.4374822822400022,2.1816504218685675,-8.421707792689123,-1.1903138862971832,-0.09917589969198687,-7.754124429416021,-0.012881357451593356,-0.47292671008598,-0.8337843882648136,0.24231143043875747,1.5441753295425804,0.10686326024126112,-0.44945659352316497,5.195531214990965,-1.5338586770869238,-0.006157308974031883,-3.1086084119250468,-0.33910104696235255,0.12005297101723722,-1.6303924470443663,2.0613038410562297,-1.9950065661401557
-11.787355651428312,-1.493757324378237,20.456906402093544,9.061866155285651,-3.513271686110599,2.967226218599824,0.0934363836661582,-17.372778086399467,0.1327726661750532,3.4967484457435822,-0.9516112562040286,5.921976049543838,-11.307277004452665,10.816279675595151,-8.326320200185503,-3.795728156342263,8.332928772610597,-10.182489673342983,-16.064046523676605,-2.8345886053115135,-5.355269039700197,-4.709946617287259,-1.439911458219581,-6.912537968207727,15.82918182453172,1.1555347799847802,9.12810802479231,-3.445208801458138,-5.6876378027999115,4.881741339140056,10.52247232663393,9.029256283729246,-3.978524708586403,-5.117705595061614,5.386855946818488,-8.081485251416092,-6.686557188394993,-7.8254551734566435,-10.802886152034338,9.980612309717692,7.227933589996074,-1.5338586770869247,-2.506887568025591,3.627411617877213,-3.893547550053336,1.2016166324248987,-0.6424377551711331,12.727711075231799,14.308961930078237,-3.581012213512681
4.254881920342953,-0.17918461487673204,0.5775833754788977,4.995033297723027,2.922524123731668,0.6736495971693047,-0.44063123533183224,-5.120715315093733,-0.2964197882890266,-0.31787057325667056,6.131691179417327,4.186733650866891,-6.210473707877218,-0.9376232663397617,-6.334089353309238,3.894633714833116,-0.3227114130538221,-1.0525910089659554,-3.439415271574054,-1.6485572041996648,-0.9814170645861284,6.9801616880379065,0.38187060259870415,-4.273679753699523,-7.0345826883662905,-3.9908021013805506,-1.3830027570311527,-0.20368506369439277,0.4797644891286469,8.215604399865233,2.0693501997593162,1.3181444595858318,0.5105423137578389,3.3120111834362223,3.982460807514024,-0.3344073265128118,-0.3825027256265974,0.24326567634569352,4.563151874999722,0.6262260533123476,0.06723031116707096,-0.006157308974031217,3.627411617877212,5.582854195815193,5.311526522997042,7.3085835878789585,0.26011272135902186,8.0703727864927,-1.1587067187708426,9.926133486897587
7.298906384918693,2.8653374161918848,7.348923035626104,3.817499512863671,-8.981646784923957,0.2908588528186062,9.503228532291395,-4.861082148764435,0.8850488884317536,-0.0015945207335030798,-5.928797912539434,12.993702136695191,-3.987558914488915,8.086920526195271,-0.006035686766314052,-3.2886031412511856,-1.7754677464371185,-4.15121594503526,1.1654493214727613,2.0555005166947153,2.661308553242157,2.338103774333672,-0.46943495755829684,-3.3437236918532682,2.808401944205435,-13.11142378912158,6.768321806876578,-1.9958077595404276,-9.2403824251314,9.864132081064753,6.638565828517291,7.459458833249852,3.190267870921477,3.9711830116087605,8.111935986650492,-0.6295708008981049,1.2117048848123089,5.593014781000874,-2.8028880412441683,3.9720775485150326,-0.7068104325686682,-3.1086084119250463,-3.8935475500533365,5.311526522997042,-5.150275584409485,-1.806674862223841,-1.4215042653002392,4.087738964194441,2.2027027834733346,-7.9361312434683375
1.8768305444094298,-4.519090955728993,9.10922042121179,6.5050265641109535,-0.619197055572281,5.969460886805648,13.084999999894826,7.060141145667631,3.0428892702945554,5.4609688808375445,-12.705324807252792,15.852300141354917,-1.4127127861397444,-3.4387467301362546,-2.6972653878130193,-12.189294669243678,9.634015079213743,4.60519135676563,-8.22025508551398,6.139589076762114,-5.905922104135537,0.5054685692624055,3.9238982719992195,-3.961411680394719,8.641461332492218,-8.780401921467528,-1.9247353162520873,7.184408234862071,-13.174931218152498,0.5708136593670631,14.877459090173481,-3.8571144963195945,-0.042251470900383725,8.405759007359629,6.314269637566764,1.7033625954981464,-3.7630304420425045,10.399626355819848,-14.448869197979958,0.44225723871232625,-4.346921227199058,-0.33910104696235177,1.201616632424898,7.3085835878789585,-1.806674862223842,-3.057236436816213,0.11425968531352354,7.933447082314066,11.139078075069664,2.5375656854471336
3.15821083954288,-0.4224361917871082,-4.1294944186771865,-2.227733414356742,3.0168046414869827,-0.15929487803136522,-3.3766528092328096,-6.387255371400553,0.1638831465507397,-0.10520441969288175,-1.1538704783982865,-7.286792608534559,5.320387900409549,-7.5966708088625845,2.7814190646232793,-6.398905359096503,-0.5750458242180158,5.5451337252440736,1.945633238489281,4.095552280573574,-8.213363889493083,1.0986262458667964,0.06343951430984784,1.322205847164539,3.755542550873296,0.4445640699184159,-0.8383153328218117,0.20912143230377067,4.910610126306891,-6.393059913787644,-0.28746876651591374,-2.8368268092086826,0.09836925233111743,-3.388763941508364,-0.9293430492067112,-0.12765307808936854,0.19050571612936618,-0.07200142569680335,-2.4179017209208924,0.09816091542095307,0.1479635258704718,0.12005297101723733,-0.642437755171133,0.2601127213590209,-1.421504265300238,0.11425968531352318,5.959117746109708,-0.9514541739297635,1.272038348299369,7.914592190485069
0.048845499967852035,-1.235105375851724,-4.193525001226359,-4.56056993216485,-2.9511489264140924,-11.251705295884216,-3.780028099160286,-2.639599606335852,-4.429983195547126,4.114334561104574,10.21712920225555,3.525018090505314,5.376835607882651,-8.691742005085583,5.011063912147687,3.2061350237466093,-1.94621338419079,0.8611416590901666,16.476505748681625,-12.56618687219975,3.5201583466700233,2.6613669607198798,-5.450161642644668,7.9914576158784705,-5.76083489054322,7.495416704365265,-4.92877501022414,1.0108949581862396,3.4940098573080194,-12.903981934220536,-0.5773666140526709,-7.67793919578925,8.671676402466021,9.335826871616778,2.1887735236158132,-3.9220516962541194,5.8939006909097245,0.20533519335481495,5.4294469973140504,-0.1615943014002298,2.2550586236479466,-1.630392447044366,12.727711075231799,8.0703727864927,4.0877389641944415,7.933447082314067,-0.9514541739297638,-14.38341615165573,1.8193878628625835,1.1107785033701199
-1.2348827136951135,-6.323686916607535,0.8389213417735525,-7.464127161686618,15.83801514570321,-9.286158499851995,-7.290833887263234,7.599518163537795,1.2441358111120802,0.8272006256452513,2.4445727741312204,-7.774572810407372,-0.3827300853890395,-4.71511456260182,1.0713218397198967,-1.8328597748225417,-4.794606093989427,5.5513649665127875,2.3081497187368547,-5.973426704176916,-3.5453345033870978,0.42270825881900775,7.535072268076104,5.632439442959359,-14.075202659454007,-2.1695687306973963,-9.1426536052282,6.187177996342293,5.060628293535953,-16.439595587526924,0.1063994523072874,-3.4134972782404702,-4.983721728012407,0.326996934719639,-2.258303806364009,-0.24797734444055664,-4.261728952540853,-3.8935887765717037,1.566555927673805,-2.5756673334883438,7.409365070664432,2.061303841056229,14.308961930078237,-1.1587067187708433,2.202702783473334,11.139078075069664,1.2720383482993691,1.8193878628625826,-0.776715910142995,1.7592931196715185
-6.843915207981866,5.043101191175985,10.217361954224584,0.7381151704166309,6.034917222484036,7.843013958842406,-0.6917191802558025,-6.759635765119622,5.724265428252391,2.2979335765168356,-5.474898830427032,8.873502419744709,-5.066769620289554,4.838179115358112,-2.1561615700046284,-4.893943763567107,-0.1879980690709745,-0.8195596366564879,-10.7319880668916,10.307477045158858,-11.08664595098004,-0.908899097258352,1.6471470655236395,-7.340261933657863,12.852750713010016,-4.2758381111693184,4.735603680110918,-0.8618120508041525,2.9997934427975435,16.784325988621752,11.202963189404956,13.03064958691139,-2.6401726601688513,-3.893535123583213,2.834950392940585,3.068103279013671,-1.3055842015985721,3.5059075409385576,-8.469218368156708,-0.005445991564618113,-7.242910223662546,-1.9950065661401557,-3.5810122135126816,9.926133486897585,-7.9361312434683375,2.5375656854471327,7.914592190485069,1.1107785033701192,1.759293119671519,11.896163665641591
