n
50
c
40.55377853920857 -204.83983963249173 -133.6780061227136 -189.6707633030612 -146.1283176691407 -233.72955984735378 6.291685573585322 30.581279445970356 -202.25686967604085 -7.7009699882445695 -199.96200801510287 221.56856137592996 4.104494710776115 157.3911244368093 -135.7573863146896 -173.17222475215766 194.74542139748917 148.590072161143 12.35549492451778 -17.649102889939016 -153.6187218754268 0.3408871052375262 -6.135036002599339 -164.6637051039931 148.27965026664032 187.4903698731438 187.72881424053756 -190.64136781399165 -3.135312175478193 179.80425987787535 152.8338718689748 -12.979954904217022 6.324973669994512 33.18594958793325 200.56126377227696 193.9427242974253 168.72337524505193 149.37634263096595 180.64968840764672 -156.75523755445863 129.39942076009206 -185.87877575142267 -108.40460231363161 217.5270256288613 15.441890679473254 -144.4422741772722 -172.43094564460935 34.831657042295056 -28.468791957346504 150.84169301272493
Q
4.987422912756813,0.8941803759695117,-7.2155439504066905,2.547420733962075,-4.951623936147235,-4.999523954098959,0.39096906046155,0.24053336975001716,-4.382965096880713,0.010346691933262764,4.936664249895511,1.808579064072268,0.10153996374261154,1.7443113811810598,-3.5311252304307557,-1.0582858667867805,-0.287341338734036,1.3534072522682739,-0.24845920651192333,-0.139972108657058,-6.025758679072277,-0.29150534776152676,-0.30339653351476215,0.8371775690413823,-9.192113258113007,-0.026746091687244122,3.503394732031172,2.0588078903550624,0.3844827487260817,-1.5276881089200347,-7.077575944509067,0.06667266758345736,0.14936719052422565,0.24027041206345087,8.473561160736566,-1.3158328089988016,-2.788067378616202,1.6418337634090614,-8.697001243269202,-5.266240083552695,-9.864934394156498,-0.7059481711699704,-7.400524409769688,-0.9694519230810678,0.08216651782527429,-3.8811044434918562,-4.217796258418858,-0.9902872149590805,0.17433368215730077,-2.3659951922437132
0.8941803759695103,8.895777039928427,-7.853806892826574,-6.7098594925195405,1.8648434822231401,-1.2557812095164267,2.934211399575102,-0.1616517722288327,5.170097595537127,-5.46943863622255,1.2522703814560852,5.051642353674562,-4.194073622189642,12.3419491122499,-5.988033178615796,-5.254019275695875,-3.537909462800316,0.1938736170679446,-1.4011920346729627,-5.309782117362101,0.1402950626324544,3.873189403007374,-1.6428991128946353,-6.131098238903356,13.122421168515514,7.533285115928157,11.042119232281683,-0.27227610217815873,1.4466820269002878,7.7614694945376925,5.374471567238162,-1.0521468065963684,1.2522239490278353,1.792200663509187,-7.886824021581745,7.9772025950139165,10.898439390467493,0.2604783213607391,13.152247972345963,-0.7659282774978524,3.519564828293787,-4.710468210134897,-14.121008229052736,5.561864473333437,-5.389264795172395,6.044565946298416,-12.561819870009485,1.713238953296649,-7.037125383318431,12.548474186765562
-7.215543950406692,-7.853806892826573,-6.805065067105523,-1.5527747844566524,-5.1253881412054945,-0.7647951738554052,-3.1354570912445547,-6.948621181707845,-4.450883658141823,3.4657265347521378,-9.03662961000152,14.821816359693347,-5.408525053915727,-2.873375615075506,-11.13914731833998,-3.6123477865072955,5.927448116239349,-0.8479516483178264,7.835315786735743,-0.4123212346780618,-1.7059364050920631,4.228789927078617,-2.6266702363241885,-13.51841695303202,6.101742532179992,1.1991021096543202,2.267936043105177,1.9398752615443149,0.9230553803074979,-7.556578737103872,1.168582252170236,3.313039918653663,1.1141751896505419,-3.6436309373645295,1.6675898526254556,5.231956280381956,-8.287696904215538,10.397935542934862,-5.950544615891719,-2.0789046879128072,8.83999449092086,2.9628552000448916,-2.1278481684266475,1.5333745921777975,0.4810449221390267,-5.852969617118514,-9.425086968908559,-4.084745711244111,4.044383609213913,10.080216902851499
2.547420733962075,-6.709859492519541,-1.552774784456652,11.75810858217307,-3.417792398043187,4.2988635310879735,-6.279426509383555,-8.586922806567184,8.995249385869943,2.9965183549943273,-6.1149162777746415,7.518210146578814,3.054611429253255,1.923712912912179,1.624769890504703,-3.830605867437993,14.598358581660053,-1.5602403065096833,-6.239803582975979,0.7948554256280481,-16.438128515631135,0.7883559702580689,7.608119706926942,-1.868976184660827,5.12324359676364,9.751024746456798,5.014468634055264,-11.020285740869793,7.075922956083545,7.539368089233573,6.643327878502083,4.708501956998794,0.5640102198766367,7.70052226402286,11.5807489772667,5.819017653705629,12.992255187320824,-0.37484914413704706,12.790116368821257,-10.605721439259327,12.232567251534634,-1.940346636924008,-15.059000949503789,7.839393137177601,-0.6093266512421139,-9.736425533253852,-8.05702291069306,0.9721261672583543,3.3754007169988003,12.105937621242202
-4.951623936147234,1.86484348222314,-5.125388141205494,-3.417792398043188,3.9986837148604826,-6.288312743664913,4.761556811065479,0.3367238230540892,-11.577379093583392,-2.9521274701629108,-7.730346454559821,1.640603759354144,5.39446732569178,3.587310824436814,-17.05437299184011,-5.427311343532555,5.405503105734422,3.3334831961786398,-6.4377876042035656,-0.5096209295277047,0.94192028415429,0.7386669485417006,1.0047638896713946,-1.1607139395350565,12.64903343560782,-1.9201987157616334,3.0751580880172797,-7.277549127645033,-3.2070067316803326,7.724979752200942,4.0022332798680464,-2.9064416617541893,3.1341060437406716,-2.1090120753412136,5.225299089495406,7.8284952998603625,6.804202061507528,7.58276373073465,1.175919408690588,-12.339350967305625,16.185410925455997,-5.2970976125430695,-10.55908537238351,-6.728149137282809,0.010500040888142603,-9.733223062201622,-5.256989181682193,-5.510838127698068,1.435983257300825,-4.707720925493183
-4.999523954098958,-1.2557812095164267,-0.7647951738554051,4.2988635310879735,-6.288312743664914,-1.0938254147060178,1.0296182371400742,-4.962472725011577,-1.8858368102061431,-1.3749725580039653,-1.800851071905642,4.246150766671129,-0.9010516374085683,-2.9115303392662577,-4.341486885279417,-1.6178735655279262,3.100104490605511,5.596430648565018,-8.81301384494814,-2.3833458497395372,2.0854195773511885,-3.9062741043055382,9.1529553861546,4.070958359032369,5.179443810685345,9.662793417900312,3.0382353130473687,1.869555318815494,-1.0555340822277155,1.9819569277567415,13.498071699544077,2.913895463609665,0.5252298073741791,-3.787043454663191,18.971766467601597,-1.4483951999170148,3.267937259070322,-5.5340176948959785,2.8786092102541696,-8.401439678175262,4.157801281303689,4.95818491293407,-10.887031636315433,-4.832738205696485,4.784009244539074,-3.708659824796443,-0.4366706426817806,-5.31767653825138,5.327366096874934,8.876132229806174
0.39096906046155067,2.934211399575101,-3.1354570912445547,-6.279426509383555,4.761556811065479,1.0296182371400742,5.596224964282934,0.6390969002099145,10.690824486091605,0.9907574748233271,-2.803615056864437,-1.7914218120193364,0.25805471628214793,7.029429470402871,-2.6414622225476645,1.3507147345010841,3.0643611920144616,2.3822577667711724,0.17133422086501626,0.2905959667194793,-6.409831846510754,-0.7212905011106439,-0.17322675207223037,-3.4518356118246256,-6.714909293502435,-2.1503086522633876,-7.079334100753519,-1.869005130552733,-0.14833881955228057,-5.08151581307968,3.4425705256261065,0.12074362159889279,0.42924797890082256,-0.12105707040761346,2.196822264762631,-7.5632658500207945,-2.2412891504923076,1.7157300388774464,1.832644390701629,0.9825195538346816,6.219013470712195,7.87370461531318,-8.029683587311663,-2.8314686174417822,-0.643068701868851,-2.8855138775049327,0.6112086745221388,0.07344685417956248,0.1615983494931874,-0.7968333439848664
0.2405333697500158,-0.1616517722288323,-6.948621181707846,-8.586922806567184,0.33672382305408893,-4.962472725011576,0.6390969002099143,4.587909103458436,2.8832071304166256,0.21439071004812016,-3.8275827920912913,-1.328127705090377,0.3428954121821548,2.274447647414234,-6.5844402924923955,-4.377594891815614,-1.1143868109247672,-0.3490507287642334,0.13944113111533207,-0.062390699774286684,7.532804309500721,-0.7054162612113513,0.0186168753583833,-5.7378182305034064,-3.9416919625184375,0.7735166531224342,4.804284261308294,1.983005190597165,-0.2543541508511553,9.511262221563513,4.693223229192301,0.36020910011325225,0.3211432685868529,-0.672626855839557,5.524715761926558,1.347911227918614,-5.464395099551684,4.021748583153161,5.038902202828137,3.9047897717171445,-4.316679537166943,-7.9357098512561866,2.6965036637400184,2.034914133178419,-0.16151447233372068,-3.0116151682207013,1.9882202355412633,-0.29601982809296307,-0.6827309188599691,0.2779415757472735
-4.382965096880715,5.1700975955371264,-4.450883658141823,8.995249385869943,-11.577379093583392,-1.885836810206143,10.690824486091607,2.883207130416625,0.5258426381914818,-1.3284721190066084,-10.734901641409413,3.411106164866083,0.5654685621634139,-2.2073583710955798,-11.495169403844692,-3.2753439911581212,6.599282326438489,-2.378760982161826,6.210809177161461,4.357374168186574,-3.9982196128061274,-8.391744696451514,-0.09027373863791677,-0.044577741816552,15.188637005348495,5.733446109528525,5.779638541198905,5.281161998323012,-1.4737250356560847,-0.2308662066392535,-3.33076997688084,1.8551700829504063,-4.101614360253652,1.2821095941476692,6.9482224105028845,15.38499852276672,11.77678454116216,8.863519887346444,12.939611466268163,-0.9352013714120584,6.7758678200497275,-0.8439445232402153,-7.539404149019565,6.852095326339367,-5.145206764747171,-0.156771671745499,-5.353673724744786,-4.388995427219002,-1.046869319395621,3.152332771687036
0.010346691933262486,-5.469438636222551,3.4657265347521373,2.9965183549943277,-2.95212747016291,-1.3749725580039645,0.990757474823327,0.214390710048121,-1.328472119006608,5.04555304220781,-2.9586493675123715,-3.0485553595378736,-0.39011538623942066,1.9664589244038289,-1.1404942119041057,4.443462836558668,-2.9944049778622905,0.15723257220978104,-0.11500544893463871,0.16981640004282006,-3.1082746727565898,-0.06354479138173924,0.09290004155489395,3.5188781055983083,-1.6412574235106707,-2.0948292789993905,-0.8594465072601564,3.322573043695683,0.4190964780716113,4.086087841394461,2.733823940487906,-0.03107521130123357,0.15060677284815238,-0.06138975369745758,2.2594034953216258,0.6381656207568286,4.590304506608118,0.03399793542134644,-6.571217177064284,-2.655743615192621,-8.158919992069897,4.325934012245719,2.532045295504821,-8.460191515963324,-0.00912833610632413,-3.8930710023628885,7.639855164494349,0.24535108792716798,-0.43011580911621583,-0.7445358685611771
4.936664249895511,1.2522703814560852,-9.036629610001523,-6.114916277774642,-7.73034645455982,-1.800851071905642,-2.803615056864437,-3.827582792091292,-10.734901641409413,-2.958649367512372,-1.354289163415734,3.0558950509507796,3.3703819379052042,11.161005029296126,-5.763689072166594,-8.005630964438927,14.169751457410838,16.01557068852388,-0.7701708890399686,0.9479246588104178,-1.0738315937983811,-0.7655451029496945,3.5692531863675128,-0.2664667689345214,6.460859252392123,8.092014515944559,6.268277746580945,-3.234098198844513,-7.741987607939128,5.636460337434031,1.173770948516117,-0.0003270478180811276,0.29772364716844346,3.0149406906470384,9.280237088824176,0.33159927134869893,-0.9345157544268171,15.637628807426687,1.8505555075423508,-12.153500581170118,5.5931894132459306,-3.8994033969945794,-11.589836017492903,-6.232943646547125,8.620212831879275,-10.470063673178668,-7.653574094129563,0.24607445751462498,4.2561583962457785,8.639024399429438
1.8085790640722668,5.051642353674561,14.821816359693349,7.518210146578814,1.6406037593541463,4.246150766671129,-1.7914218120193366,-1.3281277050903781,3.411106164866083,-3.0485553595378736,3.0558950509507783,-8.064161596008509,-4.6975052645597835,-1.5167144304831657,5.084476990435982,9.680216999827676,-6.469024310621849,-9.420153831256924,6.994499735145723,-5.575995863526578,1.487168462613123,7.520029357002787,-2.400545981023427,6.131964259130999,8.213130525825292,-9.314979133527416,-14.814190125909846,-2.3722044838378897,-2.4565374130459645,5.587965673933368,0.783508032212076,-3.330130164388356,-3.85982608556048,0.440326406854882,-13.514092389607104,0.24066676105558502,-10.06634390343875,-11.747580828931714,-3.1511917356363943,-5.238793303072092,2.4996009057095754,4.620715587069524,3.119356601612399,-5.157900908057368,-2.8488537273548955,-1.826739993407589,5.16710199284938,-1.3126819398823675,4.887010330135664,-2.8893213205262094
0.10153996374261065,-4.194073622189644,-5.408525053915726,3.0546114292532556,5.39446732569178,-0.9010516374085674,0.2580547162821477,0.3428954121821547,0.5654685621634145,-0.39011538623942066,3.3703819379052042,-4.6975052645597835,5.83643483878824,2.220074482737934,5.91307847281967,-1.8156194725047297,2.1704687166512735,-3.0819144502323255,0.8382405152062493,0.32596551162937737,5.429145583612577,-0.003976107375562865,-0.6393262893808036,-1.7001405239929273,0.9193400412184222,-1.0428673175085188,-2.9384443132742533,-6.598643759835349,0.26059774877799763,2.2011773572872504,1.387816001681666,-0.19366014578092922,0.17352897043528204,0.1426188026423063,-7.204938217056813,9.750108277317556,0.6430738880805393,4.454006937961187,-7.031680587277537,0.5170372187436363,5.083398923839873,-1.1443024665222128,-5.232867112239646,-0.6372262557924702,-0.2537095805591451,-0.4175040426480281,-3.917276536404282,0.4561965611393549,-0.08522330143195955,-2.0641166601188
1.7443113811810607,12.3419491122499,-2.8733756150755068,1.9237129129121793,3.5873108244368135,-2.9115303392662573,7.029429470402871,2.274447647414233,-2.2073583710955793,1.9664589244038275,11.161005029296126,-1.5167144304831661,2.2200744827379353,7.663806612940202,0.16738153046270865,16.969565221637126,-4.655442001958256,-9.481548582700942,-2.442050862339642,7.895952067044268,15.334285985150506,-1.0922858308907886,-2.9075968765948144,1.6729272055642577,-14.21314533721153,-11.939881447167593,-1.5054359645984516,1.0310345028578094,9.51976585503634,-14.835040708462161,-2.0647315019467998,8.066860555122062,1.0351220564994728,-4.647585017581924,4.310659730508331,0.7968040938613999,-9.387890718783037,-10.527563141646116,-5.884059066915981,0.5023070269197714,-12.734662469290138,9.329297159387359,9.066692730632473,-12.250890640728112,7.534982566131589,15.123080422635084,7.604491028247655,-0.9747199010456272,5.007856386784226,-15.458180577839444
-3.531125230430756,-5.988033178615795,-11.139147318339978,1.6247698905047046,-17.054372991840115,-4.341486885279417,-2.6414622225476654,-6.584440292492397,-11.495169403844692,-1.1404942119041057,-5.763689072166592,5.084476990435982,5.913078472819668,0.16738153046270876,3.964741566445605,-0.4959256696784402,7.434208724064522,9.033604591038493,5.001266973155567,-0.7496115663329996,-2.6552109496661735,-1.7904936111026242,6.116766610630334,-12.166275976748556,11.838325214929746,0.99517845238056,4.733236265316675,-2.219570728827392,4.971630741979515,6.750858554442371,12.840361776913618,4.445427900853243,-4.915056097561987,2.881596060955023,4.824707266756309,2.0769606651554366,11.757192381212793,7.963148842769794,8.831312998330445,-0.8115037127080722,15.346965597761164,-3.055369271613678,-9.009670907326909,-2.1599794923374604,-1.9973295416414478,0.19027679152075994,-3.387164682855836,-8.188752454187577,-2.9798506072034217,1.9026553892053157
-1.0582858667867807,-5.254019275695875,-3.612347786507297,-3.8306058674379937,-5.427311343532554,-1.6178735655279262,1.3507147345010835,-4.3775948918156145,-3.2753439911581212,4.443462836558668,-8.005630964438927,9.680216999827675,-1.8156194725047285,16.969565221637126,-0.4959256696784393,-0.463445550763784,-4.943274535311478,18.134637138023287,-3.5657102776056893,7.198200397449592,-3.474543500190665,8.970090276491396,0.5165593710727191,-1.1459115500451436,-0.09571299200036815,8.958313564678924,-0.8563264077235953,-2.498387042631779,-0.10438291449490872,7.871256710879042,-6.0845640480786525,-3.8929912131893305,0.7037644811951485,-4.7211163003687835,10.782973241478242,3.6781575980841463,9.705033341382698,-0.5732456621306379,3.82718382672601,-11.79819504961516,10.576537630141742,-5.60320468659166,-14.059274393925477,-0.9591324606184926,-0.1684100107783979,-10.879549180450299,-3.2909369734512275,-6.311050905439436,-0.8778526973198351,3.4469936120278772
-0.2873413387340351,-3.537909462800315,5.927448116239349,14.598358581660053,5.405503105734423,3.1001044906055117,3.0643611920144616,-1.1143868109247665,6.599282326438489,-2.994404977862292,14.169751457410838,-6.46902431062185,2.170468716651275,-4.655442001958257,7.434208724064519,-4.943274535311478,5.710440369308721,0.9176922631576951,-1.4555875305210613,-9.721750555172473,-3.7477009756481214,1.1778288487967739,2.880858559016658,4.120656311314951,-5.860648700529446,-0.5673979296805622,-6.108033888704615,2.3040173857315778,0.43214896278371084,-10.317080405668033,-6.69399594003003,-4.890306343508325,-3.798379402303958,9.359052937050759,-3.1241816009420322,-11.178528566185385,-4.881738166057167,-8.133695474757346,-6.6939628195123895,7.008225909917786,-3.574489610878628,-1.7371773741597627,-3.9885552094375876,-0.5422629537851398,0.9699458602070021,3.7135008758959858,2.408808228624295,0.11380126077685082,3.105671276249158,-4.066423353562797
1.3534072522682732,0.19387361706794437,-0.8479516483178265,-1.5602403065096833,3.333483196178641,5.596430648565019,2.3822577667711715,-0.3490507287642327,-2.3787609821618263,0.15723257220978082,16.015570688523884,-9.420153831256924,-3.0819144502323246,-9.481548582700942,9.033604591038493,18.134637138023287,0.9176922631576947,0.8240982875642207,-7.656698182154943,-1.4934664440249423,5.545302783399215,-1.8749612875229078,-0.7131393395030432,1.0222376538886486,-6.683873271443125,-6.74015882949376,-1.9898411563284457,16.20568440372538,-3.61074821317596,-10.931988695596017,-13.092034808193015,0.19647708946407866,-1.1363287302324883,4.2003346055060105,-1.9563762534912752,0.14823509421258468,6.283139752886517,-3.818484027259529,-5.109987774631695,0.03332373607716049,-8.54511795264003,8.14663054603835,-2.0308248173900703,10.628216368371028,-0.8689730576178607,-2.095083434190739,12.937637196428753,1.1558342332693345,-3.554629886995707,-0.3039231178205203
-0.24845920651192294,-1.4011920346729627,7.835315786735743,-6.239803582975979,-6.4377876042035656,-8.813013844948138,0.17133422086501598,0.1394411311153313,6.21080917716146,-0.11500544893463882,-0.770170889039969,6.994499735145724,0.8382405152062498,-2.4420508623396424,5.001266973155567,-3.5657102776056906,-1.4555875305210628,-7.656698182154943,5.865296912364164,0.17750364247080608,5.280561880794059,-0.6948837760818314,0.156722029734364,-0.9233474691743051,-0.8311742304403389,-5.179311643449649,-2.3050381169088765,1.3687650794878234,-0.1439790724735669,2.865170734115405,-5.979273361152982,0.020858597951162516,0.1812792994963618,0.3986251898743195,-0.9012701397378293,-1.270679002581963,1.0432787339487108,-1.7780254086440697,5.112657422630715,-5.382780298107006,-5.729970711073493,-7.070561763697215,3.008561780444985,5.142949247416974,0.32428095678109936,-4.7113997848375995,1.5497760052911045,-0.037267524688235194,0.46149984132431143,-4.471174996611223
-0.13997210865705773,-5.3097821173621,-0.4123212346780629,0.7948554256280482,-0.5096209295277059,-2.3833458497395377,0.2905959667194796,-0.06239069977428621,4.357374168186574,0.1698164000428197,0.9479246588104171,-5.575995863526577,0.3259655116293799,7.895952067044268,-0.7496115663329994,7.198200397449593,-9.721750555172477,-1.4934664440249417,0.1775036424708052,5.235244506324834,2.670338667555232,0.7170030044810202,0.15392548991723043,7.911776158152729,0.4726999259089987,-4.74725376020262,0.3963606250580189,-1.1859472907821023,-0.27689990004908593,6.8028365718162735,-3.6998416712629387,-0.08583270504447832,-0.1569783743842581,0.0703655476257744,-3.1838119397777276,3.119711605640499,-1.2727261966953685,4.793583864602569,-0.5107864506104294,2.941045684113652,-0.6764055729640231,6.119087958463299,-1.1213798709034861,-1.2632302635326558,-0.8362378759287828,1.1543055120958439,-6.611045772876693,0.8432602438802825,-0.2666331102604191,4.930907159936826
-6.025758679072277,0.14029506263245461,-1.7059364050920616,-16.438128515631135,0.9419202841542895,2.085419577351188,-6.409831846510754,7.532804309500721,-3.9982196128061274,-3.1082746727565906,-1.0738315937983804,1.487168462613123,5.429145583612577,15.334285985150506,-2.6552109496661753,-3.4745435001906655,-3.747700975648121,5.545302783399216,5.2805618807940595,2.6703386675552307,-12.606709421379215,4.858009485171653,-5.1886130856424,-7.881715717007874,-0.22590280113931943,1.9908623749754832,13.983827955930392,-5.555032176383853,10.01010558710733,5.9686007038746,2.496130991387378,-2.0746598681431396,-2.7486701977211894,-5.085230640730769,0.4364810727727772,4.566575935584344,7.353076072059643,10.006626401755478,4.6957034848895205,-10.531280260606653,2.888117411200957,-2.929068926851413,-3.630499850449049,3.477097429758736,-8.793753029753297,0.10081071550546461,-5.1611657772365245,1.9026019195064419,6.497210519760204,8.9812013378107
-0.29150534776152603,3.8731894030073746,4.228789927078617,0.7883559702580689,0.7386669485417008,-3.9062741043055373,-0.7212905011106432,-0.7054162612113505,-8.391744696451514,-0.06354479138173902,-0.7655451029496947,7.520029357002787,-0.003976107375562976,-1.0922858308907888,-1.7904936111026237,8.970090276491396,1.1778288487967723,-1.8749612875229085,-0.6948837760818314,0.7170030044810203,4.858009485171653,5.494902258484029,0.7441949683648285,-4.44679627261929,-0.052379997304078274,1.3809831503400765,3.3038901077457576,-1.197611901008961,-0.251112732195635,-1.3504007765671477,-3.2131730943465167,-0.4969102988030486,0.11135546294309381,0.9664015858522753,-1.742186095962611,-7.227814458974209,6.72035688295437,3.732665331605162,1.3629759635769736,-6.6784911579619335,0.5860055774600708,-0.36460899674837144,1.1182868278130442,-3.463510496291867,0.137003332560914,-0.9927261728672736,0.0697018615847288,0.25083433815263734,-0.2810711937125543,-1.0075687108333293
-0.3033965335147624,-1.6428991128946346,-2.6266702363241885,7.608119706926941,1.0047638896713944,9.1529553861546,-0.1732267520722294,0.018616875358383078,-0.09027373863791746,0.09290004155489262,3.5692531863675137,-2.400545981023429,-0.6393262893808034,-2.9075968765948135,6.116766610630335,0.5165593710727195,2.8808585590166587,-0.713139339503042,0.1567220297343639,0.15392548991722976,-5.188613085642401,0.7441949683648282,4.748795255505799,-5.194217498901461,-3.415370605955918,-0.282237886203317,1.0598370567797881,0.04787839074230758,0.15906579437004353,1.2723972279672904,-4.942625203183768,0.37956395348065597,0.5544895045611753,0.3232408870656226,-5.234940604733417,0.4364337427081213,8.275642624191944,-0.48321089391316374,-3.316581093449763,-9.29887522880499,-2.1131432617103867,-0.2543981148054969,2.874712970070587,-8.185323468008843,-0.06562781796391684,-2.8043271893179416,-2.7725553335928796,-0.15861873147161687,0.222449648420826,2.1546333255395282
0.8371775690413823,-6.131098238903357,-13.51841695303202,-1.868976184660827,-1.1607139395350559,4.070958359032368,-3.4518356118246256,-5.737818230503408,-0.04457774181655137,3.518878105598308,-0.2664667689345226,6.131964259130999,-1.7001405239929266,1.6729272055642577,-12.166275976748556,-1.1459115500451436,4.12065631131495,1.0222376538886488,-0.9233474691743044,7.911776158152729,-7.881715717007873,-4.446796272619289,-5.19421749890146,6.480370796760518,1.7703838208136107,13.558378710544515,8.890661083293814,3.3437236647905055,-6.07705686022755,11.966664998103179,9.866995818851555,-1.5451424072435485,-6.280770429535317,4.6137507726322395,3.0050995834369076,6.091557740708797,1.4159075617289185,1.0885444940866456,-1.5620950707785586,0.2957645495154455,8.614349062456416,-0.4623076188924915,-9.132474053280038,-3.9950576188822797,-2.526055066593583,-8.353292202144564,-5.166232590815094,-7.79990767019219,8.476080722737027,3.1360844417976725
-9.192113258113007,13.122421168515514,6.101742532179993,5.123243596763639,12.64903343560782,5.179443810685344,-6.714909293502436,-3.941691962518437,15.188637005348495,-1.641257423510671,6.460859252392123,8.213130525825292,0.9193400412184212,-14.21314533721153,11.838325214929746,-0.09571299200036809,-5.860648700529445,-6.683873271443127,-0.8311742304403387,0.47269992590899945,-0.22590280113931982,-0.05237999730407994,-3.4153706059559186,1.7703838208136098,-4.749670910105304,-15.586493482000527,-7.201991826768923,5.244718293838067,0.6906602024849035,-5.484264628425972,-7.518417169556878,3.2105579210064947,5.4466127481841395,1.9870585234174318,2.7386106595456416,-8.205019955536368,-5.641760502813151,-7.220441136934745,-18.347489435684754,5.7310055952888055,-5.310745325183941,8.419027548082852,0.5280644616706475,-1.419397761510517,-0.7271833218567123,17.037209042168946,2.180702537723926,-3.805215253350914,-0.7678995871470948,3.9389789729652764
-0.026746091687244622,7.533285115928157,1.1991021096543193,9.7510247464568,-1.9201987157616338,9.662793417900312,-2.150308652263387,0.7735166531224349,5.733446109528524,-2.0948292789993905,8.09201451594456,-9.314979133527416,-1.04286731750852,-11.939881447167593,0.9951784523805594,8.958313564678924,-0.567397929680562,-6.74015882949376,-5.1793116434496485,-4.747253760202618,1.9908623749754828,1.3809831503400765,-0.2822378862033164,13.558378710544515,-15.58649348200053,9.25066273658712,0.3083637719315263,3.974253388030193,-1.0198987374689708,-6.875251638485996,-15.112514820948757,5.302147489939818,2.0494178247870174,2.205251030250598,-16.212372367019324,-3.99938572033093,-10.912291807118613,-4.487779383277886,-9.568362390364355,10.72971243925474,-5.301870252673664,6.908564798178785,7.369712823642856,-3.513874142289323,-6.877273310657437,7.865517186055355,11.485662871307982,-4.278812947977565,-7.259713926317312,-2.3980057157921757
3.5033947320311722,11.042119232281683,2.267936043105177,5.014468634055266,3.0751580880172793,3.0382353130473696,-7.079334100753519,4.804284261308295,5.7796385411989055,-0.859446507260157,6.268277746580944,-14.814190125909846,-2.9384443132742524,-1.505435964598453,4.733236265316674,-0.8563264077235953,-6.108033888704615,-1.989841156328445,-2.305038116908877,0.396360625058019,13.983827955930394,3.303890107745757,1.0598370567797886,8.890661083293814,-7.201991826768923,0.30836377193152753,14.941669984923898,5.062150281282753,0.007895089574699032,-5.008566378024531,-6.715615368609217,-1.8169718756390005,-0.19574130120160294,1.1260765446627523,-0.3728831272374865,-11.915136657507526,-9.576940239857198,-7.7378672683239165,-6.419672703307716,-9.398462380311566,-5.485848976153211,0.8803863964119079,-4.102090336334224,-0.8973529299440661,-3.194804452748533,4.8651716258311755,19.273741240691457,1.7726972956058409,0.27758440823670494,-10.420670058850837
2.0588078903550633,-0.27227610217815795,1.9398752615443147,-11.020285740869795,-7.277549127645033,1.8695553188154959,-1.8690051305527344,1.9830051905971655,5.281161998323012,3.3225730436956833,-3.2340981988445128,-2.3722044838378897,-6.598643759835349,1.0310345028578087,-2.219570728827393,-2.4983870426317782,2.3040173857315773,16.205684403725378,1.368765079487824,-1.1859472907821011,-5.555032176383852,-1.1976119010089614,0.04787839074230771,3.343723664790506,5.244718293838067,3.974253388030193,5.0621502812827535,-13.608686230906045,7.73694958271402,2.438170169482288,6.613323184706525,-4.6005023596386145,1.6022526889914186,-1.9962113465114684,10.762550622521024,6.962347714111394,-3.731889815829626,2.2542497480372914,1.6438618176892228,-7.789779965087323,17.635869248923324,-7.111208442527276,-8.919091819352287,8.299781922558731,1.5690483296913529,-3.2818952457431534,-8.837395896063866,3.92950567560293,-8.191381090119544,8.531587441938225
0.3844827487260819,1.4466820269002874,0.9230553803074978,7.075922956083545,-3.2070067316803326,-1.0555340822277157,-0.1483388195522808,-0.2543541508511554,-1.4737250356560843,0.4190964780716106,-7.741987607939128,-2.4565374130459645,0.26059774877799874,9.51976585503634,4.971630741979515,-0.10438291449490811,0.43214896278371207,-3.6107482131759605,-0.14397907247356612,-0.2768999000490855,10.010105587107327,-0.25111273219563446,0.15906579437004426,-6.07705686022755,0.690660202484904,-1.0198987374689708,0.007895089574699199,7.736949582714019,4.649135094951127,3.7031418090105848,6.858496593352887,0.24716203349027688,-0.36869498136478973,-0.29556786794815504,1.9172148380377574,-2.0659814629832427,1.790339136435263,4.348921428290536,-2.0040255990003186,-4.4591097060377125,4.188522660461275,-0.30903566743869376,-0.44074779173826745,-3.3557195299851483,0.43150231269036543,-9.00438820591341,3.361538800107034,0.1725765229371723,-0.4536255773389402,3.9283468958252294
-1.5276881089200347,7.7614694945376925,-7.556578737103872,7.539368089233574,7.724979752200941,1.9819569277567417,-5.081515813079679,9.511262221563513,-0.2308662066392539,4.086087841394461,5.636460337434032,5.587965673933368,2.201177357287249,-14.835040708462161,6.75085855444237,7.871256710879042,-10.317080405668033,-10.931988695596017,2.8651707341154045,6.8028365718162735,5.968600703874601,-1.350400776567148,1.272397227967291,11.966664998103179,-5.484264628425973,-6.875251638485996,-5.008566378024531,2.438170169482288,3.7031418090105843,9.879678871643469,0.06897909213922526,-0.126305587242488,0.41301951291625416,-1.242435778104459,-9.727009829927825,-2.567616591142709,-1.3499428357725196,-1.5634879949004261,-9.210703448015106,15.516832446723942,-7.001852421018617,3.9843295744969507,10.400462805348392,1.4508812457231077,1.5168236940992692,-0.6086241026606041,9.730128978377452,-5.922678864935532,8.533961645621474,-10.565663277261956
-7.077575944509067,5.374471567238162,1.1685822521702367,6.643327878502085,4.0022332798680464,13.498071699544079,3.442570525626107,4.693223229192301,-3.330769976880839,2.7338239404879063,1.1737709485161172,0.7835080322120771,1.3878160016816645,-2.0647315019467984,12.84036177691362,-6.084564048078653,-6.693995940030031,-13.092034808193013,-5.979273361152982,-3.6998416712629396,2.4961309913873784,-3.213173094346517,-4.942625203183767,9.866995818851555,-7.518417169556877,-15.112514820948757,-6.715615368609217,6.613323184706525,6.8584965933528865,0.0689790921392251,2.9483347540690445,2.5437196202059775,-7.955403460127519,-5.45321835652865,-7.429489358649091,-16.390871980591776,4.31478413061012,-10.016484813605325,-5.373714975504249,13.207504783933295,-13.396023491298505,3.3470935856944313,4.7817466831212485,-5.2201480676097,3.1168134891230994,6.9936379184636905,10.539649990550279,5.618020969642808,0.20133628864258868,0.39007024079654595
0.06667266758345758,-1.0521468065963695,3.3130399186536628,4.708501956998794,-2.9064416617541884,2.9138954636096654,0.12074362159889239,0.3602091001132516,1.855170082950406,-0.03107521130123425,-0.00032704781808079453,-3.330130164388356,-0.19366014578092894,8.066860555122062,4.445427900853245,-3.8929912131893305,-4.890306343508324,0.1964770894640794,0.020858597951164626,-0.08583270504447982,-2.0746598681431383,-0.49691029880304893,0.3795639534806552,-1.545142407243548,3.2105579210064956,5.302147489939817,-1.8169718756389996,-4.6005023596386145,0.24716203349027766,-0.12630558724248742,2.5437196202059784,4.794765347025692,0.5257902615505412,0.1925676030868121,-2.2948856154656063,-0.08185219529266685,6.00415236248773,4.7018382489712485,5.271877098996968,-1.294835829337744,-2.7764535520918887,5.740665669009049,-3.6811317239729773,1.3907012268422694,0.21099353841855906,4.305381546213697,5.205223289015178,0.24760067263221996,0.23389075203257365,1.4490742150298517
0.14936719052422537,1.2522239490278344,1.1141751896505419,0.5640102198766358,3.1341060437406725,0.5252298073741799,0.42924797890082217,0.32114326858685305,-4.101614360253653,0.15060677284815216,0.29772364716844335,-3.859826085560479,0.17352897043528218,1.035122056499472,-4.915056097561987,0.7037644811951483,-3.798379402303958,-1.1363287302324885,0.1812792994963619,-0.1569783743842582,-2.74867019772119,0.1113554629430944,0.5544895045611764,-6.280770429535316,5.4466127481841395,2.049417824787018,-0.19574130120160274,1.6022526889914182,-0.3686949813647889,0.41301951291625505,-7.955403460127518,0.5257902615505408,5.19723169551242,-0.18605670135193964,0.4435061364928794,-2.4726159326387194,0.7527899612772293,1.6568820826727424,7.0750266470501355,-0.9320321503718751,-8.232317560307978,-3.9025571134693617,-1.4278570266153356,6.416650763059565,-0.08516997523447212,5.125424006069066,0.09687767609975623,-0.10651749590312609,-0.07708877460983754,0.07763040360031837
0.2402704120634505,1.7922006635091885,-3.643630937364529,7.700522264022861,-2.1090120753412145,-3.787043454663191,-0.12105707040761304,-0.6726268558395575,1.282109594147669,-0.06138975369745803,3.014940690647039,0.440326406854881,0.14261880264230664,-4.647585017581924,2.881596060955023,-4.7211163003687835,9.359052937050759,4.20033460550601,0.3986251898743195,0.0703655476257744,-5.085230640730769,0.9664015858522746,0.32324088706562204,4.6137507726322395,1.9870585234174316,2.205251030250598,1.1260765446627534,-1.9962113465114681,-0.2955678679481549,-1.2424357781044593,-5.453218356528652,0.19256760308681117,-0.18605670135193997,5.029317896849266,-4.073036444508589,-5.7837621858118915,-8.577933732684638,-6.744396554705596,1.7662245420878744,-9.08815569669211,4.2269567186435095,-6.824223497514351,-4.177719458559795,-5.404098641561084,-0.7798129005159117,-5.962910300272522,-9.915833017199517,0.2371498494195594,-0.32999690423013317,1.6188805926769665
8.473561160736566,-7.886824021581745,1.667589852625455,11.5807489772667,5.2252990894954054,18.971766467601597,2.1968222647626323,5.524715761926558,6.9482224105028845,2.2594034953216253,9.280237088824176,-13.514092389607104,-7.204938217056811,4.310659730508331,4.824707266756308,10.782973241478242,-3.124181600942033,-1.9563762534912752,-0.9012701397378291,-3.183811939777728,0.4364810727727775,-1.742186095962611,-5.234940604733417,3.0050995834369085,2.738610659545642,-16.212372367019324,-0.37288312723748634,10.762550622521024,1.9172148380377567,-9.727009829927827,-7.429489358649091,-2.2948856154656068,0.4435061364928796,-4.073036444508589,-3.2709704433350293,-17.095449989776917,1.004246995102376,-11.738858424448425,-3.034354698468352,7.778623542922283,-0.9667610193443467,3.9936749211227074,-0.8681235858984324,-8.005199093316403,3.116093899756398,5.53723739125987,4.080013753447415,8.087422420566275,-0.31693198739354056,4.730514677992565
-1.3158328089988003,7.9772025950139165,5.231956280381956,5.819017653705631,7.8284952998603625,-1.4483951999170142,-7.5632658500207945,1.3479112279186145,15.38499852276672,0.638165620756829,0.3315992713486994,0.2406667610555853,9.750108277317556,0.7968040938613999,2.0769606651554366,3.678157598084146,-11.178528566185385,0.14823509421258385,-1.270679002581962,3.119711605640499,4.566575935584343,-7.227814458974209,0.43643374270812085,6.091557740708798,-8.205019955536368,-3.9993857203309298,-11.915136657507526,6.962347714111394,-2.065981462983242,-2.5676165911427087,-16.390871980591776,-0.08185219529266685,-2.4726159326387194,-5.7837621858118915,-17.095449989776917,9.45004941262685,-9.053193310041062,-12.35478051297347,-5.46480274408847,1.4576801856092083,-11.755871654414019,12.307356639730113,3.282063653883996,-4.579876046169176,4.948195073151585,2.4075248955712265,13.989480322934632,1.4206340752027748,3.2153422792725044,-1.9563001224265353
-2.7880673786162014,10.898439390467495,-8.287696904215538,12.992255187320824,6.804202061507528,3.267937259070322,-2.241289150492307,-5.464395099551683,11.77678454116216,4.590304506608118,-0.934515754426817,-10.06634390343875,0.6430738880805404,-9.387890718783037,11.757192381212793,9.705033341382698,-4.8817381660571675,6.283139752886518,1.043278733948711,-1.2727261966953685,7.353076072059643,6.720356882954369,8.275642624191944,1.4159075617289179,-5.641760502813152,-10.912291807118613,-9.576940239857196,-3.731889815829626,1.7903391364352634,-1.3499428357725192,4.3147841306101204,6.00415236248773,0.7527899612772294,-8.577933732684638,1.0042469951023756,-9.053193310041062,0.33912473145042643,-5.912931121102504,-0.8416793390796669,0.9832194869422181,1.6249086524277137,5.117827951964216,5.548136332953246,-16.81354882218001,-3.6994005623291875,2.2845482777227186,8.26125550344492,4.743499756513955,3.066972474026013,-11.000375870690448
1.6418337634090618,0.260478321360739,10.397935542934862,-0.3748491441370457,7.58276373073465,-5.5340176948959785,1.715730038877446,4.021748583153161,8.863519887346444,0.03399793542134577,15.637628807426687,-11.747580828931714,4.454006937961186,-10.527563141646116,7.963148842769794,-0.5732456621306378,-8.133695474757346,-3.81848402725953,-1.7780254086440692,4.79358386460257,10.006626401755476,3.732665331605162,-0.4832108939131634,1.0885444940866462,-7.220441136934747,-4.487779383277886,-7.7378672683239165,2.254249748037292,4.348921428290536,-1.5634879949004263,-10.016484813605325,4.7018382489712485,1.656882082672742,-6.744396554705595,-11.738858424448424,-12.35478051297347,-5.9129311211025035,-12.235815839711425,3.600410852818065,3.5858385727936875,-3.1699632119491294,17.099626522705957,6.658863813897841,-3.8854923464276885,2.7577765823101075,15.85979559375396,0.3570116170729102,5.613686063953611,0.6765234106206879,-4.198518481718005
-8.697001243269202,13.152247972345961,-5.95054461589172,12.79011636882126,1.1759194086905884,2.87860921025417,1.8326443907016288,5.038902202828137,12.939611466268161,-6.571217177064283,1.8505555075423505,-3.1511917356363957,-7.0316805872775365,-5.884059066915981,8.831312998330443,3.827183826726011,-6.6939628195123895,-5.109987774631695,5.112657422630715,-0.5107864506104303,4.6957034848895205,1.3629759635769745,-3.316581093449763,-1.5620950707785581,-18.347489435684754,-9.568362390364355,-6.419672703307716,1.6438618176892223,-2.004025599000319,-9.210703448015108,-5.373714975504248,5.271877098996969,7.075026647050136,1.7662245420878737,-3.0343546984683525,-5.464802744088469,-0.8416793390796661,3.6004108528180643,-6.90320132721917,-2.3307277042146297,-1.5440074092240317,-1.9648344568859435,5.3722784003176525,-2.3914123819670143,-2.1871978309178646,-1.136044037696239,9.690643153145109,7.881198471191599,0.18474181894188169,3.745537457128611
-5.266240083552695,-0.7659282774978521,-2.078904687912807,-10.605721439259327,-12.339350967305625,-8.401439678175262,0.9825195538346804,3.904789771717143,-0.9352013714120597,-2.6557436151926215,-12.153500581170116,-5.238793303072094,0.5170372187436358,0.5023070269197715,-0.8115037127080726,-11.798195049615162,7.008225909917786,0.033323736077160104,-5.382780298107006,2.941045684113652,-10.531280260606653,-6.678491157961934,-9.298875228804992,0.2957645495154462,5.7310055952888055,10.729712439254742,-9.398462380311564,-7.789779965087324,-4.459109706037712,15.516832446723942,13.207504783933295,-1.2948358293377433,-0.9320321503718749,-9.08815569669211,7.778623542922282,1.4576801856092079,0.9832194869422171,3.585838572793687,-2.3307277042146293,3.991949153677667,14.0421830588988,-9.493049602343396,-4.4029978321207,6.9128506342644025,2.4432746495635183,-12.043391983945533,-8.099683534139734,-0.9006122770528706,-1.092881207377775,3.352476771573122
-9.864934394156498,3.5195648282937873,8.83999449092086,12.232567251534633,16.185410925455994,4.157801281303688,6.219013470712194,-4.316679537166944,6.7758678200497275,-8.158919992069897,5.59318941324593,2.499600905709575,5.083398923839873,-12.734662469290138,15.346965597761162,10.576537630141742,-3.574489610878627,-8.545117952640028,-5.729970711073492,-0.6764055729640229,2.888117411200957,0.5860055774600698,-2.1131432617103867,8.614349062456418,-5.310745325183939,-5.301870252673665,-5.4858489761532105,17.63586924892332,4.188522660461276,-7.001852421018617,-13.396023491298504,-2.7764535520918896,-8.232317560307978,4.2269567186435095,-0.9667610193443471,-11.755871654414019,1.6249086524277137,-3.1699632119491294,-1.5440074092240321,14.0421830588988,-0.9431074450131005,13.352671957505956,13.233132274667785,-9.539693188504458,-7.170068586978437,10.016561071085595,8.931325466390627,3.875395226708824,-2.4677382021369194,-7.125664085885242
-0.7059481711699704,-4.710468210134896,2.962855200044891,-1.9403466369240074,-5.2970976125430695,4.95818491293407,7.87370461531318,-7.935709851256186,-0.8439445232402157,4.325934012245719,-3.8994033969945785,4.620715587069524,-1.1443024665222126,9.329297159387359,-3.055369271613679,-5.60320468659166,-1.7371773741597616,8.14663054603835,-7.0705617636972145,6.1190879584632984,-2.929068926851414,-0.36460899674837066,-0.25439811480549746,-0.4623076188924917,8.419027548082854,6.908564798178785,0.8803863964119061,-7.111208442527276,-0.3090356674386937,3.9843295744969502,3.347093585694431,5.74066566900905,-3.9025571134693617,-6.824223497514351,3.9936749211227074,12.307356639730113,5.117827951964216,17.099626522705957,-1.9648344568859437,-9.493049602343396,13.352671957505956,-9.86483002698667,-7.131663048736314,9.959196443056676,3.89920424767696,3.472628635152361,-5.649811016645456,0.9482408751367469,-3.746913582498146,13.845397953871611
-7.400524409769687,-14.121008229052736,-2.127848168426648,-15.059000949503789,-10.55908537238351,-10.887031636315434,-8.029683587311663,2.696503663740019,-7.539404149019565,2.532045295504821,-11.589836017492903,3.1193566016123984,-5.232867112239645,9.066692730632475,-9.009670907326907,-14.059274393925477,-3.988555209437589,-2.03082481739007,3.0085617804449853,-1.1213798709034872,-3.6304998504490493,1.1182868278130447,2.874712970070587,-9.132474053280038,0.5280644616706487,7.369712823642856,-4.102090336334224,-8.919091819352287,-0.4407477917382674,10.400462805348392,4.781746683121249,-3.681131723972977,-1.4278570266153359,-4.177719458559795,-0.8681235858984333,3.2820636538839962,5.548136332953246,6.65886381389784,5.3722784003176525,-4.4029978321206995,13.233132274667785,-7.131663048736315,-2.9641285263170323,10.255201420031886,-2.2611402718634177,-19.27129253189883,-9.709410971963212,0.05793342524481848,6.8648501921303,3.110175920629749
-0.9694519230810672,5.561864473333438,1.5333745921777973,7.839393137177601,-6.728149137282808,-4.832738205696485,-2.8314686174417822,2.034914133178419,6.852095326339367,-8.460191515963324,-6.232943646547126,-5.157900908057367,-0.6372262557924699,-12.250890640728112,-2.1599794923374604,-0.9591324606184923,-0.5422629537851411,10.628216368371028,5.142949247416975,-1.263230263532655,3.4770974297587363,-3.463510496291866,-8.185323468008843,-3.99505761888228,-1.4193977615105164,-3.513874142289323,-0.8973529299440655,8.29978192255873,-3.3557195299851483,1.4508812457231075,-5.2201480676097,1.3907012268422692,6.416650763059565,-5.404098641561083,-8.005199093316405,-4.579876046169175,-16.81354882218001,-3.885492346427689,-2.3914123819670143,6.912850634264403,-9.539693188504456,9.959196443056678,10.255201420031888,-5.104329944431198,-6.810056850158764,6.175036995681988,4.740350067194303,-0.9469875220243809,-0.9055948368974828,4.978395969528112
0.08216651782527415,-5.3892647951723935,0.4810449221390277,-0.6093266512421132,0.01050004088814313,4.784009244539074,-0.6430687018688508,-0.16151447233372107,-5.145206764747171,-0.009128336106324297,8.620212831879275,-2.848853727354897,-0.2537095805591458,7.534982566131589,-1.9973295416414483,-0.168410010778399,0.9699458602070032,-0.8689730576178611,0.32428095678109936,-0.8362378759287833,-8.793753029753297,0.13700333256091257,-0.06562781796391581,-2.5260550665935835,-0.7271833218567115,-6.877273310657437,-3.194804452748534,1.5690483296913529,0.43150231269036476,1.516823694099269,3.116813489123098,0.21099353841855828,-0.08516997523447323,-0.7798129005159119,3.116093899756397,4.9481950731515845,-3.6994005623291883,2.757776582310108,-2.1871978309178637,2.4432746495635174,-7.170068586978437,3.8992042476769595,-2.261140271863418,-6.810056850158764,5.453321812849297,-5.924623779336966,-4.850750899526779,0.30357153637039047,-0.23785817478869575,4.500253735635975
-3.881104443491856,6.044565946298416,-5.8529696171185135,-9.736425533253852,-9.733223062201622,-3.7086598247964426,-2.885513877504933,-3.011615168220701,-0.15677167174549833,-3.8930710023628876,-10.47006367317867,-1.8267399934075894,-0.4175040426480282,15.123080422635084,0.19027679152076105,-10.8795491804503,3.7135008758959844,-2.0950834341907396,-4.7113997848375995,1.1543055120958439,0.10081071550546539,-0.992726172867274,-2.80432718931794,-8.353292202144564,17.037209042168946,7.865517186055355,4.865171625831175,-3.281895245743153,-9.00438820591341,-0.6086241026606033,6.9936379184636905,4.305381546213697,5.125424006069067,-5.9629103002725214,5.537237391259871,2.407524895571226,2.2845482777227177,15.85979559375396,-1.1360440376962393,-12.043391983945533,10.016561071085595,3.472628635152362,-19.27129253189883,6.175036995681988,-5.924623779336967,-11.48730405699585,-2.444765497289793,1.5978679617532057,7.491922808604004,0.926240114987133
-4.217796258418858,-12.561819870009485,-9.425086968908559,-8.05702291069306,-5.256989181682193,-0.43667064268178046,0.6112086745221395,1.988220235541263,-5.353673724744786,7.6398551644943495,-7.653574094129563,5.167101992849382,-3.917276536404282,7.604491028247656,-3.3871646828558366,-3.290936973451227,2.408808228624296,12.937637196428753,1.549776005291104,-6.611045772876693,-5.1611657772365245,0.06970186158472907,-2.772555333592881,-5.166232590815094,2.180702537723925,11.485662871307982,19.273741240691457,-8.837395896063866,3.3615388001070343,9.730128978377452,10.539649990550279,5.205223289015177,0.09687767609975584,-9.915833017199517,4.080013753447416,13.989480322934632,8.26125550344492,0.35701161707291085,9.690643153145109,-8.099683534139736,8.931325466390625,-5.649811016645456,-9.709410971963212,4.740350067194303,-4.850750899526778,-2.444765497289793,7.435018477161616,-7.061414578015044,4.218269217398606,-2.178951718702006
-0.9902872149590805,1.7132389532966483,-4.084745711244111,0.9721261672583537,-5.510838127698069,-5.31767653825138,0.07344685417956365,-0.296019828092963,-4.388995427219001,0.24535108792716853,0.24607445751462584,-1.3126819398823655,0.4561965611393539,-0.9747199010456272,-8.188752454187576,-6.311050905439436,0.11380126077685326,1.1558342332693354,-0.03726752468823505,0.8432602438802821,1.9026019195064425,0.2508343381526362,-0.1586187314716162,-7.79990767019219,-3.8052152533509136,-4.278812947977565,1.7726972956058409,3.92950567560293,0.17257652293717257,-5.922678864935532,5.618020969642809,0.24760067263222055,-0.10651749590312654,0.23714984941955997,8.087422420566275,1.4206340752027746,4.7434997565139545,5.613686063953612,7.881198471191598,-0.9006122770528703,3.8753952267088234,0.9482408751367467,0.057933425244817705,-0.946987522024381,0.30357153637039036,1.597867961753206,-7.061414578015045,5.365829982944218,-0.5937006468232249,-0.9278506499153718
0.17433368215730033,-7.037125383318432,4.044383609213914,3.3754007169988,1.435983257300825,5.327366096874935,0.16159834949318808,-0.6827309188599692,-1.0468693193956204,-0.4301158091162154,4.2561583962457785,4.887010330135664,-0.085223301431959,5.0078563867842245,-2.9798506072034234,-0.8778526973198353,3.105671276249157,-3.5546298869957065,0.46149984132431254,-0.26663311026041825,6.497210519760205,-0.2810711937125542,0.22244964842082604,8.476080722737027,-0.7678995871470957,-7.259713926317312,0.27758440823670627,-8.191381090119544,-0.45362557733894077,8.533961645621474,0.2013362886425888,0.23389075203257317,-0.07708877460983693,-0.32999690423013317,-0.31693198739354067,3.215342279272504,3.066972474026013,0.6765234106206871,0.1847418189418818,-1.0928812073777747,-2.467738202136919,-3.746913582498146,6.864850192130301,-0.9055948368974818,-0.2378581747886955,7.491922808604004,4.218269217398607,-0.5937006468232247,4.92545371206811,8.93244449014161
-2.3659951922437132,12.548474186765562,10.080216902851497,12.105937621242202,-4.7077209254931836,8.876132229806174,-0.7968333439848664,0.2779415757472735,3.152332771687037,-0.7445358685611771,8.639024399429438,-2.8893213205262103,-2.064116660118799,-15.458180577839443,1.9026553892053153,3.446993612027876,-4.066423353562799,-0.3039231178205205,-4.471174996611223,4.930907159936826,8.9812013378107,-1.00756871083333,2.1546333255395287,3.136084441797672,3.9389789729652755,-2.3980057157921753,-10.420670058850837,8.531587441938225,3.9283468958252294,-10.565663277261955,0.39007024079654584,1.4490742150298521,0.0776304036003177,1.6188805926769656,4.730514677992565,-1.9563001224265353,-11.000375870690448,-4.198518481718006,3.745537457128613,3.3524767715731207,-7.125664085885242,13.845397953871611,3.1101759206297492,4.978395969528112,4.500253735635976,0.9262401149871325,-2.1789517187020064,-0.9278506499153709,8.932444490141611,-2.3516561022863964
