n
50
c
25.17404759931299 10.224860240452932 7.716495285976236 -9.21670676210328 215.27298046795096 214.22156841103333 237.9468104793245 -214.14032027411093 -183.82159277111367 183.7558353505435 -189.71850461029095 4.077383331648207 -1.4765276781120802 2.9021345558229124 -11.90653198117702 269.706090803275 2.892611238056417 168.94056691893365 -13.173037294673348 208.4281711105009 0.45794012631792924 -0.853655488625026 4.288241102045525 -2.8267652578940554 148.00869602161458 -25.499838974733578 225.6951830727625 -2.439289982387039 17.74330819450053 -202.29126193799516 3.3884552163422863 237.4813337147678 -177.5671486271277 206.6340457550118 -9.558045406427247 -235.13057491201016 -11.171731063458862 185.97767700917498 -20.099619356840446 -192.5335018647308 -10.086299405816048 -195.48443481325012 19.363274131223935 231.99598775320356 -28.57009743784749 5.703896766351211 246.99130649791996 15.57195440944135 -222.23997858069362 -234.03576605400352
Q
5.524093821528387,0.31283176488497877,-0.15901577095680075,-0.5268974385569479,2.899783971978221,0.12169347114712181,-3.2896657212897686,2.197522125066139,-2.6359892766537696,-1.8454196886796264,0.5187609665945826,0.07893721418309169,-0.23590079645921969,0.7284642358234752,0.4422909868388788,-4.033415512618125,0.22831900346231893,7.3999764536780255,-0.574834806752837,-3.2629999722789855,-0.024147120520421228,-0.2353894577521847,0.03828711635730427,-0.3366219620480023,4.258410573103771,0.01242733828124365,-5.472341193763035,0.5723366107735063,0.7414524460562287,-5.04963421043589,0.6234589579632551,6.273206787809069,-3.4737575071844686,-5.444377448217152,0.25682289410997294,-7.995480054585201,-0.27341057138690356,-6.688867987761593,0.6392183280731387,-1.0273688563261412,-0.31496251247091744,0.6412000241401019,0.4857426903865689,5.496796017825499,1.2809768473136542,0.09188767609369997,8.313849285845167,0.06919921557380676,-9.304922363446053,-2.2950157117525274
0.3128317648849803,6.213018827192792,-0.36816215280640574,0.040968647922362766,0.09227071443956625,-6.275259732097831,-3.277139687668594,1.7989832336151101,7.511188081012669,9.247444497119071,-6.4170115819686,0.21911812327626135,-0.25605673412265084,-0.7413436631350451,0.8675999393555736,1.0085581620274011,-0.08090259483070006,-1.6338134993732552,0.18337310965149922,1.2221159392192853,0.3549298162704091,-1.2559763893782412,-0.3192036498784795,-0.8175958979247028,-5.599054173355978,-0.6766396215591666,5.343757514687452,-0.16579506737989147,-0.3463172950507053,-1.1517366289162732,-0.1882570577577623,-0.8249506663882595,-9.89053493327599,-0.4093339695155115,0.4000919118519364,1.141805098082946,-0.3555097804065241,1.6286112399808583,0.2930060157369674,2.31632452898615,0.9266664093295885,1.2285904289117577,-0.19915890544950926,1.2816166163676928,0.060981471275348254,0.7403451389235203,0.6896416037925962,-0.4612473864912292,-8.643570922174288,-2.3979189632647135
-0.15901577095680208,-0.3681621528064057,6.487631458652414,-0.5537739864462824,-5.4092498953840975,-2.384633951163979,3.4537454636777976,-8.041538462103023,-3.4594758335703624,-7.433374157886425,-4.470681000023195,0.6182908889700738,0.30296249775046846,-0.8611398643699641,0.21854611370657295,-6.089220353820622,0.379838007079464,-0.959568761525779,-0.45617855409545627,1.3794688692070791,-0.5635158539660992,-0.602972122607842,0.3966754147624318,-0.18818274941601132,-3.4946245610550077,-0.38793007224454845,6.287002219120758,0.02314065378901231,-1.25729607272543,3.606186703271713,-0.09347230347941188,-6.224974890941012,-5.212624046813,-3.839942469397609,0.5374465444098935,7.605461254477813,0.0818816355927034,-1.5482431803215086,0.06133618972966959,3.879840968151569,0.6123588696846775,-6.556470163156699,0.178224513930199,8.363215444341876,0.5031221764339329,-0.298790746756948,-0.6076821809184905,-0.42716809179327064,4.698758932076023,-4.947545673229766
-0.5268974385569463,0.04096864792236232,-0.5537739864462825,5.814144305807538,-0.48414469447493524,-3.6175908701440016,5.737358973089509,4.853046299004125,-1.186050365405762,9.400576463342809,-8.697744134527127,0.6784215122130879,0.8124258098597461,-0.11414892555482692,0.49633015695043303,3.4579707293437885,0.3471751412669632,2.5291530654486594,0.31714207230633873,-10.387298075098483,0.011331096349304959,0.0712521303662812,-0.5214914683612878,-0.20394788038694242,3.639643900988317,-0.39862015529623307,-0.6749150706488514,0.18183655362152606,-0.169420144140181,-0.6052554615210304,-0.06364043969966737,4.91067485794051,-5.488061385396415,-9.515474685885387,-0.1974508482553743,6.370087050733875,0.23055188060499432,3.483879662364725,0.09772688494336346,-0.13228453227322867,0.1324526203291958,5.141152507610667,0.9779580719069492,2.540701592450055,0.3774382237476084,-0.10917678104941908,-3.877367272173389,-0.24506903862937934,-1.864607985038794,4.4011362404669825
2.8997839719782217,0.09227071443956447,-5.409249895384098,-0.484144694474935,7.688199907860158,-4.758876035154732,-3.3631555886927256,-1.7215812254010037,0.6416375647233513,-5.465741862464614,3.9683447756801007,7.439535883777779,-0.254624472314257,2.125265943095711,-0.41221194272989803,-0.9930136144132911,-7.361016921970625,-3.735367863490176,5.729308231132032,-16.153779324732632,-1.032301841194637,-5.996704457042455,-5.803073293597292,-7.63385059927059,1.4294687433053774,-7.005800075648532,-4.14119039174189,-0.4888887463130694,5.84036584390289,0.8001975344368684,3.5744665040820713,-3.315562599453205,-2.8590709279066204,-10.784972032680205,2.607119302131303,10.216827007819225,-10.555888035395071,-5.008080244232159,-0.14582273779167165,4.426418297788451,-3.3749570215617735,-0.42262240959776054,-6.243024226518214,-11.649358291343148,-2.612489114279005,-0.6776673620936572,3.187452805054426,0.352544868459728,-1.5943949078714756,11.828415911996965
0.12169347114712248,-6.275259732097831,-2.384633951163978,-3.617590870144001,-4.758876035154732,-2.822217912317374,-2.282936802433133,-1.9435301540842902,8.624256958387111,-4.5343111104075655,2.4774000774697225,5.061121245258156,-1.9347006481184275,1.5745549279803575,-2.3500002615490887,-8.526121676655114,3.792489415381422,-3.5723915404479683,-3.851086855047216,-6.627528143632421,2.1358741329771593,-4.650699687914412,-7.3680164054693975,-8.754409048829844,0.14072723998923625,7.302298151819274,-9.723447860940414,1.7564900598992392,5.6340164821287475,10.648328585411921,2.20874422119773,-10.713030974970465,7.088099454534394,4.843708449567533,3.404128885439592,-4.829125541875466,-4.15980610262261,-2.1022812713594075,-5.814870149009565,6.607342601176402,-2.5504659898078086,2.010376591327807,2.2301095208094317,-9.533120033850263,7.549177689959377,-3.2824359546999986,0.03502203999422199,-0.6633106073240417,5.361933614682386,1.622131007982462
-3.2896657212897686,-3.277139687668592,3.4537454636777962,5.737358973089509,-3.363155588692727,-2.282936802433134,-0.8354815491778735,6.574724635175185,3.201743751877798,-4.276074791074234,1.2336996336547936,4.727068571726924,0.48366606915850374,-4.48562385010165,-9.134119501448772,-6.121223978388069,4.024790389109531,2.8416703707343505,-1.860863488933811,-4.697713270922721,1.0491243973771645,3.860842344429719,-2.270657306541529,2.756842510413939,-13.574689345180108,-4.523959372031996,-1.9797372996341998,-4.357316100202423,4.391189923135286,16.593928018881975,-5.618481329768298,-10.585744458910002,0.602196867596145,1.3820141305772722,-5.656698245322833,2.8617560036154166,5.876395631134738,-2.753976623186703,-9.864598148414364,13.328224209642709,6.988981650946549,12.500776951439134,-6.8845791622667765,-15.027351826008273,1.8953850948470146,-0.6810487245898782,8.437270255478335,4.797096944876956,6.292455425501472,-1.2357433187152567
2.197522125066138,1.7989832336151115,-8.041538462103023,4.853046299004125,-1.7215812254010028,-1.9435301540842909,6.574724635175184,-7.482585319136665,-3.9588381972779016,-6.952891781853029,-5.675792257064816,-1.9273826645096404,-4.835700196993784,3.6775513565315534,4.227710312208994,4.981916130522993,-2.3989629241729453,2.881682149733245,1.1505867356665054,-8.835196785578242,3.9418034564653217,4.668631632483366,0.022995850571535387,6.258821552896486,10.852595180143279,5.3343630232275965,5.084384299756767,-4.705357877147469,8.381390314930714,-0.8579128491454961,-0.38805611947140073,8.124337254792186,-0.23689984149251542,16.029341106321752,-0.5227125180085828,-3.6452850583298453,9.00532082824611,4.9950851258381554,8.659638749500992,-13.951596786723403,6.952511195230974,-6.242833611013241,-5.773738832864374,2.133238168799111,1.6440854520842576,3.3592509677343676,2.152065679849144,-2.6366518809531656,-1.8555598609610116,-9.21797179093667
-2.6359892766537696,7.511188081012669,-3.4594758335703637,-1.1860503654057608,0.6416375647233519,8.624256958387113,3.2017437518777987,-3.9588381972779034,-12.026462115375946,-1.857500884228468,-6.848118282961426,-2.289489602711254,-7.19907322743126,0.1087290036323234,5.06274912164154,-0.9379020615665309,1.68430390998255,14.77527345547707,3.3284938308921785,3.2806505695437784,-4.6196785085372705,-2.307486131902519,-1.4715707915885547,-2.9762328231040103,6.568807355360785,-1.0538617913391646,-6.480323946374086,-1.7406159785840911,-6.259063180651745,-4.864786636647956,7.8584116385510665,8.829496901749803,-15.49236232525066,-2.175949404633578,-0.8916005220330279,-5.281055116387105,2.892348565493029,15.725480475381167,5.374802868573101,-5.523499276690867,-5.989024054992861,-12.366683068190333,4.796118402319787,5.022809389535565,2.2760904092565655,-6.9437729276644,5.708008335835109,1.7129525428451027,-1.9784931482405212,-6.116699822240801
-1.8454196886796264,9.24744449711907,-7.433374157886425,9.400576463342809,-5.465741862464614,-4.534311110407565,-4.276074791074235,-6.952891781853028,-1.857500884228468,11.148752753477122,-5.430878785032055,-4.842475881966908,-0.08494640685281274,-5.841901765959544,-2.529997685661396,-3.6929307984400888,5.177731139530168,-7.894569969867291,1.9686505271723402,-8.611103881208631,-6.8831700779805844,1.6906186038203252,-1.578487105271563,3.093467368658476,-8.559379184625767,-0.8813583534434932,7.207690627720516,-1.8916320244487868,5.500687331107256,5.018707526208337,-2.099955554088586,-3.9957114004687577,9.107284418466502,-4.276430942735741,8.04367732703342,12.192302522928113,-5.288738558868529,5.210028678675152,5.792671649094647,-0.09975925508615585,-2.713678110597607,2.9124344942196556,-2.491473420732055,4.934458382228564,6.447885364959274,7.477839712853897,-4.396204003738957,-2.0332241994680262,6.015670541880127,12.449695907402571
0.5187609665945823,-6.4170115819686,-4.470681000023194,-8.697744134527126,3.9683447756800994,2.4774000774697216,1.2336996336547943,-5.675792257064815,-6.848118282961425,-5.430878785032054,9.569506603235414,5.866756512812579,-0.6733875424470608,-0.04212888539251325,-5.391660648784035,1.0017161503814762,-4.708219038544564,-1.780821238752577,2.44419975323063,-5.693788414362662,-0.611074502491493,-2.9460643034803216,-1.6236752494575233,-1.5890510087794212,-0.4896661026645075,0.2581650777556528,3.1310374870666635,1.7771147606107474,-1.5129059869621984,-5.493147073545741,0.9804141221926476,-4.348675650986197,-2.3471151147087754,5.418400969681141,4.186127148815176,-4.029118105340934,-4.332852191886293,5.011479852726923,2.5033083465879837,-0.2889612201995755,-3.1760277837467643,-11.397295556146267,-3.65805946260516,9.801944829289718,5.214288454281629,2.6107630908646042,4.57116883323004,-2.507714862027505,3.4604755274654466,7.529153557504984
0.07893721418309174,0.21911812327626068,0.6182908889700738,0.6784215122130888,7.439535883777781,5.061121245258158,4.7270685717269245,-1.9273826645096401,-2.2894896027112543,-4.842475881966909,5.866756512812579,6.7455648346534485,-0.3710918475077418,0.2187868209401721,0.035068413984143953,-8.253183606894167,0.29511411354126527,2.375812410447498,0.37756024351511264,4.875926646151044,-0.34692611812993657,-0.6575573344692085,-0.3074780798590996,-0.1101245727452167,-2.2985235745050336,-0.07624444833649664,3.3318985616280496,-0.45475114839149444,0.2533173840098923,-0.13433786265401904,0.5554676904670414,-2.7156816830221233,-0.9642781723076397,-4.88336349696864,-0.006419309187489675,3.98414911766669,0.10756410152458318,7.997746879925648,-0.20965443982266585,4.236916874630295,-0.555104218887036,-8.376072560550043,-0.9933261051721696,-7.033944751587865,0.6402160426668453,-0.27005262416012243,-0.803801695016146,0.7509073713195082,-6.206235991244266,-4.650572795425927
-0.23590079645921935,-0.25605673412265173,0.30296249775046785,0.8124258098597443,-0.25462447231425756,-1.9347006481184281,0.48366606915850385,-4.835700196993783,-7.199073227431261,-0.08494640685281274,-0.6733875424470603,-0.37109184750774205,5.82759587616262,-1.100170766374427,0.4188828352019205,1.5815482056759946,-0.08536205603797942,1.296998335316908,0.6185920059903767,8.844955391968142,-0.46813490423681314,0.05263098992707921,-0.13934654488757242,-0.37232865438198676,7.485870547794022,-0.6353735210649056,3.132218934535267,0.12797685513215873,-0.2508083899179598,4.676037875631007,0.09771098092639863,2.491952631394319,6.929591383198101,4.37446912515496,-0.14886188625393026,0.8587936329217276,0.12979714930192343,-3.9481737533477284,-0.2555769976062001,-5.316718225001378,0.0791253522518423,1.2532353272362378,0.06912459726321456,1.680465887724055,-0.25313511163683844,1.025811986908303,-2.861046587045415,-0.38426502645683946,-2.7586371385161734,3.971556546229229
0.7284642358234756,-0.7413436631350456,-0.8611398643699649,-0.11414892555482792,2.1252659430957106,1.574554927980358,-4.48562385010165,3.6775513565315516,0.10872900363232318,-5.841901765959543,-0.04212888539251258,0.21878682094017177,-1.1001707663744265,6.29431979000656,-0.12267834367838826,-8.380136782443635,-0.9465032866029045,0.4769466156800265,-0.09615918279117341,7.951213561683887,0.6127899954450042,0.5906839930171449,0.04831004889677035,-0.2782148463364966,1.7159092624075587,-0.27383348364943016,-1.1897353512718254,-0.8040383864230438,-0.1567021363267239,-6.448095419458882,-0.06277808832228254,0.5141753896284009,0.26339948583225203,5.650740777084134,-0.13329833357025378,-2.423052336109694,-0.06483825975898472,-4.693048136788058,-0.34080872592179706,5.585156342537739,-0.0069954830366358856,2.8469240140599354,-0.5237450749414312,-4.122067607603797,-0.04738340843740685,0.16544057353952946,-0.9806014965470113,-0.14173991544042008,-0.06452976332987687,-6.067334994687147
0.4422909868388788,0.8675999393555728,0.2185461137065718,0.4963301569504328,-0.4122119427298985,-2.3500002615490883,-9.134119501448772,4.227710312208995,5.06274912164154,-2.5299976856613964,-5.391660648784035,0.03506841398414284,0.41888283520192005,-0.12267834367838826,6.037982249782527,-2.5011616021592573,0.14643883258060608,6.119486943396093,0.45888282599058183,-0.4282369014096936,0.5989970327919787,0.6080309141867803,0.31960003990579383,0.27201493076867234,-4.702947776604755,0.17527997748427326,3.6289545841846786,0.14562362777342353,0.2876203692136005,7.67086713727924,0.9365367246460596,0.017348663995375047,0.602053349693659,0.8687827109206027,0.2229170133688334,0.4280246584809367,-0.7337103717433573,4.217792220759512,-0.17290779631853526,0.3522277730107577,-0.13568152727805283,-9.347722949503714,0.012784467156072822,3.2555159587072477,-0.5766024235044824,0.40842433850511406,1.7731470352521153,0.7956553172304628,-4.783470802589688,4.161888631735429
-4.033415512618122,1.0085581620274018,-6.089220353820621,3.4579707293437885,-0.9930136144132928,-8.526121676655112,-6.121223978388069,4.981916130522992,-0.9379020615665323,-3.6929307984400896,1.001716150381477,-8.253183606894169,1.5815482056759973,-8.380136782443635,-2.5011616021592573,2.2026373064723783,1.647703689560791,-7.814046944192164,-0.9122779684799649,-8.011374074004381,0.1323323872981561,1.5147917670294853,-3.5191218307067844,1.5705228727518366,4.065956015730964,-0.7711573051570245,-2.7254015865928363,3.6112137470718855,-7.602879697078518,2.987419959319028,-4.331945048026361,0.566666630932721,2.5571798765890295,-9.067553289164788,2.398338531136128,-3.618904905197512,3.146002434157897,5.291397260701187,0.6253443857687904,2.285559130251765,-1.3833852833959486,2.397327832800214,3.6189470002303015,-10.077874216765439,-2.375006124232798,-2.631451206873584,-9.82471182836781,-4.062433941424203,3.7487319435559585,-3.3074994707815693
0.22831900346231804,-0.08090259483070139,0.37983800707946463,0.34717514126696447,-7.361016921970625,3.792489415381421,4.02479038910953,-2.398962924172945,1.6843039099825514,5.177731139530168,-4.708219038544565,0.2951141135412642,-0.0853620560379783,-0.946503286602905,0.1464388325806062,1.6477036895607906,6.7758624663149565,-2.0874164774054336,-0.3280868201661278,1.4763891496434356,0.2600918585464995,0.08902253680000895,0.056049496011765426,0.22056219758167273,3.6791116845400564,-0.7009045812232482,-0.5719684605317549,-0.26922329306738846,-0.31791056314345817,-1.1483129796714506,0.23652408163647742,-2.5790807956665933,7.159103018570274,5.041435705098639,-0.6455633444317042,-8.183917111804472,0.18044080185653694,4.158459903861589,0.23839628065396923,-6.131078129280098,0.6822399150551628,-1.9482459258861926,0.072029481282462,-0.67535015340581,-0.31604589619275414,0.38217098946361094,-4.0755863016899445,0.40450993459525353,2.301888739665946,7.355408556483242
7.399976453678026,-1.633813499373255,-0.95956876152578,2.52915306544866,-3.7353678634901755,-3.5723915404479687,2.8416703707343514,2.8816821497332445,14.775273455477068,-7.894569969867291,-1.7808212387525773,2.375812410447499,1.2969983353169097,0.4769466156800273,6.119486943396093,-7.814046944192161,-2.0874164774054345,0.3375560921602556,3.143049001146842,-10.944991631293165,-7.704916756372496,3.372358658011329,2.7076704292244544,1.7987202851972581,2.455837038926097,3.6988461585948658,-1.8718083477720477,0.2624442435289702,0.0445059018857131,16.827390530738697,8.221360155308215,-2.619446160290371,13.481278645644876,0.22263413365583518,-2.4448662313697405,10.001787113322196,-5.858913071354083,-12.079488495919637,4.384310479094191,14.914750032868444,0.3017991535204907,15.212600912821024,4.938432453602619,-0.8648335364011237,-6.587400330339311,7.744962196028053,-16.272284542063673,1.8460973007230363,-4.260103087209881,8.53890181546857
-0.5748348067528375,0.1833731096514979,-0.4561785540954577,0.3171420723063373,5.729308231132032,-3.8510868550472166,-1.860863488933811,1.1505867356665052,3.328493830892178,1.968650527172339,2.444199753230631,0.37756024351511425,0.6185920059903762,-0.09615918279117475,0.4588828259905824,-0.9122779684799651,-0.32808682016612667,3.1430490011468413,5.422383444415957,1.560669401223695,-0.8846254947160361,-0.11618664986247906,0.7023015051969502,-0.5147986118275758,-10.357115828942378,0.43466524329428635,1.6236447500274094,-0.6994426057590882,0.40848741885481465,7.800927955776381,-0.7062527512290184,5.473692591860996,1.481218245903828,-8.861707956369525,0.11334932863624014,-4.9711192198089975,-0.05738424455386415,4.90382003339166,0.17392221259465168,0.9123174445710585,0.3315954115444273,3.511692081547281,-0.03171062248831612,0.07209684429544727,-0.6035220784568812,0.29053841749219494,-6.307640814540133,0.5726380359422345,3.128363892437901,-7.417727276237733
-3.262999972278985,1.2221159392192855,1.379468869207079,-10.387298075098483,-16.15377932473263,-6.627528143632423,-4.697713270922721,-8.835196785578242,3.280650569543779,-8.61110388120863,-5.693788414362664,4.875926646151044,8.844955391968144,7.951213561683886,-0.4282369014096936,-8.01137407400438,1.4763891496434358,-10.944991631293165,1.5606694012236944,-1.3975973572369442,-0.5752669900839851,-1.777733817826039,0.3908034175936618,-5.884681450291169,-2.294073161043256,6.064055752394054,-8.287538988127405,-1.6853134180255152,3.1598218801768247,2.7413684584944655,1.1369639916541108,-12.903854179881247,-1.7320767872183267,-0.47092501816608834,-6.274528323425578,0.3046539694273336,5.957306154644633,-3.927074692710843,-0.355436859476579,6.198680402573475,3.7544272017242015,8.188271042161418,7.800826810338668,0.5067735131777402,10.206571602214767,0.11722259055336635,-13.695677535940007,-2.1450102921396583,6.906088286416136,11.689624451077082
-0.024147120520423115,0.354929816270408,-0.5635158539660996,0.011331096349306069,-1.0323018411946383,2.135874132977158,1.0491243973771638,3.9418034564653217,-4.6196785085372705,-6.883170077980584,-0.6110745024914921,-0.34692611812993723,-0.4681349042368126,0.612789995445003,0.5989970327919779,0.13233238729815788,0.26009185854650063,-7.704916756372497,-0.8846254947160367,-0.5752669900839851,5.9599912561259085,-0.5001504122855154,0.07210413830852175,0.006083797152187209,0.14151947796686112,-0.01627539694225061,-6.018844212000177,-0.0466967070145341,-1.0038560122345233,-3.786776947722739,-0.2536504829300576,-3.7384920904035237,4.494839665044057,-8.124646116140058,-0.3178710647111258,5.395852682393464,0.29034968155931806,1.6175868504445519,-0.19467387192248511,-3.4151154737816065,-0.2874924692624532,-2.6023238829468394,-0.828683205860755,5.799448472668678,-0.6971398599277414,0.6605537748238326,6.933424986771865,-0.11062676041645042,-0.8322023692364562,-2.1106525319078324
-0.235389457752185,-1.2559763893782407,-0.6029721226078427,0.07125213036628097,-5.996704457042455,-4.650699687914412,3.86084234442972,4.6686316324833665,-2.307486131902519,1.6906186038203264,-2.9460643034803216,-0.6575573344692066,0.05263098992708004,0.5906839930171444,0.6080309141867798,1.5147917670294855,0.08902253680000943,3.3723586580113287,-0.11618664986247962,-1.7777338178260387,-0.5001504122855169,6.122062372307838,-0.32777152712113766,0.12130437335007138,5.81767142157472,-0.3910205827040907,-2.8495867709212916,-0.28245720795797463,-0.3527365099780204,-7.906702253382447,0.10967375322335904,4.6803517945495745,0.3552002056922108,8.239774394157605,0.7622076126001609,0.48321617454061605,0.9647008256862245,4.117031625087972,0.5346624589840825,4.634569464395809,0.19441118056233397,3.5142282525954727,-0.5794859412810249,-3.756149052514382,-0.2484346273326541,0.32382638813618536,-1.5865491067731763,-0.07529807556595669,-8.22849514057805,6.967818224528095
0.038287116357305084,-0.3192036498784796,0.3966754147624313,-0.5214914683612871,-5.803073293597293,-7.3680164054693975,-2.27065730654153,0.02299585057153586,-1.4715707915885554,-1.578487105271563,-1.6236752494575248,-0.30747807985910003,-0.13934654488757148,0.04831004889677093,0.31960003990579383,-3.519121830706786,0.05604949601176501,2.7076704292244544,0.7023015051969503,0.39080341759366133,0.07210413830852282,-0.327771527121137,6.829123289797992,-0.18008671766292222,5.131286655955638,-0.025241457030454217,-1.8468750212180467,-0.05836310151602042,-0.4420822660701274,2.9397814952566708,0.1495221829165717,4.083507640466803,-0.9779608277252341,3.222546204900071,-0.16652022247694365,6.946611818770341,0.9653150590693816,1.131530037463814,0.020997879737545286,-6.480338971716483,-0.01470200948140643,-6.67143287816069,-0.22000958000660487,-3.8309725742246403,-0.09000251176537954,-0.36642894098621004,6.165104664927626,0.6647578616017737,4.340495747750788,-6.2312164613376835
-0.3366219620480031,-0.8175958979247032,-0.18818274941601099,-0.20394788038694345,-7.63385059927059,-8.754409048829844,2.7568425104139394,6.258821552896484,-2.9762328231040103,3.0934673686584766,-1.5890510087794207,-0.11012457274521617,-0.3723286543819859,-0.2782148463364955,0.2720149307686718,1.5705228727518366,0.22056219758167195,1.7987202851972577,-0.5147986118275762,-5.884681450291169,0.006083797152185655,0.12130437335007213,-0.18008671766292275,5.986897169026892,0.731016727270639,0.21677413912123522,-2.2782546474772665,0.5227094919050517,0.0702312292267522,-3.207763125874734,-0.16910930411875102,0.11270307182655959,-0.6284122986318267,-6.602732575466462,0.13039747873868623,0.27236391823741135,-0.273167287031558,-6.6671966352093115,-0.14661121417926418,-1.510571119594082,0.27722272213019883,1.2163660465421997,-0.45250320381555836,0.2484945910413554,0.7475301382289588,0.836996558074129,2.194671218986396,-0.4852813481780472,3.2150816527961235,0.26587905180327365
4.258410573103771,-5.599054173355977,-3.4946245610550073,3.639643900988318,1.4294687433053772,0.14072723998923647,-13.574689345180108,10.852595180143279,6.568807355360785,-8.559379184625767,-0.4896661026645074,-2.298523574505034,7.485870547794022,1.7159092624075583,-4.702947776604755,4.065956015730964,3.6791116845400555,2.4558370389260964,-10.35711582894238,-2.294073161043257,0.1415194779668607,5.817671421574721,5.131286655955638,0.7310167272706388,-1.4589702937820155,-1.834824482954586,-4.430427739526484,6.552262324595874,-1.7180032570094523,10.268999092085398,-1.9224979451706543,-12.431365639741028,1.0504256188556291,0.9414100748570791,2.0187641935385505,-3.159832719298748,2.565974220301595,-0.6701520474162227,2.9922693506932045,4.100379566370085,-0.7649467740288725,3.2799035478731775,1.814438819182943,-8.18859583741912,-1.983433029685814,8.135497215770915,-6.3988767626415575,6.790414312320164,10.098937553474544,14.119706056329305
0.012427338281244538,-0.676639621559166,-0.387930072244549,-0.39862015529623207,-7.005800075648532,7.302298151819274,-4.523959372031995,5.334363023227598,-1.0538617913391632,-0.8813583534434937,0.2581650777556515,-0.0762444483364958,-0.635373521064905,-0.2738334836494286,0.17527997748427193,-0.7711573051570246,-0.7009045812232468,3.6988461585948667,0.4346652432942877,6.064055752394056,-0.016275396942250442,-0.39102058270409046,-0.025241457030456382,0.216774139121235,-1.834824482954586,5.164429737252128,2.296654861156144,-0.8242758183988439,-0.20129580044525008,-2.1876129378603086,0.12281072511572477,-0.005673302738130381,1.7491654052028265,2.737372702797476,-0.4794133866544552,1.827875113855263,0.0961027604976965,5.925586428142221,0.09466124185662167,5.325363496240515,0.39598102181028993,6.227076885631684,0.0038138858392596786,5.979653815173767,0.3459561594885435,0.5821846616266391,-8.32174956997045,-0.2412213236569185,4.331179107561138,4.612453814747734
-5.472341193763033,5.343757514687452,6.287002219120756,-0.6749150706488517,-4.141190391741891,-9.723447860940414,-1.9797372996341975,5.084384299756768,-6.480323946374085,7.207690627720515,3.131037487066665,3.3318985616280505,3.1322189345352673,-1.1897353512718252,3.6289545841846795,-2.7254015865928345,-0.571968460531755,-1.8718083477720477,1.6236447500274103,-8.287538988127405,-6.018844212000177,-2.8495867709212916,-1.846875021218048,-2.278254647477267,-4.430427739526485,2.296654861156145,3.6304524258716384,3.423343633156238,-2.60512823275063,-0.15583772959397346,-4.34250619695099,-12.617783645678253,5.492089030852903,-4.4062242872170945,-5.226244186157329,4.799718024379963,-6.608869045854206,-3.091140630835568,-6.07257439793176,10.235216977887603,-0.8566853871204175,1.3787292612099673,-0.02046556205032668,-9.05914766649468,7.398286933847982,4.8356626966356675,-5.0607557613839065,1.7780205893581327,11.932821127122999,4.327308650507362
0.5723366107735063,-0.1657950673798918,0.023140653789013088,0.1818365536215264,-0.4888887463130689,1.7564900598992383,-4.357316100202424,-4.705357877147469,-1.7406159785840905,-1.891632024448787,1.7771147606107478,-0.4547511483914947,0.1279768551321585,-0.8040383864230443,0.14562362777342353,3.6112137470718855,-0.2692232930673898,0.2624442435289698,-0.6994426057590888,-1.6853134180255152,-0.046696707014534544,-0.28245720795797524,-0.0583631015160201,0.5227094919050513,6.552262324595874,-0.8242758183988455,3.4233436331562395,5.977479539012161,-0.22649002914953298,0.5311869091329413,0.20934790403368053,4.107494353591127,0.4804685274839666,-0.7826648793047213,0.013686055850676615,-0.8205113722593196,0.16485354505392125,0.8816558614064149,0.00876015040879341,-1.0025364469715914,0.21428808804635524,0.48556547658741334,0.11925597556801391,-7.097170069740576,-0.34750153222618807,0.5766730026203903,1.5714285128147263,0.8313537459589515,2.3249872786691164,0.044439262258464396
0.7414524460562283,-0.34631729505070585,-1.2572960727254314,-0.16942014414018092,5.840365843902888,5.634016482128748,4.391189923135285,8.381390314930716,-6.259063180651744,5.500687331107258,-1.5129059869621988,0.25331738400989307,-0.2508083899179593,-0.15670213632672503,0.28762036921360135,-7.602879697078519,-0.31791056314345745,0.04450590188571435,0.40848741885481565,3.1598218801768247,-1.0038560122345235,-0.35273650997802053,-0.4420822660701267,0.07023122922675262,-1.718003257009453,-0.20129580044524986,-2.60512823275063,-0.22649002914953265,6.435793025358505,-6.16870618283737,-0.174676678117752,-1.4139374095103332,-9.007156011252201,9.645036146209177,-0.12314994066502194,-2.260739090346,0.11555217338729573,-0.6470809187384939,0.701020244002748,-6.052319293397648,0.5583741232335695,-0.1855970836887898,0.2747170976800597,0.5493595466040411,-0.08664480712821754,0.19666616154761507,-0.18826053063322445,-0.04263979502975229,0.6320331699370104,2.897620569866368
-5.04963421043589,-1.151736628916273,3.6061867032717125,-0.60525546152103,0.8001975344368681,10.648328585411921,16.593928018881975,-0.8579128491454957,-4.864786636647956,5.0187075262083365,-5.493147073545741,-0.13433786265401937,4.676037875631007,-6.448095419458882,7.670867137279239,2.987419959319029,-1.148312979671451,16.827390530738697,7.80092795577638,2.741368458494467,-3.7867769477227378,-7.906702253382447,2.9397814952566703,-3.2077631258747354,10.2689990920854,-2.187612937860309,-0.15583772959397368,0.5311869091329415,-6.168706182837371,12.052096683944232,-8.538346620182537,3.343347290000885,-12.311600551076545,12.189152566307238,-0.39625447740640185,-8.182942816539311,0.64252204832991,12.066339207353288,1.7386359818345953,-8.080913397563952,-2.189007876226677,-8.131755156835755,-1.3851867680341048,11.310683087203481,1.9736422661693842,-7.066752609959985,-2.6784075884051677,-0.3166501414957217,3.2442466038634756,-6.375364441301619
0.6234589579632552,-0.18825705775776136,-0.09347230347941149,-0.06364043969966685,3.5744665040820705,2.20874422119773,-5.618481329768299,-0.3880561194714014,7.858411638551067,-2.099955554088586,0.9804141221926467,0.5554676904670418,0.09771098092639707,-0.0627780883222826,0.9365367246460594,-4.331945048026363,0.23652408163647787,8.221360155308215,-0.7062527512290193,1.136963991654111,-0.25365048293005843,0.1096737532233584,0.14952218291657057,-0.16910930411874991,-1.9224979451706545,0.12281072511572541,-4.342506196950993,0.2093479040336801,-0.17467667811775098,-8.538346620182537,6.80961557917213,-8.651464256911346,2.0202181495277207,-2.175881130409559,-0.31037277427549437,1.0008701528903121,0.005628107170515317,-6.896488113599313,-0.13508661175256542,-7.598647679417567,0.15171904715824658,-4.303046399413625,-0.05176031901047162,-9.43052102556553,-1.0780255534805945,-0.10166954702615849,3.44968816980911,-0.06167573536481796,-2.218190440906799,2.819652922978084
6.273206787809069,-0.82495066638826,-6.224974890941012,4.910674857940511,-3.315562599453206,-10.713030974970465,-10.58574445891,8.124337254792186,8.829496901749804,-3.995711400468758,-4.348675650986197,-2.715681683022124,2.491952631394319,0.5141753896284009,0.017348663995377267,0.5666666309327206,-2.579080795666594,-2.6194461602903716,5.473692591860997,-12.903854179881247,-3.7384920904035224,4.680351794549574,4.083507640466803,0.11270307182656047,-12.431365639741028,-0.005673302738130603,-12.617783645678253,4.107494353591126,-1.4139374095103339,3.3433472900008843,-8.651464256911346,2.111300059222513,7.4598899481862855,-9.239262283870133,-4.186069628143914,4.431382568514513,5.462794413574311,-1.9068786489478171,-3.5344393715207953,3.5396024183389807,4.020676268099342,-0.671888315133685,-2.210542866170095,-9.527596313153223,-1.3745508571287601,4.581473626291699,-19.404645916145157,2.13633045105733,14.90393711779889,-1.196899540852179
-3.4737575071844686,-9.890534933275989,-5.212624046813,-5.488061385396416,-2.85907092790662,7.088099454534392,0.6021968675961453,-0.23689984149251353,-15.49236232525066,9.107284418466502,-2.347115114708775,-0.9642781723076403,6.9295913831981,0.2633994858322519,0.6020533496936595,2.5571798765890286,7.159103018570275,13.481278645644876,1.4812182459038281,-1.732076787218327,4.494839665044057,0.35520020569221034,-0.9779608277252341,-0.6284122986318266,1.0504256188556294,1.749165405202827,5.492089030852904,0.4804685274839664,-9.007156011252203,-12.311600551076543,2.020218149527721,7.4598899481862855,-10.602200715489559,14.174178286015954,1.5966782511782212,-5.310196983033638,-3.0300853848425664,-1.5499390050672357,0.44279160901701586,-1.5691711013088134,0.6060660021277524,-12.748548499530177,-1.077579648651949,4.461743973947017,3.7654659358536464,-5.424200412670529,4.01932066962112,-6.4834688756616385,1.9887671456268528,-6.736327441873861
-5.444377448217152,-0.4093339695155107,-3.8399424693976094,-9.515474685885387,-10.784972032680205,4.843708449567535,1.3820141305772728,16.029341106321752,-2.1759494046335797,-4.276430942735742,5.418400969681141,-4.88336349696864,4.374469125154958,5.650740777084133,0.8687827109206023,-9.067553289164787,5.041435705098641,0.22263413365583495,-8.861707956369527,-0.47092501816608845,-8.124646116140058,8.239774394157605,3.222546204900071,-6.602732575466462,0.9414100748570788,2.7373727027974755,-4.406224287217095,-0.7826648793047216,9.645036146209177,12.189152566307236,-2.1758811304095595,-9.239262283870133,14.174178286015954,-5.434862616062506,-1.7953124057109002,-0.022744666916068135,1.1304160609661653,-4.519060725929903,4.056263531588736,8.173454122897413,1.3682917426908277,-1.8500754057185032,1.837136324789814,-1.5865719758563537,10.60677657009654,-0.8126015705316962,-4.881085338169054,-1.2217215518548405,-0.8664646699691825,-2.4908590320392916
0.256822894109973,0.4000919118519359,0.5374465444098929,-0.19745084825537418,2.6071193021313013,3.404128885439592,-5.656698245322833,-0.5227125180085828,-0.891600522033028,8.04367732703342,4.186127148815176,-0.006419309187489189,-0.14886188625393038,-0.13329833357025445,0.22291701336883318,2.3983385311361283,-0.6455633444317057,-2.4448662313697405,0.11334932863624025,-6.27452832342558,-0.31787106471112614,0.7622076126001607,-0.16652022247694395,0.1303974787386868,2.0187641935385496,-0.4794133866544564,-5.226244186157328,0.013686055850677059,-0.12314994066502198,-0.3962544774064022,-0.3103727742754938,-4.186069628143914,1.5966782511782207,-1.795312405710902,6.59063208357116,0.8411627551455375,0.5289613484324964,-3.879898585936207,-0.8108678275195897,7.984724845417224,-0.30800724469976903,0.7810139662657357,0.02428097351807096,4.58558720702465,-0.684874146188925,-0.4208647070520917,-3.399405864772668,-0.439537111119075,0.730983501627813,-7.997500963446056
-7.9954800545852,1.1418050980829464,7.605461254477813,6.370087050733875,10.216827007819225,-4.829125541875466,2.861756003615418,-3.645285058329844,-5.281055116387106,12.192302522928111,-4.029118105340935,3.98414911766669,0.8587936329217275,-2.423052336109696,0.4280246584809374,-3.618904905197514,-8.18391711180447,10.001787113322196,-4.971119219808998,0.3046539694273332,5.395852682393465,0.48321617454061705,6.94661181877034,0.2723639182374109,-3.159832719298747,1.8278751138552625,4.799718024379962,-0.8205113722593196,-2.260739090345999,-8.182942816539311,1.0008701528903128,4.431382568514514,-5.310196983033636,-0.022744666916067136,0.841162755145538,15.862939824389294,-0.8300940798039247,6.536744780318819,-3.7621182027390683,-3.0262786266173767,4.688782460414844,-3.457346598623343,-2.598639857395393,-4.820194146263229,5.1139054205442065,-5.1245397388973,9.600327682999902,2.4678289324613143,-10.337052962819364,-2.7675050574419333
-0.27341057138690317,-0.35550978040652403,0.08188163559270356,0.23055188060499476,-10.55588803539507,-4.15980610262261,5.876395631134738,9.005320828246111,2.8923485654930294,-5.288738558868529,-4.332852191886293,0.10756410152458235,0.1297971493019242,-0.06483825975898538,-0.733710371743357,3.146002434157897,0.180440801856537,-5.858913071354081,-0.057384244553863706,5.957306154644632,0.29034968155931884,0.9647008256862242,0.9653150590693801,-0.27316728703155846,2.5659742203015945,0.0961027604976954,-6.608869045854207,0.16485354505392125,0.11555217338729598,0.6425220483299093,0.005628107170514818,5.462794413574312,-3.0300853848425664,1.1304160609661655,0.5289613484324962,-0.830094079803924,5.096276019457822,-0.3265475263016844,-0.09113468914446038,1.4539807373294513,0.2734605967578273,-1.44721090109363,-0.02159468555297636,0.9067806720996976,0.47802877938959765,0.11662406896720895,2.7055147165173064,0.4978233272069825,-0.7606902521751135,2.662276792796285
-6.6888679877615935,1.6286112399808577,-1.5482431803215086,3.4838796623647257,-5.008080244232159,-2.1022812713594083,-2.753976623186703,4.9950851258381554,15.725480475381167,5.210028678675152,5.011479852726922,7.997746879925648,-3.948173753347728,-4.693048136788057,4.21779222075951,5.291397260701187,4.158459903861589,-12.079488495919637,4.903820033391658,-3.9270746927108444,1.6175868504445512,4.117031625087972,1.1315300374638138,-6.6671966352093115,-0.6701520474162221,5.925586428142221,-3.0911406308355676,0.8816558614064143,-0.6470809187384938,12.066339207353288,-6.896488113599313,-1.9068786489478171,-1.5499390050672368,-4.519060725929904,-3.8798985859362065,6.536744780318818,-0.3265475263016846,-2.040300576969882,1.8524652992503245,12.489325720026557,3.1749411324733527,6.169924378494029,-3.5746648213464534,-0.014122219867156893,-2.8090008223433722,3.7889239053739625,-15.317525374198482,2.4580450336077786,12.399759747213393,-4.497059976851194
0.639218328073138,0.2930060157369685,0.06133618972966931,0.09772688494336279,-0.1458227377916721,-5.814870149009566,-9.864598148414364,8.659638749500994,5.374802868573102,5.792671649094648,2.5033083465879837,-0.2096544398226653,-0.2555769976062001,-0.34080872592179723,-0.1729077963185366,0.6253443857687888,0.23839628065396956,4.384310479094192,0.1739222125946508,-0.3554368594765789,-0.19467387192248486,0.5346624589840824,0.020997879737545605,-0.14661121417926382,2.9922693506932045,0.09466124185662173,-6.072574397931761,0.008760150408793188,0.7010202440027485,1.7386359818345958,-0.13508661175256664,-3.5344393715207962,0.442791609017016,4.056263531588734,-0.8108678275195897,-3.7621182027390687,-0.09113468914446043,1.8524652992503237,5.594668267823307,-2.7566380337315888,0.6447991102733746,-0.082496227150618,-0.2540678612000893,2.0327533673084384,-0.10392705953530035,-0.009244103678138993,-4.59169537251816,0.08684056308210329,8.272916338638453,-4.159081346626422
-1.0273688563261394,2.31632452898615,3.8798409681515698,-0.1322845322732279,4.426418297788451,6.607342601176404,13.328224209642709,-13.951596786723405,-5.523499276690867,-0.09975925508615718,-0.28896122019957604,4.236916874630296,-5.316718225001378,5.585156342537738,0.3522277730107568,2.285559130251765,-6.131078129280102,14.914750032868442,0.9123174445710565,6.198680402573475,-3.415115473781608,4.634569464395808,-6.480338971716482,-1.5105711195940823,4.100379566370084,5.325363496240514,10.235216977887601,-1.0025364469715914,-6.052319293397648,-8.080913397563952,-7.598647679417566,3.5396024183389807,-1.5691711013088132,8.173454122897414,7.984724845417223,-3.0262786266173762,1.4539807373294522,12.489325720026557,-2.7566380337315888,9.238878641529043,4.889975531710515,0.17732580488049077,-1.998379289375415,0.5407768964274124,2.297622157797825,-2.888635956413236,5.609044603620378,-4.7233456276397705,2.017241487640246,-13.03756992528427
-0.3149625124709179,0.9266664093295878,0.6123588696846771,0.13245262032919536,-3.374957021561773,-2.5504659898078086,6.988981650946549,6.952511195230973,-5.989024054992861,-2.7136781105976073,-3.176027783746764,-0.5551042188870354,0.07912535225184186,-0.006995483036636552,-0.13568152727805227,-1.383385283395949,0.682239915055164,0.30179915352049036,0.3315954115444273,3.754427201724202,-0.28749246926245364,0.19441118056233572,-0.014702009481405875,0.2772227221301993,-0.7649467740288717,0.39598102181028993,-0.8566853871204172,0.2142880880463549,0.5583741232335697,-2.1890078762266763,0.15171904715824663,4.020676268099342,0.6060660021277523,1.3682917426908274,-0.30800724469976837,4.688782460414844,0.2734605967578274,3.174941132473353,0.6447991102733747,4.8899755317105145,6.3378180620112605,-5.915263208813438,-0.02872020236106096,-8.060998907370017,-0.06148719825451798,0.16783866042524942,-6.177456122266829,0.1719924001461739,0.6475407679732313,2.699934040931429
0.6412000241401019,1.2285904289117577,-6.556470163156698,5.141152507610668,-0.4226224095977609,2.010376591327807,12.500776951439134,-6.242833611013242,-12.366683068190333,2.9124344942196556,-11.397295556146267,-8.376072560550043,1.2532353272362375,2.846924014059936,-9.347722949503714,2.3973278328002148,-1.9482459258861928,15.212600912821024,3.511692081547281,8.188271042161418,-2.602323882946838,3.5142282525954744,-6.671432878160691,1.2163660465421997,3.279903547873177,6.227076885631684,1.3787292612099677,0.4855654765874138,-0.1855970836887912,-8.131755156835755,-4.303046399413625,-0.6718883151336861,-12.748548499530177,-1.8500754057185032,0.7810139662657356,-3.457346598623343,-1.4472109010936303,6.169924378494029,-0.082496227150618,0.17732580488049066,-5.915263208813438,7.469492017607916,0.3690451998511619,8.08759696132492,1.1531730968193665,0.5425717531183689,9.219368340698248,-5.326921662333518,-5.767071607130828,-4.9301181500238
0.48574269038657025,-0.19915890544951007,0.1782245139301987,0.977958071906949,-6.243024226518213,2.2301095208094317,-6.884579162266776,-5.773738832864375,4.796118402319788,-2.4914734207320546,-3.65805946260516,-0.9933261051721693,0.0691245972632144,-0.5237450749414311,0.012784467156072843,3.618947000230302,0.07202948128246112,4.938432453602618,-0.0317106224883168,7.800826810338668,-0.8286832058607547,-0.579485941281025,-0.22000958000660492,-0.45250320381555886,1.8144388191829435,0.003813885839261344,-0.020465562050326347,0.11925597556801382,0.27471709768005925,-1.3851867680341043,-0.05176031901047165,-2.210542866170095,-1.0775796486519478,1.8371363247898143,0.024280973518069904,-2.5986398573953915,-0.021594685552975935,-3.574664821346454,-0.2540678612000876,-1.9983792893754146,-0.028720202361061098,0.36904519985116213,5.533434044200309,-0.04059837288586099,1.0684256156587255,0.13341600944889576,0.3878937770669799,-0.17856816428764666,-9.841505328750888,-0.2894162708730342
5.496796017825499,1.2816166163676899,8.363215444341876,2.5407015924500542,-11.649358291343148,-9.533120033850263,-15.027351826008275,2.1332381687991093,5.022809389535566,4.934458382228564,9.801944829289718,-7.033944751587865,1.6804658877240541,-4.122067607603795,3.255515958707247,-10.077874216765439,-0.6753501534058104,-0.8648335364011223,0.0720968442954475,0.5067735131777411,5.799448472668679,-3.7561490525143806,-3.830972574224641,0.24849459104135496,-8.18859583741912,5.979653815173767,-9.059147666494678,-7.097170069740575,0.5493595466040426,11.310683087203481,-9.43052102556553,-9.527596313153225,4.461743973947016,-1.586571975856353,4.585587207024649,-4.820194146263229,0.9067806720996973,-0.014122219867157004,2.0327533673084384,0.5407768964274143,-8.060998907370015,8.087596961324921,-0.04059837288586188,-3.4903425164835014,-6.523422149377611,-6.198230977241781,-5.97952964064402,5.821371158467997,7.797462512309527,19.62508051758196
1.2809768473136545,0.060981471275348254,0.5031221764339322,0.3774382237476077,-2.6124891142790054,7.549177689959379,1.8953850948470148,1.6440854520842592,2.276090409256566,6.447885364959275,5.214288454281628,0.6402160426668453,-0.253135111636839,-0.04738340843740696,-0.5766024235044833,-2.375006124232798,-0.31604589619275403,-6.587400330339312,-0.6035220784568817,10.206571602214767,-0.6971398599277415,-0.24843462733265356,-0.09000251176537857,0.7475301382289583,-1.9834330296858145,0.3459561594885443,7.398286933847983,-0.3475015322261885,-0.08664480712821773,1.9736422661693842,-1.078025553480595,-1.3745508571287597,3.765465935853647,10.60677657009654,-0.6848741461889241,5.113905420544206,0.4780287793895971,-2.8090008223433722,-0.10392705953530035,2.297622157797825,-0.06148719825451776,1.153173096819367,1.0684256156587257,-6.523422149377612,5.725839740127619,-0.45605307579937027,-0.0023849731225245308,-0.504301529085805,8.326321736063681,-5.444870684212816
0.09188767609369997,0.7403451389235198,-0.29879074675694983,-0.10917678104941819,-0.6776673620936595,-3.282435954699998,-0.6810487245898791,3.359250967734367,-6.9437729276644,7.477839712853897,2.6107630908646042,-0.27005262416012144,1.025811986908304,0.16544057353952912,0.4084243385051156,-2.6314512068735847,0.3821709894636131,7.744962196028051,0.2905384174921943,0.11722259055336588,0.6605537748238324,0.32382638813618503,-0.36642894098620993,0.836996558074129,8.135497215770913,0.5821846616266398,4.8356626966356675,0.5766730026203901,0.1966661615476158,-7.066752609959985,-0.10166954702615644,4.581473626291698,-5.424200412670529,-0.8126015705316971,-0.4208647070520919,-5.124539738897299,0.11662406896720912,3.788923905373962,-0.009244103678139048,-2.8886359564132356,0.1678386604252503,0.5425717531183689,0.13341600944889553,-6.198230977241781,-0.45605307579937043,6.6971477577712575,-8.60281189432953,-0.7321660651485074,7.74953398187955,0.00047669009581507993
8.313849285845167,0.689641603792597,-0.6076821809184907,-3.877367272173388,3.1874528050544257,0.03502203999422185,8.437270255478335,2.152065679849143,5.7080083358351095,-4.396204003738957,4.57116883323004,-0.8038016950161461,-2.861046587045416,-0.9806014965470112,1.773147035252116,-9.82471182836781,-4.0755863016899445,-16.272284542063673,-6.3076408145401315,-13.695677535940007,6.933424986771865,-1.5865491067731767,6.165104664927626,2.1946712189863966,-6.3988767626415575,-8.32174956997045,-5.060755761383906,1.571428512814727,-0.18826053063322465,-2.678407588405168,3.449688169809109,-19.404645916145157,4.01932066962112,-4.881085338169054,-3.3994058647726675,9.600327682999902,2.7055147165173072,-15.31752537419848,-4.591695372518161,5.6090446036203785,-6.177456122266829,9.21936834069825,0.3878937770669801,-5.979529640644019,-0.0023849731225245585,-8.60281189432953,-2.201825718108397,-6.673396735336188,-4.215251608587754,-0.9673274578537149
0.06919921557380682,-0.46124738649122854,-0.42716809179327053,-0.24506903862937812,0.3525448684597283,-0.6633106073240416,4.797096944876957,-2.636651880953166,1.7129525428451031,-2.033224199468027,-2.5077148620275045,0.7509073713195085,-0.38426502645683935,-0.14173991544041953,0.7956553172304622,-4.062433941424203,0.40450993459525364,1.8460973007230368,0.5726380359422361,-2.1450102921396583,-0.11062676041645086,-0.0752980755659574,0.6647578616017742,-0.48528134817804736,6.790414312320165,-0.24122132365691984,1.7780205893581322,0.8313537459589524,-0.042639795029752,-0.31665014149572235,-0.06167573536481924,2.1363304510573298,-6.483468875661639,-1.2217215518548403,-0.43953711111907523,2.4678289324613143,0.4978233272069825,2.458045033607779,0.08684056308210272,-4.723345627639771,0.1719924001461741,-5.326921662333518,-0.1785681642876461,5.821371158467997,-0.5043015290858051,-0.7321660651485078,-6.673396735336188,5.8588870654881475,-1.5800801328618568,-0.1962627614489414
-9.304922363446055,-8.64357092217429,4.698758932076024,-1.864607985038793,-1.5943949078714752,5.3619336146823855,6.292455425501471,-1.8555598609610124,-1.978493148240522,6.015670541880126,3.4604755274654453,-6.206235991244266,-2.758637138516173,-0.06452976332987709,-4.78347080258969,3.748731943555959,2.301888739665947,-4.26010308720988,3.1283638924379003,6.906088286416137,-0.8322023692364571,-8.228495140578051,4.340495747750789,3.215081652796124,10.098937553474544,4.331179107561137,11.932821127122999,2.3249872786691164,0.6320331699370101,3.2442466038634747,-2.2181904409068,14.90393711779889,1.988767145626853,-0.8664646699691823,0.7309835016278139,-10.337052962819362,-0.7606902521751135,12.399759747213393,8.272916338638453,2.0172414876402462,0.647540767973233,-5.767071607130829,-9.841505328750888,7.797462512309527,8.32632173606368,7.74953398187955,-4.215251608587754,-1.5800801328618574,-1.29250471491536,-4.156070806760754
-2.2950157117525274,-2.397918963264713,-4.947545673229767,4.401136240466982,11.828415911996965,1.6221310079824627,-1.2357433187152564,-9.21797179093667,-6.1166998222408,12.449695907402571,7.529153557504985,-4.650572795425926,3.9715565462292286,-6.0673349946871475,4.161888631735429,-3.3074994707815693,7.355408556483241,8.538901815468572,-7.417727276237733,11.689624451077082,-2.1106525319078338,6.967818224528096,-6.2312164613376835,0.2658790518032734,14.119706056329305,4.612453814747734,4.327308650507362,0.04443926225846351,2.897620569866369,-6.375364441301619,2.819652922978084,-1.1968995408521785,-6.736327441873861,-2.490859032039292,-7.997500963446054,-2.7675050574419338,2.6622767927962845,-4.497059976851195,-4.159081346626422,-13.037569925284272,2.699934040931429,-4.930118150023799,-0.28941627087303434,19.625080517581956,-5.444870684212815,0.00047669009581507993,-0.9673274578537157,-0.19626276144894095,-4.156070806760754,5.91084700626439
