n
50
c
-230.40316095785204 199.455735227541 10.76578992699109 15.736354901404642 209.11018521631027 -133.02600779281718 -12.847866583129289 149.09654477835772 203.55491752163596 157.05342768190604 -196.75290079217118 -212.62589720992224 -11.580713986935828 -188.78079390663868 -169.77829806094755 -204.13987409925727 189.75904277208002 -20.188125254370377 -14.031857317198591 14.876290198356983 186.38145040419184 -217.09609730554675 152.5203725073249 -0.21891172946432924 177.54161517381704 180.69531893992934 -186.42791807157903 197.01969836216205 4.557822299322546 129.7251929317676 17.46260962535107 -174.30829332908777 208.69671900118368 176.5767336035855 -10.148274392927057 -179.96414996823503 181.41872817571667 -193.76855539760967 6.316975742202942 194.91038449445682 202.16846768404432 -186.69631456887905 5.13153096917862 -5.276643186456718 175.574782337971 -169.90706818840593 -14.815183818720179 166.48559387885112 212.5760063823755 -181.305324861416
Q
9.699583334850601,7.302789412122139,0.15687486616011426,6.64494521138666,2.5804964707874936,-6.33646990329247,-2.0574649342965206,7.330557150464575,11.584023799413998,8.627921138642279,-3.0231507438077334,4.611848770555226,-7.978999867109748,-4.528816227654375,-5.0238068239465985,6.218975972583786,11.09787259935208,6.138407745399526,-0.16758210632985682,2.204649364794375,-2.544586645651526,3.3184554065451017,11.59337394569295,-5.498141877043668,9.957137700534584,-7.409596100193196,0.8982596635532705,5.335813899113498,1.2665911626421777,6.520118225718068,-0.9264820808111783,-15.803658563951275,-0.5184397513252407,6.539519029536331,9.133786669831414,-10.513785055013516,-0.515816624494654,-8.136469880873936,-3.792344396090862,5.793604553753972,7.0556134554427885,-7.132468606650766,0.7677513029897236,-2.2161923981659983,7.842733100960663,-7.569887391359771,1.9618206023922258,2.4216886912436126,3.5269210381645566,-0.005763231179308104
7.302789412122138,0.955100630122308,-2.574401144696788,-4.451065058273205,-9.189860565769768,5.675813738375516,8.21459235520002,-4.800934210435845,-5.348884602538759,-6.054618999243262,12.783540284494757,1.1831798635168842,2.391062619617169,4.51513128873918,0.7875257225982673,11.628874369773193,4.98066280320322,0.013818183188723077,-1.7847884380154324,-8.07071934746909,-2.6374556029646548,-1.8166405326564203,-6.332591174355579,0.16616078095488218,-3.256053179251853,0.8029279259071539,5.756813732260112,-4.0073528982849,2.0948172044114703,-2.8699751995688056,-5.969784661053097,7.151576982143084,-18.49642432940813,-0.8010079580167362,2.429447558288927,13.78774829543923,2.9326986133083675,6.1897373938504625,-2.87791064225018,-1.9553669721731763,-0.35655553642223803,0.14273241756734267,-0.07956706534555152,-5.919380759866751,-1.1239789939179883,4.936046888682435,-0.6641174627214783,-1.5476282568089839,-17.01020083272155,7.090089579231684
0.15687486616011403,-2.574401144696787,5.904863438605556,0.10098561358251057,-1.4039006061315347,0.9415830439893128,-0.1438196555742187,0.9560758419207953,-4.93865805459572,-2.121955894563886,-6.076905746627325,5.26728844308646,-0.19860707041924391,2.8260648862403706,-4.554729645525802,1.1560551520079074,5.685415782565229,-0.6045153961235967,-0.31109067655880773,-0.1483168593944976,-2.802476656168578,-5.48128103062734,1.7252774292238278,0.7983317655584741,-0.6726103586046839,-4.053903453374406,-0.7563278907695326,-5.91896816993283,-0.5999280534643254,-0.9928980642780909,-0.3627638569603411,-0.02683598095062517,3.0751546873995546,-3.8450064971200946,-0.10182776831872357,5.476821926515656,3.8713579449628233,-6.017121739179023,-0.11426040695785078,-0.9169214145649741,4.635701364959243,-4.804956448229905,0.14412838164019814,0.037306378688289094,-8.304777116705758,-0.25127381803504845,0.5210540910300435,3.4601899141148094,2.6026160981035753,-1.832207528282937
6.64494521138666,-4.451065058273205,0.10098561358251261,5.952061178180393,2.1655495804143,0.28840179999656357,-0.8269809520899718,3.9873851424659215,-4.984964419997822,9.722099676196258,-9.266727759113808,-3.1907297690329237,-0.005228572073649851,3.104961906530816,-5.899717787466004,0.4732093287213398,1.0059549239844705,-0.07395430519207125,-0.22701483819438928,-0.6760248537273927,-1.0440728136558206,0.3516075774995344,-7.0777216211099,0.09448400939664908,1.0050062618943887,2.9848363637509023,0.5593939164026076,-8.199841164503185,-0.058486743059973256,9.90377505120446,-0.14945098013669844,-4.126871313666359,0.8587178490650409,-6.389402078734581,-0.25812462704855516,-0.009570231038324217,-2.844840726783309,0.06267301711123707,0.15425881565440958,-1.4018201042064773,-4.584393362005674,-0.3922020272230946,-0.41142225334519866,-0.3078985339517154,-1.8883113277733543,-2.807320851049395,-0.13150793609418843,6.630766318672892,7.864345818575952,-4.662187663350231
2.580496470787492,-9.18986056576977,-1.4039006061315347,2.1655495804142992,-6.024038828957211,10.394627986349455,1.8087158243939032,-3.815562808636689,-12.942938532745046,-6.407326048583673,12.120771791937843,-0.6706809860583318,5.675142306018537,8.50529394673746,0.4239480521247848,-6.928478314666336,-13.423593305951536,7.625791116138252,4.602984591969714,-6.007051859507112,-10.289001467765782,2.271211452302344,-8.618912786623058,0.4438589360541354,2.8511198645748843,-12.828645998482573,4.70943250855714,-14.167386417433683,1.791808486958751,-0.7668617935179622,-9.057260347840234,10.259370308569062,-6.4320361309226275,-3.023846443352688,0.044647245654431594,8.793085966075665,-5.838418898208806,12.467778995084265,-2.509286786837257,-0.034476765155375566,1.362267364416504,-5.158306160351644,7.481548675688488,5.475015870425487,-4.421638321043221,-0.24646253273254937,2.379189974905201,-12.580641298615213,-11.92486810309607,2.3101663409918856
-6.336469903292469,5.675813738375515,0.9415830439893134,0.288401799996563,10.394627986349455,-3.034112221415448,1.683190846921669,4.596345679870398,5.135033314570693,16.382380262865265,-3.3974419340830098,-7.209645454528245,-7.207024357852147,-8.826228325143594,0.8459390916214131,-7.305776465028024,9.184617393547713,0.5087069032523205,1.8772742209879032,-8.667620567351847,9.702402949999843,6.678440364466727,10.033725091696757,-5.870640847007321,5.479734505418138,5.6993063453235315,-5.315440259601051,-6.498238277709127,-1.982747158721843,7.359460031562865,-4.410760145123264,-9.600096452661104,2.9642906096665484,10.639485294471598,-1.1632861214497237,-2.641867424676149,-1.0432545583839097,-13.909824812192376,3.9388180245587283,1.1384246675462695,-2.8510005540855774,-18.606051068909203,-3.262900062084112,-0.0534240782630134,4.727182780747792,-8.191816061193181,3.012371043528832,5.06899789685518,-4.055421312864455,-3.6108568803860583
-2.0574649342965197,8.21459235520002,-0.14381965557421972,-0.8269809520899716,1.8087158243939028,1.6831908469216676,4.9452729232477175,0.13686525980484257,-3.805036644549201,-0.1143087432351555,-0.737254118877407,0.42272584158505466,0.49123582056612086,0.8463373668370962,-2.243540233360956,0.23561492453592373,1.45738456318182,0.34536282540604035,0.12865275049386993,0.42239989623848995,-1.8850503410656634,-0.26707519867361595,1.975468269403525,0.3616604932107633,-9.061678837146099,1.5596538400707471,8.238000984856034,5.803994747863059,-0.41565713131219395,-1.3730128701218305,-0.08030455425099936,-1.6835926878857945,6.795743997170563,-1.194886271669662,0.05513178971667676,-3.6589688635767397,7.949617611771276,0.5627359959604488,0.31826750194602677,-1.2390807374896302,-0.04304485326262242,3.319158377555815,0.7393228128276115,0.38729541352423125,-0.24925102088543927,0.4264141001522537,0.4367272442504131,-2.077115936347048,-5.944810468459924,6.878723686869718
7.330557150464574,-4.8009342104358455,0.9560758419207946,3.987385142465921,-3.8155628086366895,4.596345679870394,0.1368652598048421,-10.714782175993816,0.785662176453676,-13.09121638096355,3.02855362811144,14.652153005435416,0.20350498597002287,7.752401245334777,6.473298789381445,8.179750248733086,-12.279949737293817,-0.7048206650239728,-7.197794885424726,-4.505009492428915,-16.70791051808913,4.23802959462991,-9.332868458376735,7.510945608059037,-1.175160801632888,-9.851349675423164,6.547551115191302,-8.02401573228845,0.4634958172784751,0.5213442266827452,8.356945130627537,-3.7432994498626333,-7.791621462787004,-10.857156182428978,-1.896668728649745,8.287776244729553,-4.717023726456737,0.37484333473045073,-2.2408229805900097,-9.031745656010106,-2.5418189051639963,7.634258919335616,0.4818679599098059,4.3727636769842455,-10.860777667405934,3.45479642558351,2.0737090761477304,-6.898351253349021,-0.6928538349504679,12.027750047407723
11.584023799414,-5.348884602538759,-4.9386580545957175,-4.984964419997819,-12.942938532745046,5.135033314570693,-3.805036644549202,0.7856621764536781,-1.5353441057723494,-15.557386480595673,9.614498025633793,3.981170825005474,-4.3868411110951975,17.47419917100341,6.981764032637102,8.630605859664495,-9.903798154173321,-3.175490803149032,-1.0237001572341022,2.0403748085172584,-3.1284756504458824,7.159916152929552,-0.8534398839966848,-0.2441205365311756,-8.021864223719422,0.07812478336111583,4.600511249259667,-3.6874834847935216,-0.5824061128570279,-0.4813917800529228,-1.9788415658031322,-1.8451813737540292,2.4351902195357074,-9.138032979590376,3.9245476315056522,2.6413509201057477,-12.803186014257077,5.426044546756453,-4.4360746108429545,-3.081594695620153,-12.9479621844761,2.0273533372584343,4.849324133113561,-2.1157909517687,6.050839228784405,3.294919796337963,0.9804192904651726,-11.236034816148202,-0.7125346679989316,4.976348040503625
8.627921138642279,-6.054618999243262,-2.1219558945638854,9.722099676196258,-6.407326048583672,16.382380262865265,-0.11430874323515555,-13.09121638096355,-15.557386480595671,-3.06491745474845,15.787963745519889,5.293724506124926,-6.089661377978841,8.547055383689433,5.261947864688321,-1.7025766635889599,-12.564971522289628,-0.9225327029682983,5.05456405274137,-1.7334538788146165,-11.750224683551773,-0.5900572387799499,-20.178347235777704,6.730857144665883,-6.678837866071104,2.3385569596284084,4.2031781290844945,-4.950519682928624,5.339165181878236,-2.837860939428606,4.046349595759892,3.079238538523734,-14.439756886672571,3.915945942712232,-0.38800680577642366,13.920704092301305,-3.7445120190990036,6.137499015876436,1.8160650346643608,-2.381939625101435,-2.267771376168838,6.058468693328012,-1.8505668250817537,-0.8254949582811661,2.5330282620696862,1.1527466581823222,1.0082611437190838,2.739405222162958,-3.990125885966907,-6.001349178254699
-3.023150743807732,12.783540284494757,-6.076905746627326,-9.266727759113808,12.120771791937843,-3.3974419340830098,-0.7372541188774078,3.0285536281114402,9.614498025633791,15.787963745519889,7.550649187735728,-2.0014992337233957,6.338632622457378,-0.062280962922803274,-11.443868389512563,1.5567445912826474,1.8230022087185476,3.025611159712313,-7.435593141096031,-1.5411834319489803,7.313027409271031,-6.697004381835737,13.362140529060644,-0.9220651832505414,4.097145472131249,12.121782521885425,-1.0978091501944969,0.6437440303849805,-0.3681951251708451,6.390136977336625,-3.8214980454101375,-8.207578863932383,-3.6571878981083166,6.76062945410049,4.208190677206498,-14.034253169703108,7.530608848256943,-17.87605788875342,8.135961497031891,7.868141395599532,5.814442099823006,-0.17373560662102067,3.0152326616831275,-0.9454205586143907,2.09750495851427,-7.3577325712192545,2.8259736801265882,10.904195870282065,2.851043779052202,-3.060328076828438
4.611848770555226,1.1831798635168842,5.267288443086459,-3.190729769032923,-0.6706809860583314,-7.209645454528245,0.42272584158505516,14.652153005435414,3.9811708250054743,5.293724506124926,-2.0014992337233957,-0.8714246027704213,-7.198232244251387,-5.762812274207722,6.660572047627917,-8.675932203585521,0.8170925649191878,-1.2650179179621077,-2.166926781138656,1.471296127758802,10.902247178504751,-4.816306357786235,4.9717864622444266,1.247107147961291,1.8240764128579712,4.341020340311385,-8.329393981115752,6.992132774885323,6.880834073315826,0.7236088702661023,-5.745826606194061,-5.955282681467156,1.4598462459108978,0.14624437433106519,-1.5272947371307044,-5.027457967418396,-1.775829333537739,5.592310906565078,-4.0590780949959955,9.865244570947391,7.0902586255059195,-2.784555154566395,-5.77010472086953,5.549459526863264,6.63283797554666,-4.278530082581253,5.115357732835856,7.8260535367249755,6.243335804810544,-13.16586455972741
-7.978999867109748,2.3910626196171685,-0.19860707041924197,-0.005228572073650017,5.675142306018536,-7.207024357852146,0.49123582056611986,0.2035049859700237,-4.386841111095197,-6.089661377978841,6.338632622457379,-7.198232244251386,4.814059750307999,-5.350287162803449,1.0119506541268684,0.3093827471767979,-1.9811195178571364,-0.1888579237453237,-0.08733629716204627,0.5141679873123914,-0.531797003280472,8.343120175042554,1.5533408052755915,0.44534199706219657,4.478278154700917,-4.430095778762949,4.714451514616239,1.3435755735958077,0.3356324218270983,1.2839382104025738,0.18085342492786638,-0.07019178495704093,-2.2336120286388987,-3.5173519606847896,-0.044739449968962286,-0.59353087338162,5.0559845403774375,9.465860943531727,0.33013970059888703,6.283416643583891,-7.9130959276411295,3.882614473505006,-0.5313340328355749,-0.09496063813494379,-1.2185829096393743,-1.4299810399552697,-0.09533494814404797,2.3174658359307654,3.3159497128115887,7.2054524874074195
-4.528816227654375,4.515131288739181,2.8260648862403714,3.104961906530816,8.505293946737458,-8.826228325143594,0.8463373668370965,7.752401245334778,17.474199171003413,8.547055383689433,-0.06228096292280272,-5.762812274207722,-5.35028716280345,-7.4608715584297425,-0.43135924163458994,-10.753983119301015,3.6506593633627613,1.1806714465141788,7.172900645798592,-1.858885091121882,5.888030475437011,6.503928211524613,2.196929263575553,0.13693599700506054,8.343451847887954,8.986323981949418,-10.67157572243427,14.11611293996295,3.468622365327221,9.48371387199604,-5.0836563356439335,-3.6603886617368895,-2.134159381364477,15.520930852344177,-7.29126363855069,-8.823292260529309,8.215475936838564,1.5253060779147416,-1.6122196065040515,4.432009807771397,9.318925852863698,-9.28564348076372,-7.040503492429242,7.824589043116399,9.092476951353113,-8.882059238069925,-0.6778177069122789,-0.9066661356602226,3.8920465633649863,-8.870904276438077
-5.023806823946598,0.7875257225982679,-4.554729645525803,-5.899717787466004,0.4239480521247846,0.845939091621412,-2.243540233360956,6.473298789381445,6.981764032637102,5.261947864688321,-11.443868389512565,6.660572047627917,1.011950654126868,-0.4313592416345885,-4.304301130786812,-7.303899084029316,9.397868493095718,-1.642399731142185,-1.68384825764306,4.598699263102954,-4.839039286772418,-12.012113879111233,2.9779668775547146,-1.6601332283648214,2.790680690275428,11.97124462860984,-1.2917457861933679,6.7088658376196895,0.5896208197528523,5.075974102180716,1.939525985077338,5.14658606022178,3.9411780707043094,3.9823303003134174,-2.2760122324893106,-8.885345182615122,0.8258762042811919,1.8488349135992257,-4.649926148550579,7.555862138055711,7.398035251355369,1.3787815670655132,6.112341744382458,-0.47667854402995435,5.0846610672902175,-7.068065041482706,3.7775393552342216,-2.6192694218171853,-2.852368995124344,-5.929894436338218
6.218975972583787,11.628874369773195,1.156055152007907,0.4732093287213406,-6.928478314666337,-7.305776465028024,0.23561492453592367,8.179750248733084,8.630605859664495,-1.7025766635889594,1.5567445912826472,-8.675932203585521,0.3093827471767978,-10.753983119301015,-7.303899084029317,-0.23922033736834347,-0.4720225279011618,7.392574847119613,6.540345133019288,0.9655488762531834,-6.966935875993808,2.202090964162984,13.093809560979448,1.134466503096302,5.5537840426058285,3.355261137874481,-1.263132843622393,6.342000238461093,1.5658992842714339,13.989613773101835,-9.807558636732791,0.09229788404348804,9.885151668960745,-3.0092347017766454,-1.2827544493157397,-3.8248390368092613,8.190382967680529,-9.325363398100388,-9.143613550858545,1.0074989128425809,-0.7290880777041786,-11.180679151306533,-0.9336117020347527,-7.232929617019048,10.048051367076134,-11.708420072059452,10.259089074347246,16.498391477652895,5.300412244077355,-7.048093004258043
11.09787259935208,4.98066280320322,5.68541578256523,1.0059549239844716,-13.423593305951536,9.184617393547715,1.4573845631818203,-12.279949737293817,-9.90379815417332,-12.564971522289628,1.8230022087185471,0.8170925649191876,-1.9811195178571357,3.6506593633627618,9.39786849309572,-0.4720225279011621,-6.578939382086714,-0.24500348465546407,5.381836572012396,2.5397654664303095,-4.072741766050213,6.638643436998945,-16.381912899510528,-8.770412261144006,-3.8163773484346404,-5.013523938560237,8.920058221104192,1.7722650455565168,-2.0596378546368634,-10.520613821151601,4.71093962106749,17.09363272312346,-7.370417275723799,-5.402932733728731,2.7567113730148396,9.303094887728934,-3.375159682374858,7.482122974378868,-5.732618548596593,-4.777323533437296,-9.623885614826696,1.7971761216449675,3.5658523994494518,4.569699177005233,3.1149058609393325,1.870189044918558,1.259537231056381,-1.5458992744736895,-7.418011794382481,9.383602744905
6.138407745399527,0.013818183188722577,-0.6045153961235981,-0.07395430519207048,7.625791116138252,0.5087069032523202,0.34536282540603963,-0.7048206650239724,-3.1754908031490316,-0.9225327029682974,3.0256111597123123,-1.2650179179621077,-0.18885792374532387,1.1806714465141792,-1.6423997311421838,7.392574847119612,-0.24500348465546395,4.481006563360938,-0.23881706209192155,-0.20252786776311849,-1.0348021638780427,-2.8648449928085142,0.36042758214104975,0.04055198434370122,-5.126105533560349,0.08053410886915341,-4.575882814352125,-0.6568604919240311,0.1795048525012722,3.866200815758554,0.08249045858199078,6.624365208963013,2.560105975548365,2.188100984969201,-0.12062195175265727,2.7320825470183845,1.65562816880387,-3.0260812621684674,-0.2298840194737513,8.721090801215885,-4.452441252993308,8.59796322528583,0.25998356696201735,0.05439157083648555,4.389643925720463,-3.469696084607229,-0.3797682865016039,-1.6868928736337743,0.6278873238061324,-2.799968838633306
-0.16758210632985815,-1.7847884380154322,-0.31109067655880795,-0.22701483819438964,4.602984591969713,1.877274220987903,0.12865275049386837,-7.1977948854247265,-1.023700157234101,5.05456405274137,-7.435593141096031,-2.166926781138655,-0.08733629716204552,7.172900645798593,-1.6838482576430593,6.540345133019288,5.381836572012396,-0.23881706209192272,5.4556489484211355,0.1325905084357002,4.4809263255264415,-2.471760471843338,5.955773556477761,-0.3258883285051767,-1.141027992041506,-2.2898551231776443,9.352621153475875,0.9549693689566404,-0.7089533125660742,-3.0231760286881335,0.2922298527043881,-1.854386762614164,5.696001702005766,1.0508497819360505,0.0689963102200237,-2.823093710763168,-0.7304746079876605,9.699774206224836,0.09139527419587556,-2.441919809273013,-5.666375883640827,-8.734598105731488,-0.033569337463887905,0.3657755542575858,6.467964557941707,2.8081311228845793,0.17681372618194333,4.125290279021791,-5.902459217679741,-0.36556591849455644
2.204649364794374,-8.07071934746909,-0.14831685939449812,-0.6760248537273896,-6.007051859507111,-8.667620567351847,0.4223998962384904,-4.505009492428915,2.0403748085172584,-1.733453878814617,-1.5411834319489812,1.4712961277588024,0.5141679873123921,-1.8588850911218822,4.598699263102954,0.965548876253184,2.539765466430311,-0.20252786776311948,0.1325905084356998,5.17924819971075,1.8132858679663673,-3.2786360599275834,-0.7548390244825915,-0.1740298396949056,-3.0619589872835733,3.777283706218574,-9.310002926816608,3.023669605717858,0.6456901716366724,-9.621793502387494,0.16111579728549405,-0.2617535714104379,4.706820031394359,-2.309631571657616,0.0010619176568280042,-5.276301098177891,-5.6912808961631915,-1.935308867870326,0.2538809298477355,1.2985125407243499,-3.3675777883628863,8.490483634834597,-0.27471601450575545,0.42762225940746024,-2.674145934771543,-4.27605035605828,-0.08877105083255643,-2.6500775877625355,2.921488186654957,3.8565160104158633
-2.5445866456515263,-2.637455602964655,-2.8024766561685794,-1.0440728136558217,-10.289001467765782,9.702402949999843,-1.8850503410656634,-16.70791051808913,-3.128475650445883,-11.750224683551775,7.313027409271031,10.902247178504753,-0.5317970032804736,5.88803047543701,-4.839039286772417,-6.966935875993808,-4.072741766050214,-1.0348021638780422,4.480926325526442,1.8132858679663684,6.643191654934258,2.6361776432183235,0.8614113601921624,-0.15832416322593268,-1.4243568178293866,-1.835847848036563,14.456062695893635,-16.94941016180955,-2.6495295890460557,2.1013492346620617,5.250727231318619,11.43519111030873,-0.8119970803362365,-9.851514534035196,6.143382417247687,-5.443948039034229,3.410585640833189,2.5107174351103367,-0.306559755274741,-11.388817828621994,-3.6052572257477604,3.900142724172333,4.313549604417657,-1.3767616070513764,-15.685511829811304,-4.692813964102567,4.45673649117254,0.3877032409129897,-8.60716989964445,1.0384719664206798
3.318455406545102,-1.8166405326564206,-5.481281030627341,0.3516075774995337,2.271211452302344,6.678440364466727,-0.2670751986736156,4.23802959462991,7.159916152929551,-0.5900572387799501,-6.697004381835737,-4.816306357786235,8.343120175042555,6.503928211524613,-12.012113879111233,2.2020909641629833,6.638643436998945,-2.8648449928085133,-2.4717604718433375,-3.278636059927583,2.636177643218323,-4.827352173620672,-1.244840155574388,-1.523839585848016,4.926033303598209,10.273870178852285,0.8842459969355215,10.21634949227655,0.906782969638479,-3.389062803102689,1.2913152669499008,0.41447947932709783,9.137176751674831,2.3068258826731225,0.12659762481971432,-3.6978371503205696,-0.44796654458561713,-11.541696267773666,7.051934470209964,3.2902426669427696,11.843114234349526,-0.3023462332153226,0.5416588858338662,2.0638601331227377,2.7929452472791256,-3.0696935417716333,-8.984815791372123,10.032103429984344,7.886099864802454,-10.943634722194801
11.59337394569295,-6.332591174355579,1.7252774292238284,-7.0777216211099,-8.618912786623056,10.033725091696756,1.9754682694035248,-9.332868458376735,-0.8534398839966845,-20.178347235777704,13.362140529060644,4.971786462244425,1.5533408052755913,2.1969292635755533,2.977966877554715,13.09380956097945,-16.381912899510528,0.36042758214104875,5.95577355647776,-0.7548390244825911,0.8614113601921637,-1.2448401555743884,-0.60756141615422,4.446196256917437,-10.041677709859837,-2.079814900208963,1.7616429232101773,-4.377199486834397,1.3508806436403933,-0.5608645043746432,10.261505425748044,-5.901274185319732,-2.177252527616969,-9.00391754469844,-2.3204492533745693,4.279711875411861,-1.6808359408945717,-7.169675974694359,5.065141018475381,-1.5083800972702406,-0.29803089060136023,2.6876825536772975,-0.36192590770755806,-0.9648646944758844,5.524596682839133,5.299329229946456,0.9092558216837361,-12.147593103181693,2.0293139978354415,3.5697074020810087
-5.498141877043669,0.16616078095488185,0.7983317655584746,0.09448400939664903,0.44385893605413584,-5.87064084700732,0.3616604932107643,7.510945608059037,-0.24412053653117516,6.730857144665883,-0.922065183250542,1.2471071479612914,0.44534199706219646,0.13693599700505987,-1.6601332283648214,1.1344665030963026,-8.770412261144006,0.04055198434370155,-0.3258883285051777,-0.17402983969490493,-0.1583241632259325,-1.523839585848016,4.446196256917437,4.543837921054428,-8.438933858578917,-4.556140079026214,9.686603038681643,-6.8348188412779125,-0.14674644262344483,5.149615357968074,-0.0663018417724397,8.060075504144852,-6.296998363454407,3.445944965741994,0.5635855052724619,1.0465431707320643,-5.297859775670165,0.9070004474698036,0.296847278834216,3.5177071488908,4.5112419064774265,1.48436563902687,-0.3948268998500978,-0.23626283124871816,5.073408250173555,0.34410777949908133,0.12511115905484843,-6.098727848666624,-0.19531240598898636,-10.313667684325193
9.957137700534584,-3.256053179251853,-0.6726103586046823,1.0050062618943887,2.8511198645748848,5.479734505418138,-9.0616788371461,-1.1751608016328883,-8.021864223719422,-6.678837866071104,4.09714547213125,1.8240764128579725,4.478278154700918,8.343451847887952,2.790680690275428,5.5537840426058285,-3.8163773484346404,-5.126105533560349,-1.141027992041507,-3.061958987283573,-1.4243568178293864,4.92603330359821,-10.041677709859837,-8.438933858578915,-3.5842314655082195,-3.037080065027503,7.3094410735520565,-7.386920549042871,2.7984351144886688,-2.3976885192651456,-0.5371489589685352,7.788199082251307,0.34179999658236104,-6.578344282248734,0.8750926250013608,-2.16802634828262,1.7789711847991216,10.601447148345395,-1.3882389774084014,-7.795505015296751,-4.557712948055902,4.771437627872006,-2.854924127809181,4.281493500010672,-3.2543694976451665,-2.2151581924321384,-5.074969963440738,1.6340917394836416,-2.9356207858629997,6.1628955380856905
-7.4095961001931965,0.8029279259071543,-4.053903453374407,2.984836363750901,-12.828645998482575,5.699306345323531,1.5596538400707483,-9.851349675423164,0.07812478336111484,2.3385569596284084,12.121782521885425,4.341020340311386,-4.430095778762949,8.986323981949418,11.971244628609838,3.3552611378744808,-5.013523938560239,0.0805341088691538,-2.2898551231776443,3.7772837062185736,-1.8358478480365634,10.273870178852285,-2.079814900208963,-4.556140079026214,-3.037080065027503,0.4350090495583796,10.928248430548575,-14.720633522029317,-0.6591803271602035,-4.361160111131035,-4.085750840206929,-9.257135322922144,-2.9947263583154613,-2.1487380694622433,-5.4287911690185995,3.8980278640819086,-2.3737845374535333,1.7174652521927414,1.5010342319660825,-6.48666007364114,7.977043362799427,5.168620611728735,3.97328410149684,1.3031955801346056,1.0289615708283002,9.7847277362327,3.0091854724271796,-3.84642281760795,-15.317235005556965,4.23275003391615
0.8982596635532705,5.756813732260111,-0.7563278907695338,0.5593939164026063,4.709432508557139,-5.31544025960105,8.238000984856033,6.547551115191301,4.600511249259666,4.203178129084494,-1.0978091501944975,-8.329393981115752,4.714451514616238,-10.67157572243427,-1.2917457861933692,-1.2631328436223925,8.920058221104192,-4.575882814352124,9.352621153475873,-9.31000292681661,14.456062695893635,0.8842459969355208,1.7616429232101765,9.68660303868164,7.3094410735520565,10.928248430548575,14.071773089683658,7.441646601448229,-4.814881385822021,8.825895512291252,-0.695780276159252,-7.463062159547019,5.018247476306649,-8.55565601793124,2.3730236641974125,-6.054064289566048,6.109628722180981,-8.380405716174211,-9.900014141141725,1.890875051779897,-1.8618486803220957,-8.647709484882377,-0.437710464323397,3.3614802345818737,-1.7419741597180964,-1.832123184380424,-7.628982910526112,0.4683857775515363,4.755062596846249,-4.351060227157327
5.335813899113498,-4.007352898284899,-5.918968169932831,-8.199841164503185,-14.167386417433683,-6.498238277709128,5.80399474786306,-8.02401573228845,-3.6874834847935203,-4.950519682928624,0.6437440303849805,6.992132774885324,1.3435755735958077,14.11611293996295,6.70886583761969,6.342000238461094,1.7722650455565154,-0.6568604919240308,0.9549693689566416,3.023669605717859,-16.94941016180955,10.216349492276548,-4.377199486834397,-6.8348188412779125,-7.386920549042871,-14.720633522029317,7.44164660144823,-2.6483154045130295,1.9629685606757032,0.5229424623107461,-0.33535047055114986,1.4994364054371938,-8.583550234303937,-0.8165413908730529,5.837130433393043,5.565490308903201,-6.235155124740725,0.4737950098089707,10.360768505814988,4.871555948349242,-0.0852812483479316,7.7413238263849715,-8.092979103921373,0.08037896086625573,-8.076469130251846,13.096438386266096,-1.471531286632131,-6.027603420762051,0.4832417578072059,1.5429612410607727
1.2665911626421773,2.0948172044114703,-0.5999280534643254,-0.05848674305997292,1.7918084869587512,-1.9827471587218441,-0.41565713131219606,0.4634958172784753,-0.582406112857027,5.339165181878237,-0.36819512517084546,6.880834073315826,0.3356324218270974,3.4686223653272217,0.5896208197528514,1.5658992842714345,-2.0596378546368626,0.17950485250127246,-0.708953312566073,0.6456901716366731,-2.649529589046056,0.9067829696384784,1.3508806436403937,-0.1467464426234461,2.79843511448867,-0.6591803271602031,-4.814881385822021,1.9629685606757037,5.151137524063524,-6.906659930635011,0.024130160803864098,1.8094040942267973,0.16631920532885058,-0.5088864750261913,-0.0910991016681949,-5.783476262361538,-1.039806416468711,-3.7968790726744572,0.07819171084179899,-1.8010448135936559,1.514482024105881,2.5337414582156237,0.15669087433553452,0.48787906702814965,-3.6384804153182744,-6.124029390874638,-0.2551463203436836,0.0074322606050903905,2.091095464176544,-1.0324974356406758
6.5201182257180665,-2.8699751995688074,-0.9928980642780909,9.903775051204462,-0.7668617935179625,7.359460031562865,-1.3730128701218303,0.5213442266827458,-0.48139178005292216,-2.8378609394286065,6.390136977336625,0.7236088702661028,1.283938210402574,9.483713871996038,5.075974102180716,13.989613773101837,-10.5206138211516,3.866200815758554,-3.023176028688135,-9.621793502387494,2.1013492346620617,-3.3890628031026893,-0.5608645043746437,5.149615357968073,-2.397688519265145,-4.361160111131036,8.825895512291252,0.522942462310745,-6.90665993063501,-6.295341202136575,-0.28237515339495767,9.563535217524006,5.353447805326812,2.5719725770037405,2.813377717520538,8.084508376103456,-9.265415861771451,10.897217300159394,6.8826315522126436,-9.8025781032358,-0.4434493040530171,-3.6338983603044146,-0.18092221215218135,-9.307067691183867,-10.075643030729065,6.983045652443558,0.8733872857483947,-9.163718153427547,2.965880923694156,4.461708785858682
-0.9264820808111782,-5.969784661053098,-0.36276385696033997,-0.14945098013669805,-9.057260347840236,-4.410760145123263,-0.0803045542509992,8.356945130627537,-1.978841565803132,4.046349595759891,-3.8214980454101366,-5.74582660619406,0.18085342492786688,-5.083656335643933,1.9395259850773379,-9.807558636732791,4.710939621067488,0.08249045858199122,0.2922298527043876,0.1611157972854933,5.250727231318619,1.2913152669499,10.261505425748044,-0.06630184177243958,-0.537148958968535,-4.085750840206929,-0.6957802761592534,-0.3353504705511509,0.024130160803862877,-0.2823751533949581,4.954775323201952,2.1588547711578774,7.996546033882387,5.480460315918279,-0.5161632543793369,-1.3160896023961353,2.470307346259232,4.039376756255636,-0.15018596879548196,2.311792640757219,1.0689486333906535,1.1253221411278713,0.13526384351887374,-0.09585142879284403,-5.304487262872246,1.376247307277838,0.12958220489397157,4.355552065528021,-0.2414358865193853,-0.5227903193928805
-15.803658563951275,7.151576982143084,-0.02683598095062467,-4.12687131366636,10.259370308569062,-9.600096452661104,-1.6835926878857943,-3.7432994498626337,-1.84518137375403,3.079238538523735,-8.207578863932383,-5.955282681467155,-0.07019178495704136,-3.66038866173689,5.146586060221779,0.0922978840434878,17.09363272312346,6.624365208963013,-1.8543867626141641,-0.2617535714104373,11.43519111030873,0.41447947932709717,-5.901274185319732,8.060075504144852,7.788199082251307,-9.257135322922144,-7.463062159547019,1.4994364054371947,1.8094040942267977,9.563535217524006,2.158854771157877,5.980182207783592,13.094874769839587,2.7134276379592057,2.434690114034663,3.4996123939860766,10.739819245589965,-7.956276325690084,3.794171691524012,-4.13930069045481,12.069664654856892,-13.844461985583445,-0.6928670193375375,0.6581685070890392,4.890420186320574,-6.187724458990765,3.3673882990078834,-1.189391513622235,-2.6704209849912752,-12.164781415010426
-0.5184397513252408,-18.49642432940813,3.0751546873995546,0.8587178490650414,-6.4320361309226275,2.9642906096665484,6.795743997170563,-7.791621462787004,2.435190219535708,-14.439756886672571,-3.6571878981083152,1.4598462459108976,-2.2336120286388983,-2.1341593813644764,3.9411780707043116,9.885151668960745,-7.370417275723798,2.5601059755483657,5.696001702005766,4.70682003139436,-0.8119970803362366,9.13717675167483,-2.1772525276169685,-6.296998363454407,0.34179999658236127,-2.9947263583154617,5.018247476306649,-8.583550234303937,0.16631920532885092,5.3534478053268115,7.996546033882386,13.094874769839587,7.755053435475828,-10.775104855093188,2.75984143784037,8.432986191750915,-3.5596109981065256,-1.8268879882825098,-0.8375410907000806,0.4764697950164405,-4.253429248103217,6.75455528656707,4.566505766313782,-5.01382146080486,-11.288916326890906,3.439660246070028,-2.1675685205815265,-3.8212890917362716,-6.590382569371653,8.610006648862985
6.539519029536331,-0.8010079580167353,-3.8450064971200955,-6.389402078734582,-3.023846443352689,10.639485294471598,-1.1948862716696627,-10.857156182428978,-9.138032979590376,3.915945942712232,6.760629454100489,0.1462443743310658,-3.5173519606847905,15.520930852344177,3.982330300313418,-3.009234701776646,-5.402932733728732,2.1881009849692012,1.0508497819360503,-2.3096315716576163,-9.851514534035196,2.3068258826731234,-9.003917544698439,3.4459449657419943,-6.578344282248735,-2.1487380694622433,-8.55565601793124,-0.8165413908730526,-0.5088864750261919,2.5719725770037405,5.480460315918279,2.713427637959206,-10.775104855093188,-3.1801127313229145,-4.8096591765574574,12.262477746816513,-6.064629382282659,2.737681356043604,0.7924080748708382,-5.336084447981805,-0.18536009624150973,7.314002022841475,2.3076009089285483,-5.897208613210945,0.4480642401102962,5.390835622719233,2.2168385721179296,0.8697343817304464,-11.45695128050511,2.7583641907360192
9.133786669831412,2.429447558288927,-0.10182776831872253,-0.2581246270485553,0.044647245654431456,-1.1632861214497239,0.05513178971667675,-1.8966687286497446,3.9245476315056527,-0.38800680577642355,4.208190677206498,-1.5272947371307057,-0.044739449968962834,-7.29126363855069,-2.27601223248931,-1.2827544493157381,2.7567113730148387,-0.1206219517526582,0.06899631022002328,0.0010619176568273936,6.143382417247688,0.12659762481971437,-2.320449253374571,0.5635855052724609,0.8750926250013598,-5.428791169018599,2.373023664197414,5.837130433393043,-0.09109910166819501,2.8133777175205377,-0.5161632543793369,2.4346901140346637,2.7598414378403686,-4.809659176557457,5.513897895003458,1.6770348026858777,-8.056629688681156,-2.7394184290750037,0.8405353968010028,2.204835794258889,5.493917924598224,0.4267131597243913,0.04663198395933671,0.0935586060325406,-0.7172417478050515,-3.04795424242654,-0.10540139292676509,3.895490487036648,-3.7810798052083383,6.785250150425194
-10.513785055013514,13.78774829543923,5.4768219265156555,-0.00957023103832344,8.793085966075665,-2.6418674246761498,-3.6589688635767397,8.287776244729553,2.6413509201057472,13.920704092301305,-14.03425316970311,-5.027457967418394,-0.5935308733816205,-8.823292260529309,-8.88534518261512,-3.8248390368092613,9.303094887728932,2.732082547018385,-2.823093710763167,-5.276301098177891,-5.44394803903423,-3.69783715032057,4.279711875411861,1.0465431707320647,-2.1680263482826194,3.898027864081908,-6.054064289566049,5.5654903089032,-5.783476262361537,8.084508376103457,-1.3160896023961364,3.4996123939860757,8.432986191750915,12.262477746816513,1.6770348026858772,13.252820557066226,8.004270457028717,8.630094272529673,-2.3906606804487867,2.4097529485884888,16.23432994302153,-1.5229002754031882,-3.483755386351401,-2.8895430594679303,3.751911130533368,-9.297494145159986,-1.4605267472431929,2.6084398608989616,13.953481218441693,-6.934908409976176
-0.5158166244946543,2.932698613308368,3.871357944962823,-2.8448407267833087,-5.838418898208805,-1.043254558383909,7.949617611771275,-4.717023726456737,-12.803186014257077,-3.7445120190990036,7.530608848256943,-1.7758293335377384,5.0559845403774375,8.215475936838562,0.8258762042811922,8.190382967680529,-3.375159682374857,1.6556281688038696,-0.7304746079876604,-5.6912808961631915,3.4105856408331894,-0.4479665445856176,-1.6808359408945708,-5.297859775670164,1.7789711847991214,-2.373784537453534,6.10962872218098,-6.235155124740724,-1.0398064164687109,-9.265415861771451,2.4703073462592324,10.739819245589967,-3.5596109981065256,-6.064629382282659,-8.056629688681156,8.004270457028717,-3.4172523907396197,-0.1721675003835072,4.5523680521317775,5.756771358493018,-14.448039720598137,13.829577089078573,-3.1443997451161985,-2.8460686057650992,-9.821409686018315,1.1787098557974438,6.8497662202996725,-10.671088062948023,-5.826340120595868,1.2827999425359082
-8.136469880873934,6.1897373938504625,-6.017121739179022,0.06267301711123707,12.467778995084267,-13.909824812192378,0.5627359959604494,0.37484333473044973,5.426044546756454,6.137499015876438,-17.87605788875342,5.592310906565078,9.465860943531727,1.525306077914741,1.8488349135992261,-9.325363398100388,7.482122974378869,-3.026081262168467,9.699774206224838,-1.9353088678703267,2.5107174351103367,-11.541696267773665,-7.169675974694359,0.9070004474698028,10.601447148345395,1.7174652521927418,-8.380405716174211,0.4737950098089711,-3.796879072674457,10.897217300159394,4.039376756255635,-7.956276325690085,-1.8268879882825102,2.7376813560436046,-2.739418429075004,8.630094272529675,-0.1721675003835082,13.53344726709336,-1.0150293353349737,11.179775536181555,7.266900301006752,-13.322116640315516,-0.2919457787141466,-8.79797260098932,7.141482273771445,3.209202883254767,1.2618463849971442,2.236902993209821,1.4423529858876447,-12.146908550010645
-3.792344396090863,-2.8779106422501792,-0.11426040695785067,0.15425881565440935,-2.5092867868372575,3.9388180245587296,0.31826750194602665,-2.240822980590009,-4.436074610842954,1.8160650346643616,8.135961497031891,-4.059078094995995,0.33013970059888814,-1.6122196065040522,-4.649926148550579,-9.143613550858545,-5.732618548596591,-0.22988401947375042,0.09139527419587568,0.25388092984773536,-0.306559755274741,7.051934470209964,5.065141018475382,0.2968472788342169,-1.3882389774084016,1.501034231966082,-9.900014141141725,10.360768505814988,0.07819171084179932,6.8826315522126436,-0.15018596879548057,3.794171691524012,-0.8375410907000814,0.7924080748708382,0.840535396801002,-2.3906606804487867,4.5523680521317775,-1.0150293353349744,4.945402705152503,-5.6479930515810475,-2.0006832980442644,-6.9610734069492795,0.6075584541216287,-0.36711530435307355,0.5473763227542658,7.914398773781136,-0.4008610220550969,6.1640455824460965,3.594564085437537,5.903050989302238
5.79360455375397,-1.955366972173175,-0.9169214145649747,-1.4018201042064757,-0.03447676515537412,1.1384246675462693,-1.2390807374896307,-9.031745656010106,-3.0815946956201534,-2.381939625101435,7.868141395599532,9.86524457094739,6.283416643583891,4.432009807771396,7.555862138055712,1.0074989128425802,-4.777323533437296,8.721090801215885,-2.4419198092730134,1.2985125407243494,-11.388817828621995,3.290242666942769,-1.5083800972702401,3.5177071488908003,-7.79550501529675,-6.48666007364114,1.890875051779896,4.8715559483492425,-1.8010448135936559,-9.8025781032358,2.3117926407572185,-4.13930069045481,0.47646979501644,-5.336084447981805,2.204835794258889,2.4097529485884897,5.756771358493018,11.179775536181555,-5.6479930515810475,-7.709220304998191,-9.204928934767011,9.075758482513733,8.69013513790463,-8.34678245443498,-8.40798656273183,-1.9610708148885339,1.9810229760861096,-3.404661512448939,-5.302964019570602,3.7378993526604853
7.0556134554427885,-0.35655553642223814,4.635701364959244,-4.584393362005673,1.3622673644165044,-2.8510005540855774,-0.04304485326262131,-2.541818905163997,-12.9479621844761,-2.267771376168837,5.814442099823006,7.090258625505918,-7.9130959276411295,9.3189258528637,7.3980352513553695,-0.7290880777041782,-9.623885614826696,-4.452441252993308,-5.6663758836408284,-3.367577788362887,-3.6052572257477613,11.843114234349526,-0.29803089060135957,4.511241906477427,-4.557712948055902,7.977043362799427,-1.8618486803220968,-0.08528124834793159,1.5144820241058812,-0.4434493040530172,1.0689486333906535,12.069664654856892,-4.253429248103216,-0.1853600962415105,5.493917924598224,16.23432994302153,-14.448039720598137,7.266900301006751,-2.000683298044264,-9.204928934767011,-1.6275738423165942,5.825709712498046,4.523228953979398,9.970333415412723,-5.743258019846648,-3.9438478465943247,5.6904432551707815,-15.14658303543874,-12.295259723917725,-3.5330683194154684
-7.132468606650766,0.1427324175673423,-4.804956448229904,-0.3922020272230947,-5.158306160351643,-18.606051068909203,3.3191583775558144,7.634258919335616,2.0273533372584356,6.058468693328012,-0.1737356066210204,-2.784555154566395,3.8826144735050057,-9.28564348076372,1.3787815670655132,-11.180679151306533,1.797176121644966,8.597963225285827,-8.734598105731488,8.490483634834598,3.900142724172331,-0.3023462332153227,2.6876825536772984,1.4843656390268705,4.771437627872004,5.168620611728734,-8.647709484882377,7.7413238263849715,2.533741458215623,-3.633898360304415,1.1253221411278709,-13.844461985583445,6.754555286567069,7.314002022841475,0.42671315972439267,-1.5229002754031877,13.829577089078573,-13.322116640315516,-6.96107340694928,9.075758482513733,5.825709712498045,1.5154182264673857,2.0339590032515353,0.6888153186935371,-0.31943104291567004,-12.6684148152817,-4.653372631457129,-5.198969344676442,7.10713425859201,-2.03160091533518
0.7677513029897238,-0.07956706534555091,0.1441283816401997,-0.4114222533451981,7.481548675688489,-3.2629000620841113,0.7393228128276126,0.4818679599098065,4.849324133113562,-1.8505668250817542,3.015232661683129,-5.770104720869529,-0.5313340328355748,-7.040503492429242,6.112341744382459,-0.9336117020347526,3.565852399449451,0.25998356696201735,-0.03356933746388857,-0.2747160145057559,4.3135496044176564,0.5416588858338662,-0.3619259077075565,-0.3948268998500969,-2.8549241278091806,3.9732841014968394,-0.4377104643233969,-8.092979103921373,0.1566908743355344,-0.18092221215218135,0.13526384351887183,-0.692867019337537,4.566505766313781,2.307600908928549,0.046631983959336654,-3.4837553863514006,-3.144399745116198,-0.2919457787141466,0.6075584541216281,8.690135137904631,4.523228953979397,2.0339590032515344,5.530146978607268,-0.3380364513083037,-1.5848407257743666,0.10267765974519677,0.8730461041115313,-0.33875518764718493,5.620307845793533,2.809223980197713
-2.216192398165998,-5.91938075986675,0.037306378688288525,-0.3078985339517158,5.475015870425487,-0.0534240782630131,0.38729541352423136,4.372763676984245,-2.1157909517686986,-0.8254949582811657,-0.9454205586143907,5.549459526863264,-0.09496063813494374,7.824589043116398,-0.476678544029955,-7.232929617019049,4.569699177005233,0.05439157083648466,0.36577555425758634,0.4276222594074601,-1.3767616070513762,2.063860133122738,-0.9648646944758841,-0.2362628312487174,4.281493500010673,1.3031955801346056,3.3614802345818733,0.08037896086625548,0.48787906702814987,-9.307067691183866,-0.09585142879284247,0.6581685070890388,-5.013821460804858,-5.897208613210946,0.09355860603253935,-2.889543059467931,-2.8460686057650992,-8.79797260098932,-0.3671153043530742,-8.346782454434981,9.970333415412723,0.6888153186935384,-0.3380364513083046,4.269003293336127,0.5039453998187271,-0.3562867692642257,0.10587870526060655,0.3040251409097762,7.780508578669643,5.5060086670110024
7.842733100960662,-1.1239789939179878,-8.304777116705756,-1.888311327773354,-4.42163832104322,4.727182780747792,-0.24925102088544043,-10.860777667405934,6.050839228784405,2.5330282620696867,2.09750495851427,6.632837975546661,-1.2185829096393739,9.092476951353113,5.084661067290217,10.048051367076136,3.114905860939333,4.389643925720463,6.467964557941708,-2.674145934771544,-15.685511829811304,2.7929452472791265,5.524596682839133,5.073408250173556,-3.2543694976451665,1.0289615708283004,-1.7419741597180955,-8.076469130251846,-3.6384804153182744,-10.075643030729067,-5.304487262872245,4.890420186320574,-11.288916326890904,0.4480642401102972,-0.7172417478050523,3.751911130533368,-9.821409686018315,7.141482273771446,0.5473763227542656,-8.407986562731832,-5.743258019846648,-0.31943104291567037,-1.5848407257743657,0.5039453998187263,12.925973856908072,10.3019279794499,-2.578833622011512,-9.429426955545152,-4.676718467558079,6.2737744547663805
-7.56988739135977,4.936046888682437,-0.25127381803504956,-2.807320851049395,-0.2464625327325488,-8.191816061193181,0.42641410015225323,3.454796425583509,3.294919796337963,1.1527466581823231,-7.3577325712192545,-4.278530082581254,-1.429981039955269,-8.882059238069926,-7.068065041482705,-11.708420072059452,1.8701890449185572,-3.4696960846072282,2.8081311228845798,-4.27605035605828,-4.692813964102567,-3.0696935417716333,5.299329229946456,0.3441077794990817,-2.2151581924321384,9.784727736232702,-1.8321231843804227,13.096438386266096,-6.124029390874638,6.983045652443558,1.3762473072778383,-6.187724458990765,3.4396602460700283,5.3908356227192336,-3.04795424242654,-9.297494145159986,1.1787098557974436,3.2092028832547665,7.914398773781138,-1.9610708148885332,-3.9438478465943243,-12.6684148152817,0.10267765974519616,-0.3562867692642257,10.3019279794499,-0.030627330986298773,2.0669113195874536,-9.396266454141717,-1.8454420255486714,1.9212748634709047
1.9618206023922253,-0.6641174627214781,0.5210540910300445,-0.1315079360941889,2.3791899749051995,3.012371043528832,0.43672724425041304,2.0737090761477313,0.9804192904651723,1.008261143719083,2.825973680126589,5.115357732835857,-0.09533494814404808,-0.6778177069122799,3.7775393552342225,10.259089074347246,1.259537231056382,-0.37976828650160377,0.17681372618194321,-0.08877105083255765,4.4567364911725385,-8.984815791372121,0.9092558216837363,0.12511115905484826,-5.074969963440739,3.0091854724271805,-7.628982910526112,-1.471531286632131,-0.255146320343684,0.8733872857483945,0.12958220489397182,3.3673882990078834,-2.167568520581527,2.2168385721179296,-0.1054013929267659,-1.4605267472431933,6.8497662202996725,1.2618463849971446,-0.4008610220550963,1.9810229760861104,5.690443255170781,-4.65337263145713,0.8730461041115317,0.10587870526060725,-2.5788336220115124,2.0669113195874536,5.133820737573892,0.7416121538602544,-5.02091367879814,1.300232553908022
2.4216886912436113,-1.5476282568089839,3.4601899141148107,6.630766318672893,-12.580641298615213,5.06899789685518,-2.077115936347047,-6.89835125334902,-11.2360348161482,2.739405222162959,10.904195870282063,7.8260535367249755,2.3174658359307654,-0.9066661356602227,-2.619269421817184,16.498391477652895,-1.5458992744736901,-1.6868928736337745,4.12529027902179,-2.650077587762536,0.38770324091298947,10.032103429984346,-12.147593103181693,-6.098727848666623,1.6340917394836407,-3.84642281760795,0.468385777551537,-6.027603420762051,0.007432260605091182,-9.163718153427547,4.355552065528021,-1.1893915136222348,-3.8212890917362716,0.8697343817304466,3.8954904870366485,2.6084398608989625,-10.671088062948023,2.236902993209822,6.164045582446096,-3.404661512448939,-15.146583035438741,-5.198969344676442,-0.3387551876471847,0.30402514090977645,-9.42942695554515,-9.396266454141715,0.7416121538602543,-10.867453206296117,-2.873133903261886,7.174447924026053
3.5269210381645566,-17.01020083272155,2.602616098103577,7.864345818575954,-11.92486810309607,-4.055421312864454,-5.944810468459925,-0.6928538349504675,-0.7125346679989316,-3.990125885966907,2.8510437790522025,6.243335804810544,3.315949712811589,3.8920465633649863,-2.852368995124343,5.300412244077355,-7.41801179438248,0.6278873238061322,-5.902459217679741,2.9214881866549565,-8.607169899644449,7.886099864802453,2.0293139978354424,-0.19531240598898703,-2.935620785863001,-15.317235005556965,4.75506259684625,0.4832417578072062,2.091095464176544,2.9658809236941557,-0.24143588651938583,-2.6704209849912757,-6.590382569371654,-11.45695128050511,-3.7810798052083383,13.953481218441693,-5.826340120595868,1.4423529858876456,3.594564085437537,-5.302964019570603,-12.295259723917725,7.1071342585920085,5.620307845793533,7.780508578669642,-4.676718467558079,-1.8454420255486719,-5.020913678798139,-2.8731339032618846,13.395643526249945,2.2430569149129145
-0.005763231179307493,7.090089579231683,-1.832207528282937,-4.66218766335023,2.3101663409918856,-3.6108568803860597,6.878723686869718,12.027750047407723,4.976348040503626,-6.0013491782547,-3.060328076828439,-13.16586455972741,7.205452487407419,-8.870904276438077,-5.929894436338217,-7.0480930042580425,9.383602744905,-2.7999688386333066,-0.36556591849455833,3.856516010415863,1.0384719664206794,-10.943634722194801,3.5697074020810082,-10.313667684325193,6.1628955380856905,4.232750033916149,-4.351060227157327,1.5429612410607727,-1.0324974356406753,4.461708785858681,-0.5227903193928809,-12.164781415010426,8.610006648862985,2.7583641907360192,6.785250150425194,-6.934908409976176,1.2827999425359087,-12.146908550010645,5.903050989302239,3.7378993526604853,-3.5330683194154693,-2.03160091533518,2.8092239801977126,5.5060086670110024,6.2737744547663805,1.9212748634709047,1.300232553908022,7.174447924026053,2.243056914912915,-5.865036136835227
