n
25
c
-82.0 -107.0 101.0 82.0 -129.0 101.0 100.0 -114.0 -21.0 75.0 -30.0 100.0 82.0 -50.0 89.0 -77.0 -46.0 -107.0 -14.0 -62.0 -50.0 -40.0 -103.0 91.0 -43.0
Q
-5.0,-11.0,9.0,5.0,-6.0,0.0,-8.0,-1.0,-1.0,5.0,1.0,-8.0,3.0,-6.0,9.0,-7.0,3.0,-14.0,-5.0,0.0,-1.0,-2.0,-4.0,2.0,-3.0
-11.0,-16.0,6.0,17.0,9.0,3.0,4.0,-1.0,-1.0,3.0,2.0,4.0,10.0,2.0,7.0,-9.0,-5.0,-7.0,5.0,8.0,-4.0,1.0,-1.0,0.0,5.0
9.0,6.0,-2.0,-11.0,7.0,-12.0,-16.0,-3.0,-5.0,-1.0,-2.0,-9.0,-7.0,-4.0,-3.0,0.0,-2.0,9.0,-5.0,1.0,3.0,0.0,11.0,-3.0,8.0
5.0,17.0,-11.0,-3.0,8.0,5.0,-8.0,3.0,5.0,8.0,-2.0,1.0,-15.0,1.0,9.0,3.0,1.0,-3.0,-1.0,-6.0,1.0,-1.0,2.0,-8.0,-5.0
-6.0,9.0,7.0,8.0,0.0,0.0,4.0,1.0,-4.0,0.0,-6.0,5.0,8.0,5.0,-1.0,2.0,8.0,8.0,0.0,8.0,-4.0,5.0,-7.0,1.0,3.0
0.0,3.0,-12.0,5.0,0.0,-11.0,4.0,5.0,-2.0,-4.0,7.0,-12.0,-2.0,6.0,-13.0,8.0,4.0,-2.0,2.0,-6.0,4.0,8.0,2.0,-8.0,-1.0
-8.0,4.0,-16.0,-8.0,4.0,4.0,-7.0,3.0,-2.0,-14.0,4.0,0.0,5.0,-1.0,5.0,-1.0,-6.0,9.0,3.0,8.0,-6.0,6.0,5.0,-8.0,-9.0
-1.0,-1.0,-3.0,3.0,1.0,5.0,3.0,-7.0,-6.0,14.0,5.0,-1.0,13.0,3.0,8.0,-6.0,1.0,1.0,3.0,-5.0,2.0,2.0,-5.0,3.0,-5.0
-1.0,-1.0,-5.0,5.0,-4.0,-2.0,-2.0,-6.0,14.0,1.0,11.0,1.0,-1.0,6.0,7.0,-8.0,5.0,7.0,14.0,16.0,10.0,3.0,-4.0,7.0,11.0
5.0,3.0,-1.0,8.0,0.0,-4.0,-14.0,14.0,1.0,-2.0,5.0,-10.0,3.0,1.0,-8.0,6.0,1.0,13.0,5.0,-3.0,-1.0,3.0,5.0,-10.0,2.0
1.0,2.0,-2.0,-2.0,-6.0,7.0,4.0,5.0,11.0,5.0,1.0,-1.0,-6.0,8.0,-6.0,6.0,12.0,-2.0,4.0,15.0,13.0,6.0,-6.0,0.0,3.0
-8.0,4.0,-9.0,1.0,5.0,-12.0,0.0,-1.0,1.0,-10.0,-1.0,-14.0,-4.0,-3.0,-3.0,11.0,-4.0,-4.0,1.0,1.0,-4.0,6.0,-4.0,-4.0,-2.0
3.0,10.0,-7.0,-15.0,8.0,-2.0,5.0,13.0,-1.0,3.0,-6.0,-4.0,-6.0,-9.0,9.0,4.0,4.0,7.0,-2.0,1.0,2.0,2.0,-4.0,1.0,-2.0
-6.0,2.0,-4.0,1.0,5.0,6.0,-1.0,3.0,6.0,1.0,8.0,-3.0,-9.0,11.0,8.0,-8.0,17.0,8.0,8.0,12.0,12.0,12.0,-5.0,-2.0,20.0
9.0,7.0,-3.0,9.0,-1.0,-13.0,5.0,8.0,7.0,-8.0,-6.0,-3.0,9.0,8.0,-1.0,10.0,7.0,9.0,2.0,1.0,-6.0,-2.0,-2.0,-9.0,3.0
-7.0,-9.0,0.0,3.0,2.0,8.0,-1.0,-6.0,-8.0,6.0,6.0,11.0,4.0,-8.0,10.0,-4.0,-2.0,-6.0,-1.0,-7.0,3.0,-3.0,-9.0,8.0,3.0
3.0,-5.0,-2.0,1.0,8.0,4.0,-6.0,1.0,5.0,1.0,12.0,-4.0,4.0,17.0,7.0,-2.0,7.0,-2.0,2.0,16.0,12.0,14.0,3.0,-6.0,0.0
-14.0,-7.0,9.0,-3.0,8.0,-2.0,9.0,1.0,7.0,13.0,-2.0,-4.0,7.0,8.0,9.0,-6.0,-2.0,3.0,-6.0,0.0,-1.0,-3.0,-9.0,3.0,-2.0
-5.0,5.0,-5.0,-1.0,0.0,2.0,3.0,3.0,14.0,5.0,4.0,1.0,-2.0,8.0,2.0,-1.0,2.0,-6.0,10.0,1.0,3.0,9.0,-5.0,4.0,7.0
0.0,8.0,1.0,-6.0,8.0,-6.0,8.0,-5.0,16.0,-3.0,15.0,1.0,1.0,12.0,1.0,-7.0,16.0,0.0,1.0,7.0,10.0,12.0,6.0,-1.0,7.0
-1.0,-4.0,3.0,1.0,-4.0,4.0,-6.0,2.0,10.0,-1.0,13.0,-4.0,2.0,12.0,-6.0,3.0,12.0,-1.0,3.0,10.0,9.0,9.0,2.0,0.0,10.0
-2.0,1.0,0.0,-1.0,5.0,8.0,6.0,2.0,3.0,3.0,6.0,6.0,2.0,12.0,-2.0,-3.0,14.0,-3.0,9.0,12.0,9.0,11.0,0.0,1.0,15.0
-4.0,-1.0,11.0,2.0,-7.0,2.0,5.0,-5.0,-4.0,5.0,-6.0,-4.0,-4.0,-5.0,-2.0,-9.0,3.0,-9.0,-5.0,6.0,2.0,0.0,5.0,2.0,7.0
2.0,0.0,-3.0,-8.0,1.0,-8.0,-8.0,3.0,7.0,-10.0,0.0,-4.0,1.0,-2.0,-9.0,8.0,-6.0,3.0,4.0,-1.0,0.0,1.0,2.0,-6.0,7.0
-3.0,5.0,8.0,-5.0,3.0,-1.0,-9.0,-5.0,11.0,2.0,3.0,-2.0,-2.0,20.0,3.0,3.0,0.0,-2.0,7.0,7.0,10.0,15.0,7.0,7.0,8.0
