n
50
c
158.63043955298156 -8.00927264688323 -201.84305146371443 -186.17239351702074 -225.5692622474449 3.58076066059554 181.43458000498 -151.3370492634534 -1.9244027320691588 -11.746038217765033 151.1100502784879 174.4546492907475 14.582320397489365 141.97930324953685 -0.20497155732699 -187.021669164952 19.0299216718645 178.05197509864783 -10.755459429682904 134.37493639748152 -189.9668881133049 -160.16876010057297 -230.14638944197876 -176.0863609031984 41.343090407987034 21.050067759796978 175.7043350385587 -2.703188699520772 212.81535668122686 6.365082521872325 -182.5437787049956 -9.224082059567893 -157.9750740458961 176.89531577395195 -205.61071468641643 -16.042815496929286 -210.17469928881252 162.25255903095373 164.43205097535176 -157.79466368362654 -143.21581364616685 -16.69259207212901 -211.04031004918133 176.08815332522622 127.42856548836906 4.4164481712684855 -206.78577291098586 170.77653908189592 -7.745623442972965 193.26929586632028
Q
-10.563975311553218,-5.53410361238217,7.843070116407342,3.7516692596401775,11.564647071470532,5.87071141048455,-18.135985950721786,6.937064860636892,3.3039617738049687,1.8671894591556986,-12.696779449354267,0.7463773994082886,-4.542835596183895,-4.894001013372658,-7.113566311210857,-0.5211187257479881,-1.5052408134243034,-13.357307059916739,-6.840198463918697,-8.388355908707235,11.643018543591309,9.559280337085365,10.549727180355664,-4.666817403918507,-8.633143269506615,2.396494838237217,3.2030324323694415,-8.644221877427265,1.788560808364168,4.374685063756564,9.566198586320256,-2.1831801580472425,4.771828104509934,-12.070267292747385,-2.6528254250171472,0.4291055679954838,8.900963507382901,-12.206729807335748,-7.458665825050248,2.622926918220893,-1.12771947018238,4.2567641475969955,3.3945465039722107,-12.770204635524959,-1.0260784910636036,5.457307289809635,4.436420070132111,3.2195084184591036,-6.832679696677262,-2.980757508539847
-5.534103612382171,4.853969521675872,-0.2104454440046445,1.2027322164740124,0.6177179871745888,0.36067323723511574,-5.495712092368778,-0.526574255013019,-0.02234829715556441,0.0976944536452789,-3.737509153057139,2.4049524727109346,-0.7519630180621063,-6.63009761339428,0.46258164055687623,-3.439837283438778,0.14547961030430234,0.3789365343780077,0.4198018356572749,3.4831515741573496,2.998872441594294,-4.662136992609921,-1.164103120997406,-4.638720596641516,0.09901393520103419,-0.12282570873878679,7.844837574109151,-0.2049410574710182,6.376125297462111,0.5535737060117876,-4.9404496040834776,0.3306104573821659,-6.376775935968395,-4.907324729893702,0.7934156931666522,0.11523997223159177,7.570151391215479,-0.2929576076629381,-6.01861062368635,-0.4132797515317612,3.164916095702515,-0.17137290327120325,8.637735317079,-2.5543135457134007,-1.2079323781331732,-0.07936382948161147,6.110718775627417,4.808969858410976,0.29997017702990664,3.241533120401253
7.843070116407342,-0.21044544400464543,-6.031288144712921,4.250692967488265,-6.898894753170131,2.862901968040741,12.14833499838561,-8.914437293212536,0.14000899320334892,-2.353467209515444,7.991963391586884,4.119782690377164,-2.132472216735927,6.853769591851126,4.007075858234923,-3.3561467978645676,-0.396532050874218,-2.8345041785229785,1.7172745222916808,5.6969706216171145,-7.801497886875498,-2.0796114377419403,1.6273437652955731,-7.052666186110433,-6.432502543324821,0.2682893441810382,13.971367184146501,7.302149091344557,2.45205269346057,2.2057457427845337,-12.035612277615618,-2.7374692201685136,-9.486155150404375,6.489421401893823,-2.2280051294775083,4.479519050966928,-5.839137708490819,-0.8957190786327945,2.7810184758733327,-7.358452174278324,-1.9057644960687845,6.800558183244295,3.9761350950230505,1.586368523189004,1.3116226270251579,1.1962425886803008,-0.6709241853679686,2.4838144209067368,4.802175823039959,5.727013940466543
3.751669259640178,1.2027322164740117,4.250692967488266,-8.546626773713724,-6.077865456043351,0.31059450971177416,-3.6921036129592606,-3.706043510224003,4.079142790108008,-0.6071661965558621,8.927577375016309,6.68917152309416,-0.7662301555326096,0.8330492808896897,-1.356799120671001,-8.175209811409358,1.9980965650464282,10.572530805261053,-3.9766591452173756,1.827542578944037,-2.3676627499883685,-5.60259267941494,-0.5080072508392621,0.9707554938868643,1.3761359952342862,4.205347083234647,-1.4118057026602313,9.310177523989637,0.19441270832265484,-5.255377970398784,-2.062913760277193,-1.4605815840557503,-12.281011840334424,13.089232751493439,2.591539436933711,-5.817091133700217,-6.29637377608475,12.379390834170426,-3.3931761022076135,0.6361975161772264,-6.030098663843889,8.83803778088229,-2.834387659150498,3.0162867862044433,19.675063693822974,-1.5782992783724545,-2.3273151038115154,-0.9394283253167091,-7.246042782480934,13.096547531477416
11.564647071470532,0.6177179871745891,-6.898894753170133,-6.077865456043351,-7.036349761830037,3.3912302338344293,7.731714027825535,-0.8577336175869964,5.203359551595833,4.689008062328023,3.9024786859295038,-2.4556070604161016,1.6733935759836507,-0.924744941337166,6.151788892226139,-3.335164360611086,-2.270847523662175,17.299947483495586,7.636325326370885,-4.4476672148430465,-1.6160771287179578,-4.337312383500452,5.14110554556812,-3.7799125718343713,-5.246536540953046,-1.5301083757447027,3.7305615363795495,2.554120732230275,12.02909506897982,8.16155201511131,3.354673699341371,5.00978241523223,0.689862845964339,13.739918487336958,-7.881491769443881,2.139752258635027,-4.623844549352332,10.132461509928897,5.6509816184194035,1.6506017562138298,-5.6988035485296535,-5.708509062683141,-7.492211734837747,11.657310092200975,14.336508647747,-3.223377651222883,-11.694780496066338,-1.8650430731872243,-1.8418054633807808,10.995993929117088
5.87071141048455,0.36067323723511546,2.8629019680407426,0.31059450971177305,3.391230233834428,5.602989609484425,3.0470328154459123,2.2248278876921086,0.22339834301009687,-0.5481981708832819,-8.399827158926906,6.267194028548615,0.05317851794101669,3.25862224806985,-0.09667120624149346,-3.0002756984313805,0.45989339465069196,4.918254513743903,0.0669800086858463,0.6084229322375785,-6.66187467039758,-1.9762241910725558,-0.09736761399802396,-4.445028175229126,-0.5877786575605453,-0.30804431340538985,-1.9455293691655058,0.6868510167811438,4.249906118161043,-0.559428762607935,3.509443287181304,-0.3319758642691697,-0.9359326239442847,-0.013832318994922321,5.431180736577441,0.13338581636951763,-4.6702114885034725,-2.981993587965638,8.962217510023391,7.0248467858381325,-2.4752022387098833,0.10407248878855158,-4.987287830001192,1.8540877793279873,2.349146593639529,0.6124421457609714,-3.981799189672704,2.1117758258801347,-0.21762420965087326,-5.495306681089473
-18.135985950721786,-5.495712092368776,12.148334998385613,-3.692103612959261,7.731714027825533,3.0470328154459128,-0.5217432912307451,3.515138895459431,10.647731608373583,-6.214348951334951,-7.306782331179833,-8.684091258107607,-9.941924651779054,1.3524920352233876,-4.5002468238042255,6.422384771386892,-2.8355250415335953,2.784883062994881,1.185410493172707,1.7688727114543565,14.133661121449636,5.93500955558115,3.5480156507233973,-6.240065893606122,-2.268109253420493,-0.22067013044677242,-5.378913495246438,1.0997428532766438,-8.956848974545567,-5.1292957956429435,5.9305867403014645,4.642727804689132,-3.8941240911627326,-4.776715384565674,-6.196012065343455,2.741539690062355,4.494659566815404,-12.697368792465403,-9.820480516750509,1.772023293776666,2.2213021387549716,6.869004478699101,9.600253280128184,3.477467776105242,0.41477570172193257,1.703826698353423,1.0393060087840422,-5.514254765200262,5.897768454752088,-1.8043282978188733
6.937064860636892,-0.5265742550130175,-8.914437293212536,-3.7060435102240024,-0.8577336175869967,2.2248278876921086,3.51513889545943,4.67286489041618,-3.213520460816024,-0.02336073598003513,1.985610665516112,11.00102810803946,-9.939916612099186,9.52384176243969,-8.051770589715373,-1.779902399505362,-5.270651900634235,8.90276741393777,-5.154598168718904,4.764450273247984,-9.177797163412263,-6.83876978832058,1.854747465044249,-4.864516004353738,-8.865316102913253,1.4945093481238754,7.316334444363952,-3.542543586870119,-2.2192060731427508,3.891616885599527,-7.650099089029312,3.176554646239521,-2.9308771657774884,-1.7173453663540106,0.8859460023707075,3.284022385211471,-12.297030201090237,3.5595320576822096,2.289669447275485,4.102201478354682,-7.025626746055098,-5.622288867856707,6.038150717286602,0.7715163006891823,5.847822079369711,-1.9082744515012826,-7.767863875547352,4.432396687608117,-0.6442994310721906,-3.7780982933163094
3.3039617738049674,-0.02234829715556319,0.14000899320335036,4.079142790108008,5.203359551595832,0.22339834301009687,10.647731608373583,-3.2135204608160244,6.06345798434957,-0.2294016988282512,-2.403191166517674,1.6188301130196248,-0.3816954599228126,-0.7170325205556756,0.31220758697872847,-9.542197215122165,-0.567654923569124,1.5440585551584434,-0.07733978765883087,6.30252898097636,1.4913950839329067,-3.70459957565471,5.226013781429306,1.070603568339164,-0.31656304636265586,-0.02678518951792208,-3.554302810693096,0.9917390313092986,1.1048201560318611,-0.7655524844813528,4.2176446490812864,-0.2897833267445168,0.2781726867758199,0.27964385832893457,-2.787311472610504,0.7033751307091498,-9.286489850613078,-3.9976848056670606,-5.602282597861674,4.853424719899047,1.6946941075946929,-0.16625118491716584,-1.864408666598429,2.2483390697399956,1.4502894081840918,0.49484699902593854,-1.2689604359251656,4.304276110771286,0.28718469108583217,6.342171572544164
1.8671894591556988,0.09769445364527762,-2.353467209515442,-0.6071661965558626,4.689008062328023,-0.5481981708832809,-6.2143489513349515,-0.02336073598003552,-0.22940169882825057,5.632369818701011,-0.6217049400764945,2.7275280016907044,0.6328481522750471,-5.6968768196262065,-0.2941202070490583,1.511309487935264,-0.2072053955903897,-6.289301992715984,-0.10063076942168037,0.9432517972158583,-0.9752778987031295,-9.966451989321115,1.3273153855381263,6.552381001953681,-0.15465572908040542,0.29222263053416564,0.6919128912722289,-0.41332518926010897,-2.2752442035171656,0.28976075785737154,-5.337164688443359,0.4365023272013847,-0.6968613824524963,-3.950571689352466,2.6584058262243917,-0.01730887371776646,-2.7401182358253857,1.0655836027860874,-0.3555602960438441,6.131010898045989,-1.529615743401906,0.029207262783460974,6.4821026565218425,-3.003468285159334,6.189019535728142,0.3436607120642902,1.3429279934332765,-1.7806866298187491,-0.20012099424439683,-5.2120045241572805
-12.696779449354267,-3.737509153057139,7.991963391586884,8.927577375016309,3.9024786859295038,-8.399827158926904,-7.306782331179833,1.9856106655161103,-2.4031911665176744,-0.6217049400764939,-3.5377186492915573,3.7176023144905237,-4.570590741830367,5.049510876064275,4.360689482018779,7.825293266169492,2.2858278284466182,-4.265326213761354,8.715039673167844,-9.370481012690663,0.7921910173457932,4.102303147356789,11.868180503169308,-1.3285990329977122,-4.446648152060805,-1.4886401454918097,0.19913820294135987,-7.218510484624412,-12.634663634428003,-5.796973044771551,2.5681418683775323,6.825864610241165,1.6809369029445782,-4.2977052652128656,7.869456777550182,3.5307290707390955,11.045574606331938,-5.287425765148657,-0.6154016108883437,11.193530924395365,13.861079569792373,4.545079370414197,5.459112803372877,-11.287514017065998,-0.8154713179581129,6.777637639807473,-3.0133404984595984,8.282185359874997,3.925996247250963,-2.9868997986635835
0.7463773994082887,2.4049524727109333,4.119782690377163,6.689171523094161,-2.455607060416102,6.267194028548615,-8.684091258107607,11.001028108039458,1.6188301130196248,2.727528001690704,3.7176023144905237,-4.5080836805051945,-1.5287599795130389,-7.32235261972153,-5.920250693496769,-2.9977824426802737,6.7599347412440824,-1.7348377398014279,0.9614898388846462,-9.806411104373485,-0.8500977620360731,2.6272637095893225,3.428180579822499,14.977441472985033,1.1057975984652346,-0.9219706796539813,-0.7154368706820671,-2.8252431240177356,1.7832032646654858,-0.5035129158833462,-7.146575913142661,0.2863497022816559,3.4736317043718246,-8.039060629179575,1.7994308650916222,-1.4501245448509992,9.399684093146982,-17.162183676934145,-1.1964602856914275,7.450102210060839,2.4563451410269868,-3.9357695048573436,-6.60845959143867,-2.9545652932157114,-8.831120745863567,3.670826867390458,8.484100577729384,-6.675667667245531,-5.0827650268241475,-4.4863093003528896
-4.542835596183895,-0.7519630180621069,-2.1324722167359274,-0.7662301555326091,1.6733935759836496,0.05317851794101719,-9.941924651779054,-9.939916612099186,-0.38169545992281306,0.6328481522750464,-4.570590741830367,-1.5287599795130395,4.385552359616019,-1.305972278246221,-0.301806643319668,-1.7094734903053868,0.08014268504315764,-1.6114972640357177,-0.12425355378487146,-5.977388003348326,-1.3770011251018353,-4.22371779947057,8.012114698046094,-3.385189697381595,-0.13160035811812798,0.20299801653811222,4.30905716463262,-0.14385576654210985,5.21967564703764,0.4280413694602212,-2.1256924501842267,0.07422133410790521,2.2422311706297795,0.7040198922131967,-1.9305844512001167,-0.5027666818688382,-3.446877666556144,0.5457851633697547,0.3785230235531255,-6.851658706055364,5.354635776628798,-0.2558604971424866,-0.9189663641942197,1.627899940791601,-4.268522503127118,0.687880733214498,4.6658938476082366,0.5000336787767445,-0.5407150830128195,-1.2845825159295985
-4.894001013372659,-6.63009761339428,6.853769591851126,0.8330492808896905,-0.9247449413371668,3.2586222480698495,1.3524920352233876,9.52384176243969,-0.7170325205556745,-5.696876819626206,5.049510876064276,-7.32235261972153,-1.3059722782462213,-5.482806989850555,2.2348907331582364,10.685111081939649,-3.316332823996801,-0.16230029222075165,4.866906446980709,-14.889356746009053,-1.48226379508879,3.9678832735183622,8.881968345059928,16.87299772672641,3.6329038859905847,2.8365332794232008,4.640172821537984,5.084627137885982,-1.0731302122021542,0.11542450730502662,12.716653165497258,-8.118726955204847,12.978793754498064,-5.586963076361645,6.974380606123898,3.6978223298874315,7.468710180178216,-8.573683296034357,-12.228816114388467,8.972013780487345,12.697294004886805,1.7803915396654573,13.48953176983401,0.13570927984997905,-3.3522251195776884,-1.1788405906226107,5.532095926081102,-7.7346618424945195,8.863915427212286,-14.853222851555154
-7.113566311210856,0.4625816405568758,4.0070758582349235,-1.3567991206710002,6.151788892226139,-0.09667120624149161,-4.5002468238042255,-8.051770589715371,0.31220758697872775,-0.29412020704905895,4.360689482018779,-5.920250693496768,-0.30180664331966756,2.234890733158236,5.089519357506546,-1.9154277374513373,0.10527485219489796,-1.3728531107372903,0.19174952076889362,2.3978538290790503,2.0758308031986585,4.2718026661866295,-7.6018850524553425,3.0108071380176913,-0.3499684720814713,0.04998406084014739,6.825836609991853,0.30869560156135756,0.7665252170835772,-0.17634439187985018,4.87423544564811,0.6156408236526354,4.843031972625614,0.7487123996069618,-10.960623049329863,-0.3600067716997144,6.28984082754393,1.2903820275352378,6.581319199065025,1.2883266809444065,-3.250818821266291,0.0589321498383194,0.2468587964514677,-1.0253049372379162,8.161546979314604,-0.2722706427857188,-4.219899426757867,4.016765269470631,-0.23737868781300858,-5.394261522111629
-0.5211187257479889,-3.439837283438779,-3.3561467978645676,-8.175209811409356,-3.335164360611085,-3.0002756984313805,6.422384771386892,-1.7799023995053624,-9.542197215122163,1.511309487935263,7.825293266169491,-2.997782442680273,-1.7094734903053865,10.685111081939649,-1.9154277374513367,2.082331409259236,-7.32944164127213,5.700960983244853,0.7317920788955808,0.850916354182413,-5.805310099558992,-9.228918647024871,-3.0293444771469105,-6.415664294757987,-2.012018895250585,-2.184882729288666,-2.2231552191003576,9.942317062448765,-8.000591471891777,-1.0736447191731737,-5.124597370781271,-4.941204622863187,-3.0257247466667145,6.454754587546233,-2.0393561725847436,-6.861376209067859,-0.01587573835444467,9.111744236099252,6.374551400320672,-2.857660464911967,-6.846787823208123,4.613777759387472,-7.276187304972227,14.602738094808675,4.295183592169332,2.2286422530963392,-1.3602681118019486,5.622366416470822,-0.42860959524140785,6.597014227673526
-1.5052408134243032,0.14547961030430315,-0.39653205087421783,1.9980965650464282,-2.2708475236621757,0.4598933946506918,-2.8355250415335944,-5.270651900634234,-0.567654923569123,-0.20720539559038986,2.2858278284466196,6.7599347412440824,0.08014268504315769,-3.3163328239968006,0.10527485219489832,-7.329441641272129,4.818878421642245,5.757572443832505,-0.20173214053455446,1.4535822551288224,0.26352776337375416,4.4490584619944995,5.746988161287687,4.415647768578035,0.4651007156379259,0.1478397726643718,-3.617293463447421,0.3844605474998751,-9.397457442913204,0.49865712253180783,-7.683390022102997,-0.28132034777147097,4.625399475922283,-0.30538964966826476,-7.558746944007892,0.32174303868375675,-6.5940166228013695,-5.78675425697943,4.576846788135149,0.8667471629848618,-9.014353218685118,0.2864694634517173,-0.17943521407344043,3.329540853386165,-3.2090723853824805,-0.5279209696735798,1.3459406973912853,3.981856735823361,-0.49520654081314985,-0.8752718457637039
-13.357307059916739,0.37893653437800745,-2.83450417852298,10.572530805261053,17.299947483495586,4.918254513743902,2.7848830629948815,8.90276741393777,1.5440585551584434,-6.289301992715984,-4.265326213761354,-1.7348377398014265,-1.6114972640357184,-0.16230029222075248,-1.37285311073729,5.700960983244852,5.757572443832504,9.872714962540584,-1.0456518359808407,-13.66916330188285,18.18643769591771,6.0513793213561895,-0.8539150037596364,5.653737295415999,-0.562080688793785,1.9870179727994994,-8.594104037874693,-4.712809863110735,-3.1910858215561824,-2.7357447488300606,-1.3256051437595215,4.634436853026428,2.552242034463045,-1.7637109948972984,2.7362180234013804,-10.183354837868428,1.3801254377966057,1.0748134842365669,-16.898790667932186,1.8396364632183935,2.525264199103054,1.2636237110341848,13.654562658493061,-8.915830202051124,-9.990687421220597,0.34068578252303516,6.017832929669051,2.1107896335324705,6.199744560376016,-0.36251979034127235
-6.840198463918697,0.4198018356572756,1.717274522291682,-3.9766591452173765,7.636325326370884,0.06698000868584542,1.1854104931727072,-5.154598168718903,-0.07733978765883293,-0.10063076942168125,8.715039673167844,0.9614898388846452,-0.1242535537848719,4.866906446980708,0.1917495207688933,0.731792078895582,-0.20173214053455396,-1.0456518359808418,6.746051310418231,6.045101476901838,-0.7213799719171716,3.129997306280346,-2.409942864565907,1.9738461623299992,-0.4631019918684769,0.9773203692839606,-6.725121569164525,-0.019137801571270152,5.871952130787404,-0.36863642480088155,-0.4756272493875497,0.263648892722959,-1.6314629823725397,-6.977950630056307,-0.4650018126099651,0.4721181971236432,2.548032476830663,-0.12274279897104634,-4.871469610575002,-1.362185422828039,0.9193272727906743,-0.27083329433221137,8.041773401180464,4.142431670827354,-4.457225357800351,-1.3269796364282822,-3.781395356768994,2.822110751279152,0.2222947215230604,4.9630137430643275
-8.388355908707236,3.4831515741573487,5.696970621617114,1.827542578944037,-4.4476672148430465,0.6084229322375783,1.7688727114543568,4.764450273247983,6.3025289809763585,0.9432517972158587,-9.370481012690663,-9.806411104373485,-5.9773880033483255,-14.889356746009055,2.3978538290790508,0.8509163541824118,1.4535822551288216,-13.669163301882849,6.045101476901838,10.96637095214898,16.32625400583666,1.5891988604139033,5.791815429812665,5.301235369834077,-0.019114936936445837,3.5847827789581626,-4.156479753552052,5.745246912726586,-2.7132945354871647,-0.5043074849963833,-4.366429291285085,9.154223473428653,19.742992279142904,-1.4086031726336987,9.750448472409033,6.372234603751895,1.7147013243079328,-6.088933432896969,-6.135863199600977,7.957154557609977,14.215463789239786,1.323671188047682,8.739287866734788,-2.417846066510905,3.7086271942024815,4.221343792346049,4.64290492312265,-0.4256299567138492,1.2792963453871709,-13.564543035686839
11.643018543591309,2.998872441594293,-7.801497886875498,-2.3676627499883685,-1.6160771287179578,-6.66187467039758,14.133661121449636,-9.177797163412263,1.4913950839329075,-0.9752778987031292,0.7921910173457938,-0.8500977620360723,-1.3770011251018348,-1.4822637950887891,2.075830803198659,-5.805310099558991,0.26352776337375355,18.18643769591771,-0.7213799719171717,16.326254005836663,5.2112232031889425,-10.82314339065832,5.844229761082706,-9.509324765368621,4.7859448336658215,-4.2581439049421075,0.6537787131382111,-3.3309356226967317,0.7365940775426875,-7.013106826893299,3.033125949116534,-4.75960973552957,5.631584220090493,11.61261873250436,3.8614586681655245,1.179523448015174,-8.64404919668474,-1.1698779054547548,11.63754901316751,-5.08902062561903,-9.081272072742546,-1.0939038903410248,-0.8529200838811004,0.774564551020817,7.655172431016511,1.5729344943297388,2.5699541688624956,13.385030583399905,-3.2130094579851107,4.80024793175868
9.559280337085365,-4.662136992609921,-2.0796114377419417,-5.602592679414939,-4.337312383500452,-1.9762241910725575,5.935009555581149,-6.8387697883205805,-3.70459957565471,-9.966451989321115,4.102303147356789,2.627263709589323,-4.2237177994705695,3.967883273518362,4.2718026661866295,-9.228918647024871,4.449058461994499,6.051379321356189,3.1299973062803437,1.5891988604139036,-10.823143390658318,-7.3351642816961125,-5.443006146497544,0.2321366821962395,1.6985693027677682,-7.9463828393311955,-0.9042283135901641,-3.9606143233145126,-3.0387903587153695,5.690852206255332,-2.6210555463863683,4.178099002602757,1.9664053799111234,4.752383165010904,-7.660748593354399,4.723489133010743,3.9190722943901655,9.432631892903972,4.976549331068298,-10.038137864092151,-1.1670346070841306,-1.019950046038395,-5.743327312221095,5.371196843809361,11.750826831604984,5.960405447910801,-4.425303352038971,-1.5875606338361044,-0.7835733783022468,4.0891728531998845
10.549727180355664,-1.1641031209974058,1.627343765295573,-0.5080072508392617,5.14110554556812,-0.09736761399802463,3.548015650723398,1.8547474650442486,5.226013781429307,1.3273153855381263,11.86818050316931,3.428180579822499,8.012114698046094,8.881968345059928,-7.6018850524553425,-3.0293444771469114,5.746988161287687,-0.8539150037596368,-2.409942864565907,5.791815429812664,5.844229761082706,-5.443006146497543,-7.4511695517959335,-2.5689173588713494,-1.116052837352954,-1.7659202433093002,1.056274195286213,-3.5811142784598116,6.4685815482088875,1.210745479098084,-13.099715495532493,6.964774925433849,0.9937841058276266,-1.936219187958082,5.357831502883732,8.107543014559566,2.832543485143494,9.367313298885534,2.579578831046005,-7.050479803488712,-2.2432971165154716,0.8006888844324144,5.935218826252932,0.2463570272462665,4.035464002561022,-6.0731799689365,-0.8626942011776518,2.1399698486294345,-3.514484882759395,2.772773998950472
-4.666817403918506,-4.638720596641516,-7.052666186110434,0.9707554938868648,-3.7799125718343713,-4.445028175229127,-6.240065893606123,-4.864516004353737,1.0706035683391653,6.5523810019536795,-1.3285990329977124,14.977441472985033,-3.385189697381595,16.872997726726407,3.0108071380176917,-6.415664294757986,4.415647768578034,5.653737295416,1.9738461623299988,5.301235369834076,-9.509324765368621,0.2321366821962385,-2.5689173588713494,-6.821125158704316,-2.090004733455351,0.052727180264490525,-1.026981798190036,-6.450337562260595,-0.49881439520718285,-1.8111792912620561,1.2215067158190194,5.09664959883921,-3.972866497641184,2.503823732631245,-8.18400339782794,5.327397650335342,-7.176581635561703,0.5752755527936422,8.744255986892014,-14.021026900757082,-5.970491049764801,6.406961963756911,-9.898012038086382,11.086108521714786,-0.2657005188082543,7.19159207403591,-1.6527814812581199,-6.9630589154596905,6.70517068682236,-1.5540113513624771
-8.633143269506615,0.09901393520103409,-6.432502543324823,1.3761359952342869,-5.246536540953044,-0.5877786575605439,-2.268109253420492,-8.865316102913253,-0.316563046362654,-0.15465572908040467,-4.446648152060806,1.1057975984652342,-0.13160035811812731,3.632903885990583,-0.34996847208147036,-2.0120188952505855,0.4651007156379254,-0.5620806887937837,-0.463101991868478,-0.01911493693644717,4.7859448336658215,1.698569302767769,-1.1160528373529544,-2.0900047334553515,5.470820006148113,0.37111283255816613,3.752015189042004,0.47666953460474937,8.774283245860303,-0.049824672161829175,-1.1701826690156876,0.016162038190403294,-4.471781326152829,-3.037660137787648,-3.0145606724215215,0.04740359017198825,-0.6440915366658881,-4.953726893590984,7.81650451103,-10.468094260936214,-1.5454019027790895,0.17015099758104624,0.6723194445346727,1.459588058376014,-4.809557977884208,0.964273244468203,-2.9973111505395846,-2.416831995346764,-0.02689633329826263,-4.643411787119856
2.396494838237217,-0.12282570873878673,0.2682893441810384,4.205347083234647,-1.530108375744704,-0.3080443134053892,-0.220670130446771,1.4945093481238767,-0.02678518951792208,0.2922226305341651,-1.4886401454918112,-0.9219706796539815,0.20299801653811245,2.8365332794232003,0.04998406084014734,-2.184882729288666,0.14783977266437182,1.9870179727994994,0.97732036928396,3.5847827789581634,-4.2581439049421075,-7.946382839331195,-1.7659202433093004,0.052727180264490525,0.3711128325581661,5.761914962956857,1.8248989660872725,0.13162537037605215,8.346740954647842,-0.020647878965780908,0.6022240510709005,0.023643554773780773,-5.2074187035962405,-0.769064417658174,-2.7118025084013593,0.16445855665358255,0.9970638686730773,1.4590393067444516,1.3598251364699627,-0.7382862025503758,-4.407699643458231,-0.5352741892774204,-5.391697879755427,-4.612658353986795,1.363179880517753,-0.36403217118297176,2.585082552867565,0.1468596775808375,-0.16362866891349045,-4.7940056464344405
3.203032432369441,7.844837574109151,13.971367184146501,-1.4118057026602329,3.7305615363795503,-1.9455293691655058,-5.378913495246438,7.316334444363953,-3.5543028106930956,0.6919128912722285,0.1991382029413598,-0.7154368706820668,4.3090571646326215,4.640172821537984,6.825836609991852,-2.2231552191003576,-3.617293463447422,-8.594104037874693,-6.725121569164525,-4.156479753552052,0.6537787131382107,-0.9042283135901648,1.0562741952862127,-1.0269817981900362,3.7520151890420035,1.824898966087273,-5.595801367423212,-0.2461945921590898,-6.818642816012925,-6.677985325879832,9.386791836786085,-0.016186232673591372,9.705798155575284,-13.082563885175519,5.774741854269777,-0.4617392049798881,-3.1055902724774658,3.5513547743354033,-5.8516390137637675,0.8061012329960763,1.8476310212502898,-3.0192283436060237,5.722349922092696,-15.199988030930786,-9.776167577625086,1.8189507542352124,-2.2688774912745027,1.1423629119412033,1.816678865272935,-10.734821358539648
-8.644221877427265,-0.20494105747101762,7.302149091344556,9.310177523989637,2.554120732230275,0.6868510167811432,1.099742853276644,-3.54254358687012,0.9917390313092983,-0.4133251892601079,-7.218510484624412,-2.8252431240177347,-0.14385576654211008,5.084627137885981,0.30869560156135734,9.942317062448765,0.38446054749987435,-4.712809863110736,-0.019137801571270208,5.745246912726587,-3.3309356226967335,-3.9606143233145144,-3.581114278459812,-6.450337562260594,0.4766695346047496,0.13162537037605215,-0.2461945921590899,5.029060461851079,-3.490779394919615,-0.5405310400448975,7.538164224060427,-0.020838144863176034,-0.4246492843892964,-1.104393742196305,-2.0955406180593084,-0.4660802150787573,-8.373782783081246,3.35004365602187,-0.5135004202552133,-2.695917971051439,1.8364487340769002,0.02756097222374243,2.9423182638702357,8.213446211984804,-1.141035576511991,0.08329659747336493,-7.932718256094556,5.889970375526205,0.6575130049611578,4.577230282021608
1.7885608083641684,6.37612529746211,2.452052693460568,0.1944127083226559,12.02909506897982,4.249906118161041,-8.956848974545567,-2.219206073142752,1.1048201560318613,-2.275244203517166,-12.634663634428003,1.7832032646654865,5.21967564703764,-1.0731302122021558,0.7665252170835786,-8.000591471891777,-9.397457442913204,-3.1910858215561815,5.871952130787404,-2.713294535487165,0.7365940775426887,-3.038790358715369,6.4685815482088875,-0.49881439520718196,8.774283245860303,8.346740954647842,-6.818642816012924,-3.490779394919616,10.127362848561745,3.247517767955099,-2.277397213992138,3.149613245414597,5.477628914541425,5.658898114650279,-0.06188287265599646,1.2779314818398289,3.5406355571686015,-7.670008791180358,0.8583469499806329,7.108666040042236,6.159578322460471,-0.6759112980803432,-4.0258288851581385,0.5351912355168174,-5.092923536078846,-4.714540791822563,2.824143324648431,-13.72620373276571,3.4425221657280716,-12.566430490428667
4.374685063756563,0.5535737060117867,2.205745742784534,-5.255377970398784,8.16155201511131,-0.5594287626079343,-5.129295795642942,3.891616885599526,-0.7655524844813536,0.28976075785737243,-5.796973044771551,-0.5035129158833465,0.42804136946022,0.11542450730502657,-0.17634439187984988,-1.073644719173174,0.49865712253180816,-2.735744748830059,-0.36863642480088,-0.5043074849963847,-7.013106826893298,5.6908522062553315,1.2107454790980854,-1.8111792912620561,-0.04982467216182936,-0.020647878965780686,-6.677985325879833,-0.5405310400448983,3.247517767955099,5.303201797705944,-3.3314920905334175,0.43508240260833975,-5.767177205791603,4.83944045429919,-2.7404020987162063,0.4919165520789228,-0.5901431698635183,1.5888685285629056,-3.4166337321076297,0.40202815230063715,5.764378714483044,-0.10975233478700908,-5.717349764494638,-3.1192011290669126,2.4511747205498207,0.176527816250169,-1.1054585188160462,3.4763511135955953,0.051068855559153414,-3.1742441665579344
9.566198586320256,-4.9404496040834776,-12.035612277615618,-2.0629137602771923,3.3546736993413715,3.509443287181304,5.930586740301464,-7.650099089029312,4.2176446490812864,-5.337164688443361,2.5681418683775323,-7.146575913142661,-2.125692450184227,12.716653165497258,4.874235445648109,-5.124597370781272,-7.683390022102999,-1.3256051437595218,-0.47562724938754863,-4.366429291285085,3.0331259491165343,-2.6210555463863696,-13.099715495532493,1.2215067158190196,-1.1701826690156885,0.602224051070901,9.386791836786086,7.538164224060426,-2.2773972139921383,-3.331492090533417,-2.24883977000553,-5.03855970472724,-4.827789344055374,4.032873321821186,-11.834061281962153,3.667629457876405,-9.63652175075007,3.5533634804716594,5.297110094564641,-15.899868068397291,-9.018859224266157,-4.4296770726265615,-2.3895358623440472,-1.2523157753831835,0.8680619070202994,-0.3949886006129043,3.2631576031704324,-6.90765434081411,6.728804183022341,1.730199950223823
-2.183180158047243,0.3306104573821674,-2.737469220168513,-1.46058158405575,5.0097824152322294,-0.33197586426917036,4.642727804689132,3.176554646239519,-0.28978332674451956,0.43650232720138504,6.825864610241166,0.28634970228165524,0.07422133410790477,-8.118726955204847,0.6156408236526352,-4.941204622863186,-0.2813203477714713,4.634436853026427,0.2636488927229581,9.154223473428653,-4.759609735529569,4.178099002602758,6.96477492543385,5.09664959883921,0.016162038190403294,0.023643554773781106,-0.016186232673590317,-0.020838144863175367,3.1496132454145975,0.4350824026083393,-5.038559704727239,5.442927228373573,-7.483275014738021,1.9704123124413386,0.9804596487417953,-0.10097102037624761,-1.8799194413009916,-1.364252007980173,5.105334045666716,1.527713914553285,4.795297922639732,0.3709216011458647,-1.443593090954848,2.644010028424862,3.5144762391453153,-0.10311441444890401,3.4699795772246564,-6.2299160274036165,0.826090791085506,-4.059186687117265
4.771828104509934,-6.376775935968395,-9.486155150404375,-12.281011840334426,0.689862845964339,-0.9359326239442844,-3.894124091162733,-2.930877165777489,0.2781726867758201,-0.6968613824524966,1.6809369029445789,3.473631704371827,2.24223117062978,12.978793754498064,4.843031972625614,-3.0257247466667145,4.625399475922283,2.5522420344630454,-1.6314629823725393,19.742992279142904,5.631584220090493,1.9664053799111223,0.9937841058276269,-3.9728664976411845,-4.471781326152829,-5.2074187035962405,9.705798155575284,-0.42464928438929567,5.477628914541425,-5.7671772057916035,-4.827789344055374,-7.4832750147380205,-8.18194347846087,6.197387248824126,-3.605046823976792,1.1083931563171827,3.946849064137062,10.380194311888811,-2.055416600825875,-9.630644046243821,-10.750681273284025,-2.2234483735142434,-9.057798610337645,1.1981570948207971,-4.076380734326819,-3.18050105777996,-4.427402524361991,-0.7083012876319017,-1.2471910001625655,3.085127942044423
-12.070267292747383,-4.907324729893702,6.489421401893824,13.08923275149344,13.73991848733696,-0.013832318994921877,-4.776715384565673,-1.7173453663540093,0.27964385832893546,-3.9505716893524676,-4.2977052652128656,-8.039060629179575,0.704019892213197,-5.586963076361645,0.7487123996069602,6.454754587546233,-0.3053896496682639,-1.763710994897298,-6.977950630056305,-1.408603172633699,11.61261873250436,4.7523831650109045,-1.9362191879580832,2.503823732631245,-3.0376601377876478,-0.7690644176581741,-13.082563885175519,-1.104393742196305,5.658898114650279,4.839440454299191,4.032873321821184,1.9704123124413395,6.197387248824127,-10.221669504670057,7.458154763530246,-7.345000460726856,15.31309402344581,-8.889182707843352,-7.854323520716654,1.5276064484679694,4.164903153488364,3.5651076682620895,5.25018880635052,-16.11590762125367,0.15640360857603208,2.451034538546127,6.065040708082357,-1.9926620406626425,4.710488350701577,-1.6758395794575573
-2.6528254250171464,0.7934156931666512,-2.22800512947751,2.5915394369337097,-7.881491769443881,5.43118073657744,-6.196012065343455,0.8859460023707071,-2.787311472610505,2.658405826224392,7.869456777550182,1.7994308650916218,-1.9305844512001165,6.974380606123897,-10.960623049329865,-2.0393561725847453,-7.5587469440078925,2.736218023401379,-0.465001812609964,9.750448472409031,3.861458668165525,-7.660748593354398,5.357831502883732,-8.184003397827938,-3.014560672421521,-2.7118025084013606,5.774741854269776,-2.095540618059308,-0.06188287265599643,-2.7404020987162063,-11.834061281962153,0.9804596487417949,-3.605046823976792,7.458154763530246,13.378899992460578,5.771541180946036,-3.4926954062891076,0.3362841148631843,3.127334324073085,2.2893623365935856,0.7664513617289088,-2.0269097774166687,-3.77413875730716,5.982296930821283,9.605832261748459,-6.250018104869067,-10.226505089431392,1.8594342019551895,1.0524124696023924,1.0444850932120797
0.4291055679954834,0.11523997223159227,4.479519050966928,-5.817091133700216,2.1397522586350273,0.13338581636951774,2.7415396900623543,3.284022385211472,0.7033751307091504,-0.017308873717766682,3.530729070739096,-1.4501245448510003,-0.5027666818688377,3.697822329887431,-0.3600067716997145,-6.861376209067858,0.321743038683757,-10.183354837868428,0.4721181971236428,6.372234603751895,1.1795234480151748,4.723489133010742,8.107543014559566,5.327397650335342,0.04740359017198825,0.16445855665358333,-0.46173920497988996,-0.4660802150787571,1.2779314818398286,0.49191655207892304,3.6676294578764046,-0.10097102037624643,1.1083931563171838,-7.345000460726856,5.771541180946036,5.0106793576676925,-8.272418410190717,5.668043260957813,7.278863203502929,3.7146354711710976,-1.1773842036401607,-0.07201287661016953,-7.155502209820091,1.8792379167687367,-1.0244120885633201,-0.33471573636574425,-1.6200193717550133,3.8545638580829653,0.1335088179898442,5.110487169571235
8.900963507382901,7.570151391215479,-5.83913770849082,-6.296373776084751,-4.623844549352331,-4.670211488503471,4.494659566815405,-12.297030201090237,-9.28648985061308,-2.7401182358253853,11.045574606331938,9.399684093146982,-3.4468776665561434,7.468710180178215,6.289840827543932,-0.01587573835444546,-6.5940166228013695,1.380125437796606,2.548032476830663,1.7147013243079323,-8.64404919668474,3.9190722943901655,2.832543485143494,-7.176581635561703,-0.6440915366658879,0.9970638686730773,-3.1055902724774658,-8.373782783081246,3.540635557168602,-0.590143169863518,-9.63652175075007,-1.8799194413009908,3.946849064137063,15.31309402344581,-3.4926954062891076,-8.272418410190715,7.628598620185885,-0.45646432329537356,10.698612526759517,1.023810988001108,4.173800648193951,5.317842486553006,-0.29040515582364745,0.7707126546775422,3.8327887507053457,0.6045950489532658,-3.6150576205812737,-6.717673076560648,2.3915500122801503,-4.580601318418219
-12.206729807335748,-0.2929576076629394,-0.8957190786327943,12.379390834170424,10.132461509928898,-2.9819935879656376,-12.697368792465403,3.5595320576822105,-3.99768480566706,1.0655836027860874,-5.287425765148658,-17.162183676934145,0.5457851633697551,-8.573683296034357,1.2903820275352391,9.111744236099254,-5.786754256979431,1.0748134842365693,-0.12274279897104678,-6.088933432896969,-1.169877905454756,9.432631892903972,9.367313298885534,0.5752755527936431,-4.953726893590985,1.459039306744451,3.5513547743354037,3.35004365602187,-7.670008791180358,1.5888685285629056,3.5533634804716594,-1.3642520079801728,10.380194311888811,-8.889182707843352,0.3362841148631843,5.668043260957813,-0.4564643232953739,-5.73678213553096,-0.5392903065114905,12.8791091578976,9.38852562432299,-7.526836306939765,7.413013966593915,-1.477275662470352,-5.03306875206269,4.165985202872776,10.732536764952023,-4.541540265258266,2.5303503847438655,-5.978442337295796
-7.458665825050249,-6.0186106236863495,2.7810184758733327,-3.3931761022076135,5.650981618419403,8.962217510023391,-9.82048051675051,2.289669447275484,-5.602282597861674,-0.35556029604384565,-0.615401610888344,-1.1964602856914281,0.3785230235531247,-12.228816114388467,6.581319199065024,6.374551400320672,4.576846788135149,-16.898790667932186,-4.871469610575002,-6.135863199600977,11.63754901316751,4.976549331068298,2.579578831046005,8.744255986892014,7.81650451103,1.3598251364699616,-5.8516390137637675,-0.5135004202552131,0.8583469499806329,-3.416633732107628,5.297110094564641,5.105334045666715,-2.0554166008258754,-7.854323520716653,3.1273343240730855,7.2788632035029295,10.698612526759517,-0.5392903065114909,1.2581186899498213,7.278400020687276,6.061512682802579,-2.090999027253873,-6.379721417657729,-1.7788921067166195,-4.745519333628338,-4.180296244070347,7.3792103651845435,-3.8153746701994216,-7.246354573892454,0.60588993331254
2.622926918220894,-0.4132797515317612,-7.358452174278324,0.6361975161772273,1.6506017562138295,7.0248467858381325,1.7720232937766665,4.102201478354683,4.853424719899047,6.131010898045989,11.193530924395365,7.450102210060839,-6.851658706055364,8.972013780487346,1.2883266809444054,-2.857660464911967,0.8667471629848629,1.8396364632183935,-1.3621854228280403,7.957154557609977,-5.089020625619031,-10.038137864092151,-7.050479803488712,-14.021026900757082,-10.468094260936212,-0.7382862025503765,0.806101232996076,-2.6959179710514403,7.108666040042237,0.40202815230063726,-15.899868068397291,1.5277139145532843,-9.630644046243823,1.5276064484679703,2.289362336593585,3.714635471171099,1.0238109880011084,12.8791091578976,7.278400020687277,-6.840504752789487,-11.027048815343743,-5.853171322392999,-18.019110089939012,16.83003783529067,-0.3679381051433648,-0.07756224248375876,-0.010306029786711968,10.1644625816541,3.0193270806045343,1.065733633289934
-1.12771947018238,3.1649160957025155,-1.9057644960687834,-6.030098663843889,-5.6988035485296535,-2.475202238709881,2.2213021387549725,-7.025626746055098,1.694694107594693,-1.5296157434019058,13.861079569792373,2.4563451410269863,5.354635776628797,12.697294004886805,-3.250818821266291,-6.846787823208122,-9.014353218685118,2.525264199103054,0.9193272727906736,14.215463789239786,-9.081272072742546,-1.167034607084131,-2.243297116515472,-5.970491049764802,-1.5454019027790897,-4.407699643458232,1.84763102125029,1.8364487340769,6.1595783224604705,5.764378714483045,-9.018859224266157,4.795297922639731,-10.750681273284027,4.164903153488363,0.7664513617289077,-1.1773842036401607,4.17380064819395,9.38852562432299,6.0615126828025785,-11.027048815343743,-5.854321310656441,4.849373001010569,-13.358279676979501,4.994726721201203,-0.8801411692493522,3.623981730756559,-10.075009540036925,0.473524970079674,-4.290124318741418,5.615321259045624
4.2567641475969955,-0.17137290327120197,6.800558183244295,8.838037780882289,-5.708509062683141,0.10407248878855169,6.869004478699102,-5.622288867856706,-0.16625118491716617,0.02920726278346153,4.545079370414197,-3.935769504857344,-0.25586049714248693,1.780391539665458,0.05893214983832012,4.613777759387472,0.2864694634517179,1.263623711034184,-0.2708332943322107,1.323671188047682,-1.093903890341025,-1.0199500460383943,0.8006888844324139,6.406961963756911,0.17015099758104557,-0.53527418927742,-3.019228343606024,0.027560972223742985,-0.675911298080343,-0.10975233478701063,-4.429677072626562,0.3709216011458658,-2.2234483735142425,3.56510766826209,-2.026909777416669,-0.07201287661016964,5.3178424865530065,-7.5268363069397655,-2.0909990272538734,-5.853171322392999,4.8493730010105685,5.206827306073794,-0.5803259743995615,0.17106446837114375,9.798547325617916,-0.6328826301687424,7.338449705485953,9.003419973775637,-0.051549726556967046,0.18130213969313372
3.3945465039722102,8.637735317079,3.9761350950230505,-2.8343876591505,-7.492211734837747,-4.987287830001193,9.600253280128182,6.038150717286602,-1.8644086665984296,6.482102656521842,5.459112803372877,-6.608459591438671,-0.9189663641942196,13.48953176983401,0.2468587964514673,-7.276187304972227,-0.1794352140734402,13.654562658493063,8.041773401180464,8.739287866734788,-0.8529200838811011,-5.743327312221095,5.935218826252932,-9.89801203808638,0.6723194445346732,-5.391697879755428,5.722349922092695,2.9423182638702365,-4.025828885158138,-5.717349764494639,-2.3895358623440477,-1.4435930909548476,-9.057798610337645,5.250188806350519,-3.7741387573071594,-7.15550220982009,-0.29040515582364834,7.413013966593915,-6.379721417657729,-18.019110089939012,-13.358279676979501,-0.580325974399561,1.575509431231195,13.629041885821621,9.596447378557171,-7.671565962885339,-6.273489059190731,7.623549829775302,5.186198637593424,7.312297928050972
-12.770204635524957,-2.5543135457133994,1.5863685231890041,3.016286786204444,11.657310092200976,1.85408777932799,3.477467776105242,0.7715163006891821,2.2483390697399974,-3.0034682851593337,-11.287514017065998,-2.954565293215712,1.6278999407916004,0.13570927984997888,-1.0253049372379146,14.602738094808675,3.3295408533861655,-8.915830202051124,4.142431670827354,-2.417846066510905,0.7745645510208177,5.3711968438093605,0.24635702724626718,11.086108521714786,1.4595880583760144,-4.612658353986795,-15.199988030930784,8.213446211984804,0.535191235516817,-3.1192011290669113,-1.2523157753831833,2.6440100284248618,1.1981570948207971,-16.11590762125367,5.982296930821282,1.8792379167687359,0.7707126546775419,-1.4772756624703502,-1.7788921067166195,16.83003783529067,4.994726721201204,0.17106446837114286,13.62904188582162,-1.6518302765039152,-5.780962578329302,1.886731450965431,2.5418415984579488,0.8055216690779157,-3.929601699635926,-2.415470009489831
-1.0260784910636038,-1.207932378133173,1.311622627025157,19.67506369382297,14.336508647747,2.349146593639527,0.41477570172193323,5.84782207936971,1.4502894081840907,6.189019535728143,-0.8154713179581138,-8.831120745863567,-4.268522503127119,-3.352225119577689,8.161546979314602,4.295183592169332,-3.20907238538248,-9.9906874212206,-4.457225357800353,3.7086271942024824,7.655172431016512,11.750826831604986,4.035464002561022,-0.2657005188082533,-4.809557977884208,1.363179880517754,-9.776167577625086,-1.1410355765119902,-5.092923536078845,2.45117472054982,0.8680619070203007,3.5144762391453144,-4.076380734326819,0.1564036085760312,9.60583226174846,-1.0244120885633208,3.8327887507053466,-5.03306875206269,-4.745519333628338,-0.367938105143365,-0.8801411692493519,9.798547325617914,9.596447378557171,-5.780962578329302,-7.365612475335813,0.355956370534127,10.195857323756615,-8.4302556047241,-1.7897364430451077,-1.3183343251628727
5.457307289809635,-0.07936382948161219,1.1962425886802999,-1.5782992783724548,-3.2233776512228816,0.6124421457609717,1.7038266983534227,-1.9082744515012828,0.49484699902593826,0.34366071206428944,6.777637639807474,3.670826867390458,0.6878807332144994,-1.1788405906226112,-0.2722706427857188,2.2286422530963397,-0.5279209696735792,0.3406857825230353,-1.3269796364282809,4.221343792346051,1.5729344943297385,5.960405447910799,-6.073179968936498,7.19159207403591,0.9642732444682021,-0.3640321711829707,1.8189507542352121,0.08329659747336482,-4.714540791822563,0.17652781625016845,-0.3949886006129042,-0.10311441444890435,-3.1805010577799604,2.4510345385461276,-6.250018104869067,-0.3347157363657445,0.6045950489532649,4.165985202872776,-4.180296244070347,-0.07756224248375942,3.6239817307565585,-0.6328826301687425,-7.6715659628853405,1.8867314509654305,0.3559563705341269,5.689491967266364,2.0818916328985986,6.514242608433653,-0.3785008931112229,2.869640820998776
4.436420070132112,6.110718775627416,-0.6709241853679682,-2.3273151038115154,-11.694780496066338,-3.981799189672704,1.0393060087840413,-7.767863875547351,-1.2689604359251647,1.3429279934332774,-3.0133404984595984,8.484100577729386,4.6658938476082366,5.532095926081102,-4.219899426757867,-1.3602681118019488,1.3459406973912857,6.01783292966905,-3.781395356768994,4.642904923122652,2.569954168862496,-4.425303352038971,-0.8626942011776518,-1.6527814812581205,-2.997311150539583,2.5850825528675663,-2.2688774912745022,-7.932718256094555,2.82414332464843,-1.105458518816046,3.263157603170432,3.469979577224656,-4.427402524361991,6.065040708082357,-10.226505089431392,-1.6200193717550122,-3.6150576205812732,10.732536764952023,7.379210365184544,-0.010306029786712245,-10.075009540036925,7.338449705485952,-6.273489059190732,2.541841598457948,10.195857323756615,2.081891632898599,14.139666758204521,-2.21448341931059,-1.3899920601648437,-1.6533695222010651
3.2195084184591036,4.808969858410976,2.4838144209067354,-0.9394283253167082,-1.8650430731872245,2.111775825880135,-5.514254765200261,4.432396687608119,4.304276110771286,-1.7806866298187487,8.282185359874997,-6.675667667245529,0.5000336787767445,-7.7346618424945195,4.016765269470632,5.62236641647082,3.981856735823361,2.110789633532471,2.8221107512791517,-0.4256299567138492,13.385030583399907,-1.5875606338361044,2.139969848629435,-6.9630589154596905,-2.4168319953467634,0.14685967758083657,1.1423629119412047,5.889970375526206,-13.72620373276571,3.4763511135955953,-6.907654340814111,-6.2299160274036165,-0.7083012876319031,-1.9926620406626434,1.8594342019551897,3.8545638580829653,-6.717673076560648,-4.5415402652582655,-3.815374670199421,10.1644625816541,0.47352497007967465,9.003419973775637,7.623549829775302,0.8055216690779168,-8.4302556047241,6.514242608433653,-2.2144834193105907,1.5002066670029066,3.5310697239487983,-8.881559508418576
-6.832679696677261,0.2999701770299057,4.802175823039959,-7.246042782480934,-1.8418054633807812,-0.21762420965087204,5.897768454752087,-0.6442994310721908,0.2871846910858309,-0.200120994244397,3.925996247250963,-5.082765026824148,-0.5407150830128196,8.863915427212286,-0.23737868781300667,-0.42860959524140796,-0.4952065408131501,6.199744560376014,0.22229472152305974,1.279296345387172,-3.21300945798511,-0.7835733783022469,-3.514484882759395,6.705170686822358,-0.026896333298262576,-0.1636286689134897,1.816678865272935,0.6575130049611579,3.4425221657280716,0.05106885555915264,6.728804183022341,0.8260907910855064,-1.2471910001625663,4.710488350701577,1.0524124696023929,0.13350881798984496,2.39155001228015,2.530350384743867,-7.246354573892454,3.0193270806045343,-4.290124318741417,-0.05154972655696713,5.186198637593424,-3.929601699635925,-1.7897364430451077,-0.3785008931112237,-1.3899920601648437,3.5310697239487974,5.361909585409948,-1.1718462127748461
-2.9807575085398463,3.241533120401254,5.727013940466543,13.096547531477418,10.995993929117086,-5.495306681089472,-1.8043282978188726,-3.7780982933163085,6.342171572544164,-5.21200452415728,-2.9868997986635835,-4.4863093003528896,-1.284582515929598,-14.853222851555154,-5.394261522111629,6.597014227673527,-0.8752718457637053,-0.3625197903412718,4.963013743064327,-13.564543035686839,4.80024793175868,4.089172853199885,2.772773998950472,-1.5540113513624778,-4.643411787119857,-4.794005646434441,-10.734821358539648,4.577230282021608,-12.566430490428669,-3.174244166557933,1.7301999502238223,-4.059186687117266,3.0851279420444238,-1.6758395794575578,1.0444850932120795,5.110487169571234,-4.580601318418218,-5.978442337295796,0.6058899333125399,1.0657336332899332,5.615321259045625,0.18130213969313358,7.312297928050972,-2.415470009489831,-1.3183343251628719,2.869640820998776,-1.6533695222010651,-8.881559508418576,-1.1718462127748466,1.6498671842627193
