n
50
c
-178.00266600332395 136.6586134710707 180.943388307969 218.50116806476257 -197.83664116277666 -182.76020748610475 -2.683126153885638 -234.31557478253757 -10.814729596456232 -213.27638895679465 -30.085960035514365 -13.290725359245977 -199.2019268285227 145.84637015197424 95.98484522592048 10.891708586009326 -187.13876226519213 165.88113230070536 -213.110026755675 -174.402151697433 123.76474275546681 172.12928643000348 -183.27312209997973 53.42534695854506 -155.32894713798467 -169.0537744631625 -31.107852981943402 53.34766730207096 157.99186963770444 -143.1531628430748 175.69704909379232 -160.21755121357248 2.794896151933444 14.206171181803505 181.8850456574878 167.34690453789966 122.89700803209571 -171.37115944286847 141.84509130071692 -8.059365736168736 -179.9931924448411 154.99571669539054 176.75669812342798 -199.86009582171727 -16.251147672650845 -18.500862866489854 176.37938484581042 35.89305482593364 194.5821329957571 174.15142210158595
Q
-2.5875279897897707,13.134620341528459,8.017043191084657,-6.2768313736487515,-2.6117769137407207,-3.9702340843378825,-1.430255639692847,1.5116633819543317,-0.35412384636968364,-6.273325068404598,1.7576751619852504,-2.823427729930409,-5.426156590890871,10.833539838931475,3.6336975174598463,-3.4788250684857416,-11.723726338231854,14.975408575113077,-5.590658141784807,-10.35514881279857,10.965977252697307,3.6432559416620367,-1.3771781148887159,-7.21573091967104,4.5143694189766235,-6.951337011297357,-0.7015020415022964,3.4815941876110847,6.658648204140288,2.3682449324498207,2.54384025248946,-11.63551895377864,6.7837543504353555,-6.655918658210423,-2.204232387011652,2.5179154586249273,-1.5804815017085954,0.8238653169945089,-0.574231397970584,-4.421831738010548,-9.765142266249942,5.216672479084089,2.4074472392127086,-13.54000672535093,-4.868155831274001,-0.651575224787281,7.942724995688573,0.38425616397750756,4.9221418984291,6.777663842665989
13.134620341528459,-5.722783354503479,-1.5449460695922763,4.565498746302867,5.5012217990247265,6.570715224113637,5.090478321986632,-2.3414785347931706,0.9163131817801891,9.988664562049385,-3.2028129379654406,8.464200251770375,-2.8504236479625593,-4.405881765009209,3.2499603832731974,2.386777582084319,2.065793854122259,-7.27354258323547,8.642601860544847,-4.026999411460113,-1.831271087221184,-2.928511418584882,9.512180139206297,-2.2787745918951945,7.088205459229378,-2.002121488932657,-0.6917210752469536,1.9082886527468381,-12.268349899922717,11.679744058587664,-1.738000670547664,-0.23535740821783402,-1.982706951079817,-4.818630861405351,6.273731724353968,-4.312417346360158,2.256106956628737,4.457678190896602,-9.21364204392817,6.500412689867996,-0.3646970031488692,-4.2737599226987895,-4.448464406727686,2.794515058052288,-3.7404624496036787,-4.999521514210216,-4.69360640683336,2.682020058732088,-6.492569875800008,4.810773688779139
8.017043191084657,-1.5449460695922763,-1.887085883583465,-5.827327519159028,5.843054871754955,-2.054743740489223,-4.371953074130261,3.992516373578642,-4.577941807656598,9.21184323508562,2.124520917993357,-9.108490698641837,5.525158882816989,-5.639928720811069,-1.4558013332790378,-0.039610942524321846,10.971421095475483,-6.130011581926472,10.272391775152286,7.393464276411353,-3.3874481690957934,-6.305907229367764,-0.43800959705281317,8.16049136398485,8.926191416634007,2.5390626334234248,3.617049283616933,8.485363908114394,-11.682915771920342,8.752037640493453,-13.263860913238618,-2.4018081425570177,0.18184247145781218,-4.215056763607745,-5.226680826889029,-6.6182597544537085,-9.799044608138168,0.8605574013555739,-7.739511677917136,-2.5858018727476035,8.257301970113371,1.693992280125355,-4.336879413625949,10.380982177174499,-4.403194879280287,-4.183839072761829,1.9521172604273929,9.11930312228866,-2.0218060946083574,-4.412645538661701
-6.276831373648752,4.5654987463028665,-5.827327519159027,-3.085819965202159,-2.976301715427389,5.027308244736309,5.054340032740685,7.239747014131921,2.730880649525942,1.1261779613328107,-6.9587097272172995,1.4882608407940778,2.3080131327957014,-10.3895016454314,-3.330981672734948,9.698636755721392,4.7590089315085295,-10.137258975356275,5.906924625758307,2.309666523574402,-5.783668090794793,-5.800567360681709,10.026203170855188,-4.22741361769431,-5.801909591935964,5.704426025601293,0.2220768649611605,3.1067167982706367,-8.458012541869405,7.9046623923521215,-9.401474593062263,10.566313458892495,-2.0349581737765137,-0.07539983842508269,-6.834077553812322,-10.204202231861792,-9.239498936510634,4.94568309429072,-8.080114628629424,-1.6050821212398052,4.900364520065969,-16.68718339990058,-4.844926266455496,3.165174091008037,2.186396701183559,3.23462647735649,7.201489600469452,0.3558191485900879,-2.994048204214772,4.9048429716326485
-2.6117769137407225,5.5012217990247265,5.843054871754955,-2.976301715427389,-6.1095608039214095,-2.23950133444916,-1.6808533903029377,4.886245072428889,9.721956029771507,0.38636756832507535,1.189785949818652,0.5733872402342832,-7.071730304672606,3.776529696958347,9.115236478326555,6.557471819416761,0.5758652535708457,10.793312936814166,-5.24473684120844,-5.022198223517071,12.685756955118677,5.4133339883327904,-11.4111222020905,2.2043092444264802,-1.1565770972973441,-0.16155333249056603,3.534803633945055,-5.282849446921956,5.547905076760367,-10.157504629504649,5.000181928040407,-6.171866804424906,-3.338153720008374,-4.527733654901846,5.3199682157018575,12.264320537591093,6.042940062963921,0.48115463629290334,11.342510776182149,8.032836354472964,-4.057510013113863,7.130350639109556,10.71027937862419,-8.013048764445433,-4.6040943013942375,-2.8260645080220237,9.900926619537447,7.883734677930541,10.065588155172554,2.7573737603240103
-3.970234084337881,6.570715224113637,-2.0547437404892253,5.027308244736309,-2.2395013344491614,2.5118160771864053,1.1048635807693608,-2.9515914829882273,-5.825128505877986,-7.181240891765309,6.6098276906811035,7.84697966525421,3.371541246224223,11.03230022976082,10.990217857994754,-6.362079796188631,-8.842255512832377,-1.1364407670257197,-14.274263517807391,-0.63507744587603,1.2483450349841392,3.1143929499842047,-3.2540298316095644,0.5324214486503984,-8.841659892288364,-6.183132745936281,6.296142776071773,-4.1125136460309974,7.41732677383653,-4.554298427108137,2.72378530798022,-3.2994954150026077,0.7004991207324911,-0.9978240233789262,-6.2220861099854385,9.318805647049844,0.5480457008332679,-9.476184883136103,-6.4195906910224485,1.2298125822474515,0.3428966071094589,-6.800231827888718,11.218780252000668,-4.163287501413707,7.430929186890088,8.037210316244934,16.5147813503389,-7.813679290242199,-3.6697323799754313,8.742989528877379
-1.4302556396928465,5.090478321986632,-4.37195307413026,5.054340032740685,-1.680853390302936,1.1048635807693605,5.07062051407241,0.39850092528217596,0.3237640742949245,6.066610455283255,-0.4389338229791142,0.24625221942825992,0.5621170001336251,-3.0466853476548,-3.1560415409380416,0.07148258002766184,1.268065755236657,-2.0302052064836493,-7.922032263004002,-2.049039598869694,-1.4048098058905105,4.236079833025711,-0.5346714052215789,0.8671187545755765,-3.108217038226102,-1.5349745454226449,-0.4138559409893577,-0.19546825977217086,-6.23244459047677,7.535443233871887,2.1952449906544,-0.8857250338921274,-0.08633606402304411,0.24365658984314206,8.298860219340536,-0.15510137388153847,-2.501989353299777,3.70624077079906,5.533625359978755,-0.05815649162098685,-2.423507519208798,1.7705223837200408,-8.669086792205494,-1.5085573355995567,-0.7981816469434023,-0.017789256208729454,1.5950095424071578,-0.2207089208384697,4.062564478613873,4.2753226115207195
1.5116633819543317,-2.341478534793171,3.992516373578643,7.239747014131921,4.886245072428888,-2.9515914829882273,0.39850092528217607,7.3629128904335595,-5.920369147494182,-3.5825694857500903,1.2965092922858443,1.9661542084926222,-0.8609210193611812,3.3284229518875534,2.9987178664441014,-2.388892157791798,-6.048518302771828,8.65699188568884,4.7247207371015705,-2.1870395512177883,18.674770211679373,10.831375481182777,-8.149565689657733,-6.850520147534203,-8.469259965857136,6.834352587845724,-3.8938192037336576,-0.984856476555546,2.432436725276668,-5.631324141812225,5.575445243655622,-11.067684121778658,-3.187867365387748,-9.157835943701885,5.132470200412232,5.106710758839357,14.133079510778368,-0.5643513221893888,2.1354778574063387,-1.7718870405041567,-5.453217381391333,-1.697526720151139,4.02666267880984,6.817183600270238,-4.1974586721218925,0.9008132235354316,4.9745220179291385,3.327518315545025,6.218147266772985,5.099637097875469
-0.3541238463696833,0.9163131817801891,-4.577941807656597,2.7308806495259423,9.721956029771507,-5.825128505877987,0.3237640742949246,-5.920369147494183,4.501049919711727,1.5424769268787668,0.10586001639879067,0.5409787942204094,-5.048279998961185,-1.0045284697442147,3.3611878032772737,-0.006424184788237142,-5.348302710028037,-3.0894129885376067,0.3983439153016034,2.003388694665519,-1.0001882736978467,6.239150620638011,-0.08936501587686463,0.29895914661735223,6.74011170097673,2.4730343245660897,0.028474679670072306,-0.22009364222284167,6.2197800274813435,-8.68236552574339,-7.169141804926304,8.050465064340747,0.4700717398127898,-0.21820294370700388,4.2095053321487566,-4.717251203924466,3.662722929485297,-3.7043637741361923,0.6108371679515445,0.5077434910393462,4.299302034279188,0.5423091115745013,-1.274768879259188,5.026132552671986,0.09366601338853886,-0.1217612635464769,4.1987903988722515,0.46743736864691376,-0.7835170137357064,1.9006463624407588
-6.273325068404597,9.988664562049383,9.211843235085622,1.1261779613328116,0.3863675683250757,-7.18124089176531,6.066610455283255,-3.5825694857500907,1.5424769268787666,-7.2218154952929705,3.276585459538616,-0.6685138128588347,-4.123020481135769,13.929060031353584,15.56613481674549,-4.005329374036815,1.245456265303267,0.07701569657974594,5.117570105447665,-10.657612197739656,11.881538879044601,-2.2270034304466955,2.216460732143332,0.3382581353553264,-1.9845079995828843,-9.312062861653795,1.288421256191683,-4.907562979745583,-6.0088779272506425,0.3804050435931816,0.35488953249937083,-6.6652849294550265,-1.3386849975106845,0.05468737823974401,3.698588302414491,12.45892336105385,8.011892656105095,-0.07107843213250742,2.873273146803253,-1.4387332729294742,-9.936353800682658,7.199558596459563,4.916623417125287,-13.512383265874455,-0.15000504456182595,0.809950321057971,1.1436067569916026,-4.664646409651712,1.9213864892064356,9.39921809301389
1.7576751619852518,-3.202812937965442,2.1245209179933564,-6.9587097272173,1.1897859498186514,6.6098276906811035,-0.4389338229791142,1.2965092922858437,0.10586001639879042,3.276585459538615,4.821248441503805,0.2990278218327208,-0.0023602736536356625,0.6644096175523622,-0.8924364295967322,-0.4914454980411155,-3.3379162860678746,-1.430971601671837,0.3713286152844487,1.9971308097490679,9.682028163723396,-3.9076571901534773,-1.7000570556950794,0.060317549960187344,-6.624555644979022,-3.4840520131751553,1.2081413079781789,-0.46533086855763894,3.3740228339961655,3.59879569348867,-4.338071159843553,0.3005100432620123,-0.3498615306386424,-0.002652208977001483,-0.4098932071927762,-2.309620752086031,0.5823021091065965,6.905130441936128,0.063991448867094,0.1685262068165118,7.208682285068645,-6.906809313841116,-4.199051786207171,5.450397369195034,0.8204612776057976,-0.05373139525215964,-3.9041507021804605,-0.6339187438861646,1.945017907852592,-4.738927927463495
-2.82342772993041,8.464200251770377,-9.108490698641837,1.4882608407940785,0.5733872402342832,7.846979665254208,0.2462522194282598,1.9661542084926227,0.5409787942204098,-0.6685138128588355,0.29902782183272036,4.096256287381446,1.9764652088354313,-6.824613421148957,2.380634528301652,0.658653925727874,-1.320464660712354,-0.6478287094300321,1.8811159780834814,-6.079525837968739,7.864851156929494,-7.3801809569827705,2.463626000497513,-0.5480454288589898,1.360402493677359,-1.387567148815117,-0.07399209258329809,-0.6656054704615175,-0.3495002880494431,2.8536167520313556,4.3212750266961555,3.1187501960595028,0.3353034029847215,-0.010562769827315077,-8.036045505107046,-2.5486767516103903,-4.065130276302511,0.577045526416222,-0.7823355851029095,0.37616971685151734,-5.072417771921961,-5.7087398768853586,-1.8565848991777156,2.6351238835493946,-0.10427797775939784,0.28374088241328627,4.92501013936472,-0.24533514121071764,-5.458730074303276,10.587743556476124
-5.426156590890873,-2.85042364796256,5.525158882816989,2.308013132795701,-7.071730304672606,3.371541246224222,0.5621170001336239,-0.8609210193611804,-5.048279998961185,-4.123020481135771,-0.002360273653634448,1.976465208835431,-8.552929272904942,10.39176337331328,10.658171894024978,1.606914292179776,-9.733536061461848,-3.1956717361970606,4.973079331615075,-0.15494453111795092,7.6213856945317175,-5.834735651368374,-0.7254263936028524,-9.6101667182303,-14.246982179558167,1.275797756318059,-4.841484883949475,4.486741941823402,0.012294420990394572,-4.1931156719663205,14.194598453989034,-0.9473800560973499,2.8053068517956397,5.252609626001076,3.5124606748518676,9.84478452436718,13.711594714690495,-0.7278926112885791,5.851772767161002,10.908643562086594,-6.019829855603751,10.18557387161605,-3.2407563166730755,-2.5644973796891546,4.2991452467488145,2.7174493706554546,-4.298075045069449,4.425113324976576,8.4225776859791,2.3165457409264625
10.833539838931474,-4.405881765009209,-5.639928720811069,-10.3895016454314,3.7765296969583466,11.032300229760821,-3.0466853476547997,3.3284229518875543,-1.0045284697442143,13.929060031353584,0.6644096175523625,-6.824613421148956,10.391763373313282,5.176429508092278,-12.084716547441218,-2.4481687877060567,6.591964496793266,-13.763383561135205,-0.883627144062645,9.008328025345305,-4.732982996798321,-2.2081741633912184,13.192535331721476,-0.04111786392314343,4.325379540343746,7.464584276844866,4.898729917770919,-7.733972342568391,8.207940228517376,10.023040837919345,-4.093224970540134,-2.2393238374854647,3.4756851698718028,-2.9850597345686736,-4.549946792412408,-4.820955311091329,-1.3355861677975938,8.55021472163278,1.8984689228055494,-1.7258061798601398,1.11740483492662,-1.6207388537299292,-3.9574565412728,9.179378643976532,-2.1976806310257655,-2.749436569348112,-3.8718274421448267,7.407187549165529,-9.511081972174678,-12.781912901948353
3.6336975174598467,3.249960383273198,-1.4558013332790385,-3.3309816727349477,9.115236478326555,10.990217857994752,-3.156041540938042,2.9987178664441,3.361187803277274,15.566134816745489,-0.8924364295967325,2.380634528301652,10.658171894024978,-12.084716547441218,12.970293229135272,3.621083997460209,6.0010993721630745,-1.5133879092812363,8.335555816240044,6.140870558569601,-10.521325931491624,-9.775034469328697,-3.0369717891048467,4.040209375621362,-3.8636637537608354,11.010271831339766,-5.862137760461036,9.50412534834735,-5.756178353523954,4.492916368895596,-0.7793216643095069,8.549870910316073,1.7188110124960077,3.375868666497767,-4.799081440197471,-9.702441394885376,-2.5643324786428314,3.3551912250349947,-5.4354041858468625,3.9304349524725573,17.2170882010215,-5.828694485860183,-5.658001972817326,1.3401697061228095,4.835601988628729,-3.685979377445835,1.148639660907855,2.9820572928813065,-7.749007015571624,-6.859462533516133
-3.4788250684857425,2.3867775820843193,-0.03961094252432085,9.69863675572139,6.557471819416762,-6.36207979618863,0.07148258002766185,-2.3888921577917985,-0.006424184788238363,-4.005329374036815,-0.4914454980411155,0.6586539257278738,1.6069142921797774,-2.448168787706056,3.621083997460209,4.073900534089171,-3.3201481643057513,7.032608787316622,0.23391899807798294,3.6936469719676746,6.455090043788392,2.94793967908936,-1.3510729662252776,-0.2361191260550104,-2.2416845441679465,5.3068289264879205,0.7248504277884024,0.6393086156282686,0.36954239768531827,-3.9424741625546247,-0.9873499851596753,2.8026182208827493,-1.0123145783003358,-0.49310822164111484,-4.29697464742634,1.9829030453060346,3.587547381618384,-4.880319885176547,2.7096981182961732,0.0826299876990454,-0.4363068306241049,7.373996185865036,-3.9209111755063217,-0.38397044355829885,0.1116342249395108,0.10275808039437195,5.666044870044166,0.6120851545105757,-3.610420384602299,9.360381818160185
-11.723726338231854,2.0657938541222602,10.971421095475483,4.7590089315085295,0.5758652535708448,-8.842255512832379,1.2680657552366579,-6.048518302771829,-5.348302710028036,1.2454562653032673,-3.337916286067873,-1.3204646607123538,-9.73353606146185,6.591964496793268,6.0010993721630745,-3.3201481643057518,-0.6225917450819409,3.6072789008353983,-1.1118838007945366,-4.677107278850556,12.109254598360106,2.1821577503646177,-2.9308280057962524,-3.330059714903423,-0.9793302113013747,5.720967219045472,-5.3125164970551575,-7.222547980464489,3.218347390840368,1.8087625346187721,-4.7335735306963365,0.7534320511202783,2.4659949682211657,-1.29477986479634,9.66569983720748,5.619023314707282,5.063887170016722,-17.815523256205676,8.625131277465933,1.017017288031371,-5.932394048867525,11.70282032622094,10.82731979422223,-6.832453355476323,3.2321020640814275,6.970517858033851,10.96010851040897,0.9953561265924432,7.870286431025699,3.3376864629267082
14.975408575113077,-7.273542583235469,-6.130011581926473,-10.137258975356273,10.793312936814164,-1.1364407670257208,-2.03020520648365,8.65699188568884,-3.0894129885376063,0.07701569657974572,-1.4309716016718381,-0.6478287094300325,-3.195671736197061,-13.763383561135203,-1.5133879092812375,7.032608787316622,3.607278900835398,-7.314119635610664,-4.029110773631824,5.804271750589064,-0.5120218502507283,-0.2078311848291987,11.568235097784324,-8.880975844425677,-9.442794778137996,2.2947553148599957,1.7340258401898438,0.8804843601260666,-4.221049831401791,5.195564174437129,-9.152065174495654,1.799730904228991,-9.969393257907015,2.232159200124814,-3.6959338267574147,0.3057553681725904,2.7067006435225847,11.34912864656916,-6.645224851467929,0.8593454381039893,-0.719489354075687,-5.036089681526697,2.3916202466457057,10.943094423903553,5.343345314031131,2.004550689946767,0.2302052520718117,6.721136616761781,-7.8585775329194085,6.3475371138122085
-5.590658141784807,8.642601860544847,10.272391775152284,5.906924625758307,-5.24473684120844,-14.274263517807391,-7.922032263004003,4.7247207371015705,0.3983439153016035,5.117570105447665,0.3713286152844488,1.881115978083482,4.973079331615075,-0.8836271440626452,8.335555816240044,0.2339189980779831,-1.1118838007945357,-4.029110773631824,-6.025260357319784,-8.587900302079392,5.953939848872354,9.015709114797703,-10.935754109129817,0.628992116534741,-6.070920041108259,1.9790802059434953,2.655493123366626,-9.507432736996574,9.471447289181567,-3.8250272264196967,17.83491439976252,-8.318428357222492,1.8329608967779758,5.294808228846343,6.5990436716298015,5.2721887409416865,1.3354545965125062,0.7759910465027523,8.964264291918477,-5.721405697278303,-8.906743831635563,0.8057529748398156,3.5001902821296946,-0.6022858148593307,6.6351727191654,5.834885133604945,-3.0993789897573487,-7.652183210519881,10.012964956769412,7.2234691806810325
-10.35514881279857,-4.026999411460114,7.393464276411354,2.3096665235744007,-5.022198223517071,-0.6350774458760285,-2.049039598869694,-2.1870395512177883,2.003388694665518,-10.657612197739658,1.9971308097490683,-6.07952583796874,-0.15494453111795053,9.008328025345305,6.140870558569602,3.6936469719676746,-4.677107278850557,5.804271750589064,-8.58790030207939,10.198366346112078,9.339921481142227,-8.478350303781498,0.7338280030561545,-8.12418863488098,-5.254378898722391,-5.071911812380565,7.3849680965307485,-3.571985835429776,1.736520814716095,-6.97301248068187,4.352358414007634,-6.970367432536574,1.2912416860064195,-1.754767466417779,0.9098115920314783,9.19656513536027,2.2610161797585637,-8.110918764558512,13.93494099706297,-4.927349855924124,-12.955224338146838,15.211446356946427,-0.41760782445340694,-4.091020793286345,1.8226829494447567,-2.0135659826250305,8.807961669166104,-4.882725571976953,3.6692275141472392,2.5600428203849575
10.965977252697305,-1.8312710872211837,-3.3874481690957934,-5.783668090794792,12.685756955118677,1.2483450349841396,-1.4048098058905112,18.674770211679373,-1.0001882736978465,11.881538879044601,9.682028163723395,7.864851156929493,7.6213856945317175,-4.732982996798321,-10.521325931491623,6.455090043788392,12.109254598360106,-0.5120218502507273,5.953939848872354,9.339921481142227,0.5998156789630871,-5.6712208384448495,7.175072982262023,7.054018085900056,2.0832090911078227,7.605511646460995,-10.31408100742822,-2.4058781455510267,5.2753916712805555,1.7605169677067345,-1.0724394758001168,8.288870022415539,6.823374500694335,-0.289511348890791,-1.6396867186425381,-0.08415790426406355,-3.1664398770745135,9.586347657449407,2.9142081338658548,0.10374766153966541,0.8641956003647522,1.3728090965467603,-10.102302549098983,-0.07014206846378246,1.9988244751646769,-2.998374085545462,-2.431792182350887,-3.170115995136386,-2.4531487808569645,-5.548115165237581
3.643255941662036,-2.928511418584881,-6.305907229367764,-5.800567360681711,5.41333398833279,3.114392949984203,4.236079833025712,10.831375481182777,6.239150620638011,-2.227003430446696,-3.907657190153477,-7.380180956982768,-5.834735651368373,-2.2081741633912175,-9.775034469328695,2.947939679089359,2.1821577503646172,-0.20783118482919782,9.015709114797703,-8.478350303781498,-5.6712208384448495,-14.158108962613104,3.4869857557834747,5.248471378845781,8.802507127853131,4.227153562020399,5.939795911476434,0.45796013295930016,0.5794642485036093,2.123212482810578,-0.22618194525436763,3.618453564717945,2.8312707591468507,-6.269092314547463,-2.751778763622384,-4.590562438006671,-0.03816603015876696,2.1292930310659752,-7.764971193194898,6.263147602961011,8.627497275745984,-9.455287420376761,-3.837469193839529,2.3635551799376486,0.7762820633778591,1.6226468096415054,-6.282596151057045,0.04411530736863534,-6.992039088099412,-10.678950153630927
-1.377178114888716,9.512180139206297,-0.4380095970528126,10.02620317085519,-11.4111222020905,-3.2540298316095653,-0.5346714052215779,-8.149565689657733,-0.08936501587686499,2.2164607321433323,-1.7000570556950794,2.4636260004975123,-0.725426393602852,13.192535331721475,-3.0369717891048467,-1.3510729662252774,-2.930828005796252,11.568235097784322,-10.935754109129816,0.7338280030561541,7.175072982262023,3.4869857557834747,8.886633078458464,-10.721509877522697,-11.480490189069322,-12.811494588039778,-2.5994811722619096,-4.769790210245082,9.26587695087448,-5.140238293543712,9.73647377475632,2.1855373429505756,4.582654488872927,-3.2377296222368743,10.374002534603921,-3.5410184213993676,4.08481863718508,-6.317924893709547,9.285297952843646,2.426644346723206,-6.7676112224498075,7.00989615273653,12.455464138258403,-2.9905351724665348,-5.749198077000393,1.2571329029244607,-1.7581704475923605,-3.0765682760093283,10.635147140844472,-3.360624454522921
-7.215730919671039,-2.2787745918951927,8.16049136398485,-4.22741361769431,2.2043092444264802,0.5324214486503989,0.867118754575577,-6.850520147534202,0.29895914661735157,0.3382581353553251,0.060317549960187455,-0.54804542885899,-9.6101667182303,-0.04111786392314387,4.0402093756213615,-0.23611912605500962,-3.330059714903422,-8.880975844425677,0.6289921165347412,-8.12418863488098,7.054018085900056,5.248471378845781,-10.7215098775227,3.6643371174406125,5.637124976111235,-6.255962110137295,-0.33074117965601035,-0.35790845316166164,0.3902541120583319,0.0012942110849187838,5.59043864065826,2.7736117400152405,-0.015508944245138961,-0.39799871541103576,5.901676104065192,-8.391034083610856,-3.7712067723090055,-0.09855455157501858,6.326324956481072,-0.7660907533221143,-8.087711852808827,-2.4250145565634176,6.248348933971227,-8.017832085092639,0.17124758421668118,0.6263912832608823,0.6348597121373303,-0.49507260194373504,-3.5278596970764733,-0.7120835260443226
4.514369418976624,7.088205459229378,8.926191416634007,-5.801909591935964,-1.156577097297344,-8.841659892288364,-3.1082170382261016,-8.469259965857137,6.74011170097673,-1.9845079995828838,-6.624555644979023,1.3604024936773595,-14.246982179558168,4.325379540343745,-3.8636637537608363,-2.2416845441679465,-0.9793302113013757,-9.442794778137996,-6.070920041108259,-5.254378898722392,2.083209091107824,8.802507127853131,-11.48049018906932,5.637124976111236,6.302750934371495,-4.922202497255109,4.688813363102129,-1.4548109158461275,3.4259105199951767,-2.503860008386584,-0.6823403012663105,-5.305368830986408,-1.0748278450579944,-2.5076160924406596,-1.3809062423672644,-1.8695845642134052,-8.323767125064256,0.867599064016009,15.186782790337382,5.618113710883783,-3.348294038332141,6.793916026720253,-0.09177341836863517,-4.783380571479414,5.806792884205356,-0.1554591736415698,6.432716505239244,-4.944045475268403,1.1352186494128622,11.982865462947302
-6.951337011297358,-2.002121488932657,2.5390626334234234,5.704426025601292,-0.16155333249056825,-6.18313274593628,-1.5349745454226453,6.834352587845723,2.4730343245660893,-9.312062861653796,-3.4840520131751562,-1.387567148815117,1.2757977563180587,7.464584276844866,11.010271831339766,5.3068289264879205,5.7209672190454715,2.2947553148599957,1.9790802059434958,-5.071911812380565,7.605511646460995,4.227153562020398,-12.811494588039778,-6.255962110137294,-4.922202497255108,-11.85348898587248,3.6859995399239973,-1.0052771638975968,3.1777663008386607,1.187534127810774,9.512904809950934,-9.299743337080432,-1.283798109442206,-0.011778867143875077,3.81219579066883,0.5234541155023387,6.567688355449455,-3.1270977402429985,1.960669071208502,-1.6409849412250515,0.2164858838460856,-3.4813642794429978,9.091002362702822,-2.972474070980087,-2.825392489833101,4.087967870778004,6.045362397350276,-0.31768316272799035,5.839161064089929,-4.682687858353596
-0.7015020415022979,-0.6917210752469534,3.6170492836169332,0.2220768649611619,3.534803633945053,6.296142776071773,-0.41385594098935685,-3.893819203733658,0.028474679670072514,1.288421256191683,1.2081413079781789,-0.073992092583298,-4.841484883949477,4.898729917770918,-5.862137760461036,0.7248504277884029,-5.3125164970551575,1.7340258401898436,2.6554931233666266,7.384968096530749,-10.31408100742822,5.939795911476435,-2.5994811722619096,-0.33074117965600935,4.688813363102129,3.685999539923997,3.984794685713627,0.10905518318606378,-0.06381367737911367,2.3411884417929567,6.670250499360511,6.163452325380604,-1.0708163651660252,0.5377515744593601,1.707306629314065,-4.911950749267032,-7.102318896091467,-0.039942348402473016,-3.8207950717221535,0.02579693421118573,4.423651298631337,-3.9127374470943685,1.637683838407607,1.5843982832376935,-0.2917586669977166,0.27696053511864904,-3.7625579018160877,-0.15459027181706622,-1.192787821130928,-2.225354656549339
3.4815941876110856,1.908288652746839,8.485363908114394,3.1067167982706367,-5.282849446921955,-4.112513646030997,-0.19546825977217155,-0.9848564765555456,-0.22009364222284203,-4.907562979745583,-0.46533086855763883,-0.6656054704615183,4.486741941823402,-7.733972342568391,9.50412534834735,0.6393086156282686,-7.222547980464489,0.8804843601260665,-9.507432736996574,-3.5719858354297758,-2.4058781455510263,0.4579601329593007,-4.769790210245082,-0.35790845316166275,-1.454810915846127,-1.0052771638975964,0.10905518318606423,3.7659671735203304,-3.3547660794236145,-7.611800817368828,-4.190547347163346,-7.769901606125234,-0.1817932344759287,0.4330544264851076,-1.3896014787788635,-8.794377090624351,-0.9256568904934012,-0.32157063931618723,-1.940944195773389,-0.8513973434884626,-4.3609722227364065,6.447160687345509,1.2725502479165578,1.9213627351958085,-0.3812213203859307,-0.189547038768195,0.14601316922017343,-0.013955107144492995,-4.972479506206323,-1.416222868441364
6.658648204140287,-12.268349899922717,-11.682915771920342,-8.458012541869405,5.547905076760367,7.417326773836531,-6.23244459047677,2.4324367252766677,6.2197800274813435,-6.008877927250642,3.374022833996165,-0.34950028804944283,0.01229442099039424,8.207940228517376,-5.756178353523954,0.3695423976853187,3.2183473908403677,-4.221049831401792,9.471447289181567,1.736520814716095,5.275391671280555,0.5794642485036087,9.26587695087448,0.3902541120583318,3.4259105199951767,3.1777663008386607,-0.06381367737911328,-3.3547660794236154,-0.14577146161938792,-1.1127716250325979,-12.334243673067874,-2.1139807901915577,-2.9944791687173247,4.596478059294562,6.742852743932058,-8.127059758884844,-1.9975603409646197,1.6075027212837616,-6.965772148519593,1.8426738974352639,7.573290012150707,-7.996545906981566,-3.139954471150846,15.682133286407328,-7.6608120079890245,3.8919632780438813,-7.125431056948034,1.6489847327029503,-2.4701281530340995,4.247719099029015
2.368244932449822,11.679744058587662,8.752037640493455,7.9046623923521215,-10.15750462950465,-4.554298427108135,7.535443233871887,-5.631324141812226,-8.68236552574339,0.38040504359318317,3.598795693488669,2.8536167520313556,-4.1931156719663205,10.023040837919345,4.492916368895597,-3.9424741625546247,1.8087625346187717,5.195564174437129,-3.8250272264196967,-6.97301248068187,1.7605169677067347,2.123212482810577,-5.140238293543711,0.0012942110849187838,-2.5038600083865847,1.1875341278107747,2.341188441792959,-7.611800817368828,-1.1127716250325976,-2.0459345675969045,3.1332678216665144,-3.3846573276424077,1.2445849984967472,1.2325355760019439,8.880498400064159,-9.62056152780003,5.888529853633217,-11.231635411758656,-4.025568460363576,-9.919175503987622,-9.728591460873904,8.002407575944742,0.05218908163049488,-15.06515323985113,5.5077968132015895,-1.1197515073665296,3.0616070657097416,-2.6901450276609067,6.802690568282713,2.511843848985434
2.54384025248946,-1.7380006705476634,-13.263860913238618,-9.401474593062263,5.000181928040408,2.72378530798022,2.1952449906544,5.575445243655624,-7.169141804926305,0.35488953249937016,-4.338071159843552,4.3212750266961555,14.194598453989034,-4.093224970540134,-0.7793216643095076,-0.9873499851596754,-4.7335735306963365,-9.152065174495652,17.83491439976252,4.352358414007634,-1.0724394758001163,-0.22618194525436822,9.73647377475632,5.590438640658258,-0.6823403012663105,9.512904809950934,6.670250499360512,-4.1905473471633465,-12.334243673067874,3.1332678216665144,-2.1420009122303565,6.416274702360148,-5.402771463430429,-6.555543379884214,-0.2194051862440245,-8.566251440119453,-7.135493018754262,0.08405268174378566,1.4586932449774777,-4.969603590864611,6.954918990144499,-9.955744511488074,-5.30568399056303,2.67900801916406,-1.889452576764709,-1.5714880251636942,-0.9193691625026155,1.9071530604506184,2.818412644773745,-7.885710971314849
-11.63551895377864,-0.23535740821783419,-2.4018081425570177,10.566313458892495,-6.171866804424906,-3.2994954150026077,-0.8857250338921275,-11.067684121778658,8.050465064340747,-6.665284929455026,0.30051004326201264,3.1187501960595023,-0.9473800560973509,-2.239323837485464,8.549870910316073,2.8026182208827493,0.753432051120278,1.7997309042289897,-8.318428357222492,-6.970367432536573,8.288870022415537,3.618453564717945,2.1855373429505756,2.7736117400152405,-5.305368830986408,-9.299743337080434,6.163452325380604,-7.769901606125234,-2.1139807901915577,-3.384657327642408,6.416274702360148,3.501010864864262,7.17950656893559,6.233971699006208,7.417168949264618,12.520718446287137,19.28424406440938,-9.184927312753295,3.776006688341969,1.6750822110918469,-3.6724914574488734,-0.20258758067118937,-0.17785985739144428,-0.9327915420602657,4.462015717797207,-2.733746782365266,2.844812955058372,-4.6669326129387,9.101915898396394,3.598883548465029
6.783754350435356,-1.9827069510798168,0.1818424714578113,-2.034958173776514,-3.338153720008374,0.7004991207324898,-0.08633606402304406,-3.1878673653877474,0.47007173981278966,-1.3386849975106845,-0.3498615306386432,0.3353034029847223,2.8053068517956405,3.4756851698718023,1.7188110124960072,-1.0123145783003353,2.4659949682211657,-9.969393257907015,1.8329608967779754,1.29124168600642,6.823374500694336,2.83127075914685,4.582654488872928,-0.015508944245139045,-1.0748278450579936,-1.2837981094422068,-1.0708163651660243,-0.18179323447592854,-2.994479168717325,1.2445849984967472,-5.402771463430428,7.17950656893559,5.218815952241712,0.04038261847226088,3.146382041214874,2.5989291634618166,-9.269089568264198,-6.6820971710787855,7.500464275332363,-0.3364959923765781,-10.766022681141761,-1.4608144406561205,3.666705143668981,-3.3333900382107595,-0.3065900495430151,0.5481162756862591,0.21632964948965522,0.6520135363916579,-0.5006549418161638,0.22404142500441582
-6.655918658210422,-4.81863086140535,-4.2150567636077465,-0.07539983842508291,-4.527733654901848,-0.9978240233789255,0.2436565898431414,-9.157835943701885,-0.2182029437070038,0.0546873782397449,-0.002652208977002135,-0.010562769827315355,5.252609626001076,-2.985059734568674,3.3758686664977677,-0.49310822164111623,-1.2947798647963404,2.2321592001248143,5.294808228846343,-1.7547674664177784,-0.28951134889079044,-6.269092314547463,-3.2377296222368743,-0.39799871541103615,-2.50761609244066,-0.011778867143874772,0.5377515744593597,0.43305442648510684,4.596478059294563,1.2325355760019439,-6.555543379884214,6.233971699006208,0.040382618472260365,4.278669550436135,-6.866782667526652,1.4754232479392817,2.7806444661675584,1.285033718788494,9.217852869588278,0.9942852273096643,1.523790639652043,2.572892652960448,-0.7384447781950295,-8.847534884349923,-0.23155839895321909,-0.23012762620365768,-2.6054110026597597,-0.3475354436241045,-4.010246334907529,-3.114152491690106
-2.2042323870116514,6.273731724353967,-5.226680826889029,-6.834077553812322,5.3199682157018575,-6.222086109985438,8.298860219340536,5.132470200412233,4.209505332148756,3.698588302414492,-0.4098932071927761,-8.036045505107046,3.5124606748518667,-4.549946792412407,-4.7990814401974715,-4.29697464742634,9.66569983720748,-3.695933826757415,6.599043671629801,0.9098115920314789,-1.6396867186425377,-2.751778763622384,10.374002534603921,5.901676104065191,-1.3809062423672644,3.8121957906688304,1.7073066293140646,-1.389601478778863,6.742852743932057,8.880498400064157,-0.21940518624402405,7.417168949264619,3.1463820412148746,-6.8667826675266515,-7.099850219698204,-6.784963040271989,-13.455489843349161,-0.49641506574639305,-0.6796009918041315,7.986060813348305,7.159349347241358,-2.1301611677296783,-5.905606476241967,9.632152547761443,1.9350640115280442,1.6951795000319891,-4.900451957090742,-9.484988371067864,-4.149742737103107,-2.843902101424442
2.517915458624928,-4.312417346360158,-6.618259754453708,-10.204202231861792,12.264320537591093,9.318805647049844,-0.15510137388153905,5.106710758839357,-4.717251203924466,12.458923361053849,-2.3096207520860306,-2.5486767516103908,9.84478452436718,-4.820955311091329,-9.702441394885376,1.9829030453060346,5.619023314707282,0.30575536817259064,5.2721887409416865,9.196565135360272,-0.084157904264063,-4.590562438006671,-3.541018421399367,-8.391034083610855,-1.8695845642134044,0.5234541155023387,-4.911950749267032,-8.794377090624351,-8.127059758884844,-9.62056152780003,-8.566251440119451,12.520718446287137,2.598929163461816,1.4754232479392817,-6.784963040271989,7.289394301499739,4.201202319449601,-7.582522514907106,0.5275360532775669,6.010484523301267,11.166084523804463,-8.252295104242311,-3.5502566539867306,9.29438485562168,2.926581210199429,-0.0515384301832893,-5.340195319190479,2.8091047341625477,-5.2588770175051485,-6.579182568110429
-1.5804815017085967,2.256106956628737,-9.799044608138166,-9.239498936510634,6.042940062963921,0.5480457008332683,-2.501989353299777,14.133079510778368,3.6627229294852977,8.011892656105093,0.5823021091065965,-4.0651302763025114,13.711594714690495,-1.3355861677975933,-2.5643324786428314,3.5875473816183834,5.063887170016722,2.706700643522584,1.3354545965125066,2.261016179758563,-3.1664398770745135,-0.038166030158766906,4.08481863718508,-3.771206772309006,-8.323767125064254,6.567688355449455,-7.102318896091467,-0.925656890493401,-1.9975603409646185,5.888529853633218,-7.135493018754262,19.28424406440938,-9.269089568264198,2.7806444661675584,-13.455489843349161,4.201202319449601,0.04420624873328993,3.5819443708059513,-0.13391143937065852,-1.0485386573933462,0.3505634581976347,-19.12323740270766,1.451941952853609,5.917157708240179,2.957918217687732,4.314160112670326,2.1295288386892874,1.6365808748170303,1.8432510638546449,-0.9677047880047072
0.8238653169945099,4.457678190896601,0.860557401355574,4.94568309429072,0.481154636292904,-9.476184883136105,3.7062407707990603,-0.5643513221893885,-3.704363774136193,-0.07107843213250797,6.905130441936128,0.5770455264162218,-0.7278926112885787,8.55021472163278,3.355191225034995,-4.880319885176547,-17.815523256205676,11.34912864656916,0.7759910465027524,-8.110918764558512,9.586347657449407,2.1292930310659752,-6.317924893709549,-0.09855455157501725,0.867599064016009,-3.1270977402429985,-0.03994234840247328,-0.32157063931618657,1.6075027212837616,-11.231635411758656,0.08405268174378544,-9.184927312753295,-6.6820971710787855,1.2850337187884935,-0.49641506574639205,-7.582522514907106,3.5819443708059513,-4.473762083626112,7.375302719798049,3.6917104442945035,-0.32316488809023003,-6.317198436093618,10.248425354630006,-7.629830813910802,0.18967636129701954,-2.845772480974691,12.715253422227836,-6.395985660437974,-4.3569542946376805,5.651763629886818
-0.5742313979705844,-9.21364204392817,-7.739511677917137,-8.080114628629428,11.342510776182147,-6.4195906910224485,5.533625359978755,2.1354778574063378,0.610837167951545,2.8732731468032524,0.0639914488670944,-0.7823355851029087,5.851772767161004,1.8984689228055505,-5.435404185846862,2.7096981182961732,8.625131277465934,-6.645224851467928,8.964264291918477,13.93494099706297,2.914208133865855,-7.764971193194899,9.285297952843646,6.32632495648107,15.186782790337382,1.9606690712085024,-3.820795071722154,-1.940944195773389,-6.965772148519593,-4.025568460363578,1.4586932449774783,3.776006688341969,7.500464275332364,9.217852869588278,-0.6796009918041312,0.5275360532775669,-0.1339114393706589,7.375302719798049,8.98445727224249,-1.1885218229414773,8.789912246789427,-7.972729206305197,-7.265639749501687,2.786141228681208,1.5240703921882224,-3.1208228720641635,-10.665974081597664,3.5242459021650685,-14.374008809015972,-4.13521823054517
-4.42183173801055,6.500412689867996,-2.585801872747604,-1.605082121239805,8.032836354472964,1.229812582247452,-0.058156491620987516,-1.771887040504156,0.5077434910393459,-1.4387332729294742,0.1685262068165118,0.37616971685151673,10.908643562086592,-1.7258061798601403,3.930434952472557,0.08262998769904573,1.017017288031371,0.8593454381039883,-5.721405697278303,-4.927349855924123,0.10374766153966525,6.26314760296101,2.426644346723206,-0.7660907533221144,5.618113710883783,-1.6409849412250523,0.025796934211186118,-0.8513973434884619,1.842673897435263,-9.919175503987622,-4.96960359086461,1.6750822110918464,-0.3364959923765779,0.9942852273096641,7.986060813348305,6.010484523301268,-1.0485386573933462,3.691710444294504,-1.188521822941478,3.786512490831937,-2.182247457741728,-5.5160325365785265,-0.868507764909843,2.078496440360241,0.24116161700808855,-0.06461661549907716,-0.7503402271060039,0.8435160773349726,-7.259409739864551,7.077273586297636
-9.765142266249942,-0.3646970031488696,8.257301970113371,4.900364520065969,-4.057510013113862,0.3428966071094579,-2.423507519208798,-5.453217381391334,4.299302034279188,-9.936353800682658,7.208682285068645,-5.072417771921961,-6.019829855603751,1.1174048349266203,17.2170882010215,-0.43630683062410425,-5.932394048867525,-0.7194893540756873,-8.906743831635564,-12.955224338146838,0.8641956003647522,8.627497275745984,-6.7676112224498075,-8.087711852808827,-3.3482940383321416,0.21648588384608594,4.423651298631336,-4.360972222736406,7.573290012150707,-9.728591460873904,6.954918990144499,-3.6724914574488725,-10.766022681141761,1.5237906396520426,7.159349347241359,11.166084523804463,0.35056345819763435,-0.32316488809023014,8.789912246789427,-2.1822474577417275,-4.723224497299956,5.722326364493393,-4.784395101970092,3.3264229610831864,-3.7146943979117606,0.7066799192792884,-3.5024025939978176,-5.46278011198014,4.8571797669117345,-1.5775485652706747
5.216672479084089,-4.27375992269879,1.6939922801253553,-16.68718339990058,7.130350639109557,-6.8002318278887195,1.7705223837200414,-1.6975267201511377,0.5423091115745018,7.199558596459563,-6.906809313841117,-5.708739876885358,10.18557387161605,-1.6207388537299294,-5.828694485860183,7.373996185865037,11.702820326220941,-5.036089681526696,0.8057529748398164,15.211446356946427,1.3728090965467588,-9.455287420376763,7.00989615273653,-2.425014556563418,6.793916026720253,-3.481364279442998,-3.912737447094368,6.44716068734551,-7.996545906981566,8.002407575944742,-9.955744511488074,-0.20258758067118934,-1.4608144406561205,2.5728926529604483,-2.1301611677296783,-8.25229510424231,-19.12323740270766,-6.31719843609362,-7.972729206305197,-5.516032536578526,5.7223263644933935,10.50484795734442,2.6274139800698997,16.485543905625324,-8.126294901640026,6.248649796641496,-1.7049040754272324,-3.8312397788878623,-3.802810178850218,-12.772752635414237
2.4074472392127086,-4.448464406727686,-4.336879413625948,-4.844926266455496,10.71027937862419,11.218780252000668,-8.669086792205494,4.02666267880984,-1.274768879259188,4.916623417125287,-4.199051786207171,-1.856584899177716,-3.240756316673077,-3.9574565412728,-5.658001972817327,-3.9209111755063217,10.82731979422223,2.3916202466457053,3.500190282129694,-0.4176078244534075,-10.102302549098983,-3.837469193839529,12.455464138258403,6.2483489339712275,-0.09177341836863459,9.091002362702822,1.6376838384076065,1.2725502479165582,-3.139954471150846,0.05218908163049507,-5.30568399056303,-0.17785985739144405,3.6667051436689815,-0.7384447781950294,-5.905606476241968,-3.5502566539867297,1.451941952853609,10.248425354630005,-7.265639749501686,-0.868507764909843,-4.784395101970092,2.6274139800698997,1.0020947269255194,10.122801130836201,1.8840644853735538,-4.865573892931882,-8.094540799078782,-5.857220491413504,-1.911328255464521,-2.6922514963759014
-13.540006725350928,2.794515058052289,10.380982177174497,3.1651740910080366,-8.013048764445431,-4.16328750141371,-1.5085573355995572,6.817183600270237,5.026132552671986,-13.512383265874455,5.450397369195034,2.635123883549394,-2.564497379689155,9.179378643976532,1.3401697061228104,-0.3839704435582988,-6.832453355476322,10.94309442390355,-0.6022858148593307,-4.091020793286345,-0.07014206846378285,2.363555179937649,-2.9905351724665357,-8.017832085092639,-4.783380571479415,-2.972474070980087,1.584398283237694,1.9213627351958087,15.682133286407328,-15.06515323985113,2.6790080191640597,-0.9327915420602657,-3.3333900382107586,-8.84753488434992,9.632152547761445,9.29438485562168,5.917157708240179,-7.629830813910803,2.786141228681209,2.078496440360242,3.3264229610831864,16.485543905625327,10.122801130836201,10.937392953433122,0.8650391852934967,-1.3871970617952685,15.898530646632729,-2.232200932369567,-0.4531938288207674,-5.506405615448593
-4.868155831273999,-3.740462449603678,-4.403194879280289,2.1863967011835586,-4.6040943013942375,7.430929186890088,-0.7981816469434011,-4.197458672121892,0.09366601338853939,-0.15000504456182595,0.8204612776057972,-0.10427797775939784,4.2991452467488145,-2.197680631025766,4.835601988628729,0.11163422493951014,3.2321020640814275,5.343345314031133,6.635172719165399,1.8226829494447556,1.9988244751646773,0.7762820633778592,-5.749198077000394,0.1712475842166814,5.806792884205357,-2.8253924898331015,-0.29175866699771685,-0.3812213203859305,-7.660812007989024,5.50779681320159,-1.8894525767647092,4.462015717797207,-0.30659004954301416,-0.23155839895321884,1.935064011528045,2.926581210199429,2.957918217687733,0.18967636129701917,1.5240703921882222,0.2411616170080888,-3.71469439791176,-8.126294901640025,1.8840644853735542,0.8650391852934971,4.213453271651002,0.41097996518188185,-6.951047634234709,0.8565708907020849,-6.041127656192167,-0.28225978148244846
-0.6515752247872816,-4.999521514210216,-4.183839072761829,3.23462647735649,-2.826064508022024,8.037210316244934,-0.01778925620872976,0.9008132235354311,-0.1217612635464764,0.8099503210579715,-0.05373139525215925,0.2837408824132858,2.717449370655455,-2.749436569348112,-3.6859793774458343,0.10275808039437151,6.970517858033851,2.0045506899467664,5.834885133604945,-2.0135659826250305,-2.9983740855454615,1.6226468096415059,1.25713290292446,0.6263912832608829,-0.15545917364156941,4.087967870778004,0.27696053511864915,-0.18954703876819506,3.8919632780438813,-1.1197515073665307,-1.571488025163695,-2.7337467823652655,0.5481162756862591,-0.23012762620365734,1.6951795000319887,-0.051538430183289075,4.314160112670326,-2.8457724809746905,-3.1208228720641635,-0.06461661549907763,0.7066799192792882,6.248649796641497,-4.865573892931882,-1.3871970617952691,0.41097996518188185,3.389564770314526,-4.475664574549376,-0.6446880554029593,3.631503698466885,-9.453548148246382
7.9427249956885735,-4.69360640683336,1.9521172604273929,7.201489600469452,9.900926619537447,16.5147813503389,1.595009542407158,4.974522017929139,4.1987903988722515,1.1436067569916024,-3.904150702180461,4.925010139364721,-4.2980750450694485,-3.871827442144826,1.1486396609078557,5.666044870044166,10.96010851040897,0.23020525207181297,-3.0993789897573483,8.807961669166104,-2.431792182350887,-6.282596151057045,-1.75817044759236,0.6348597121373298,6.432716505239243,6.045362397350277,-3.7625579018160877,0.1460131692201736,-7.125431056948034,3.061607065709741,-0.9193691625026158,2.844812955058372,0.21632964948965577,-2.60541100265976,-4.900451957090743,-5.340195319190479,2.129528838689288,12.715253422227834,-10.665974081597664,-0.7503402271060038,-3.502402593997817,-1.7049040754272329,-8.094540799078782,15.898530646632729,-6.951047634234709,-4.475664574549376,3.0315816676426515,-2.520224419604168,-0.42834517619194834,-5.860537395754494
0.38425616397750817,2.6820200587320886,9.119303122288658,0.35581914859008773,7.88373467793054,-7.8136792902422,-0.22070892083847077,3.3275183155450256,0.46743736864691354,-4.664646409651712,-0.6339187438861649,-0.24533514121071764,4.425113324976577,7.4071875491655295,2.9820572928813065,0.6120851545105757,0.9953561265924431,6.721136616761782,-7.6521832105198815,-4.882725571976952,-3.1701159951363858,0.04411530736863603,-3.076568276009328,-0.4950726019437355,-4.944045475268403,-0.31768316272799035,-0.15459027181706608,-0.013955107144493328,1.6489847327029514,-2.6901450276609067,1.9071530604506184,-4.6669326129387,0.6520135363916594,-0.34753544362410466,-9.484988371067864,2.809104734162548,1.6365808748170299,-6.395985660437975,3.5242459021650694,0.8435160773349721,-5.462780111980139,-3.8312397788878623,-5.857220491413504,-2.2322009323695675,0.8565708907020841,-0.6446880554029596,-2.5202244196041685,4.572247928383468,-10.065625379647134,0.8876844175767041
4.9221418984291,-6.492569875800007,-2.021806094608356,-2.994048204214771,10.065588155172554,-3.6697323799754322,4.062564478613873,6.218147266772984,-0.7835170137357055,1.9213864892064347,1.945017907852592,-5.458730074303275,8.4225776859791,-9.511081972174678,-7.749007015571624,-3.610420384602299,7.870286431025699,-7.8585775329194085,10.012964956769412,3.6692275141472392,-2.4531487808569645,-6.992039088099412,10.635147140844472,-3.5278596970764724,1.1352186494128618,5.839161064089929,-1.1927878211309284,-4.972479506206324,-2.4701281530341,6.802690568282713,2.818412644773746,9.101915898396394,-0.500654941816164,-4.010246334907529,-4.149742737103107,-5.258877017505148,1.843251063854645,-4.3569542946376805,-14.374008809015972,-7.25940973986455,4.8571797669117345,-3.802810178850218,-1.9113282554645212,-0.45319382882076764,-6.041127656192166,3.631503698466885,-0.428345176191949,-10.065625379647134,-10.745654246190966,-9.438111736715744
6.77766384266599,4.810773688779139,-4.412645538661701,4.904842971632648,2.7573737603240094,8.742989528877377,4.2753226115207195,5.099637097875469,1.90064636244076,9.399218093013891,-4.738927927463496,10.587743556476124,2.316545740926463,-12.781912901948353,-6.859462533516133,9.360381818160185,3.337686462926708,6.3475371138122085,7.223469180681032,2.560042820384958,-5.548115165237581,-10.678950153630927,-3.3606244545229216,-0.7120835260443226,11.982865462947302,-4.682687858353597,-2.2253546565493396,-1.416222868441364,4.247719099029014,2.511843848985434,-7.8857109713148485,3.5988835484650292,0.2240414250044156,-3.114152491690107,-2.8439021014244426,-6.579182568110429,-0.9677047880047067,5.651763629886818,-4.13521823054517,7.077273586297636,-1.5775485652706747,-12.772752635414239,-2.692251496375902,-5.506405615448594,-0.2822597814824488,-9.453548148246382,-5.860537395754495,0.8876844175767031,-9.438111736715744,1.7758480672280053
