n
50
c
168.31202099776883 -199.14097171221414 41.388000886591534 212.3657041528852 222.45864723413868 -164.18301572082484 138.28618972893773 184.52019211075554 -11.32594521093161 132.29077850251815 -12.669219599290685 -191.6211967388929 -2.786309804483139 200.9547975457226 -188.5883315928446 -1.4950576618880818 -154.85812704625275 -239.9797440587897 -149.97385037855796 -140.60929858297908 170.95655634441698 -12.393740530406614 169.0562250804779 155.0131142092904 -156.00641863154678 17.879328904476523 -7.856867153078613 -12.441828301005714 178.50109044696052 -179.31110295879003 177.8620303458056 165.55743512255674 -227.40288676060538 -164.88657150018602 -32.20394042258856 -177.46359615185233 193.56976929835866 6.760388027717508 4.155427396204627 161.70122750197172 181.04467981107985 -153.25243860568781 23.987696280329168 -175.0308583512411 -139.50847485486244 -21.230826899585338 -3.444785631841629 12.984423231112368 158.32961170741703 200.78751666713615
Q
14.118840273337065,4.838637868422327,5.256757382573198,-7.125652633571186,-0.022859037894395473,3.3947595406006643,-5.152377942683114,-10.750216756530524,-2.4537025174143223,-5.265031430798407,-1.0914410646097967,13.02964506883771,-0.720114473949959,-3.7597175539557917,9.06193713937717,5.286815127787841,-7.101863001115843,10.534843508857506,-2.6723912913744887,2.4304721738113098,-2.0532152110953668,-5.762600614394632,-5.570629799327067,-11.056593772982138,5.49271643404863,2.4267195368617394,-1.6558465766078263,5.680715651985629,-5.890151808622331,-2.0310006726775125,-4.076144154133228,-4.048632288297394,9.915408170736862,8.963304229939686,4.108919825630208,9.010452209142642,-9.278573382633251,7.412863217455504,4.27724938067397,4.699334136556657,-2.0156420906615513,11.55338562973415,-4.890409256539829,-5.872436013183359,14.635201903021098,1.4012111054865533,4.998967846084079,-3.434096600444615,-8.380915244042138,-5.287348294201793
4.838637868422327,3.966872063512392,-4.377504469647885,-4.967581154048739,5.235380002371113,-8.059284532876196,1.4962476664431759,11.155926192723616,-0.6110083188588904,11.615045380319659,-2.270870103062429,-0.48182592577522754,-5.448893687005415,5.28005044663687,-9.772328161810146,2.4506739084479863,-4.570514000964584,-2.4034077065689394,-1.7571223728681014,-14.855160789153304,5.093376904090361,0.14378552892387608,12.276442447169206,14.290933667397486,-5.926293926552253,-2.5353381334486924,-2.7504984861647537,5.219782046259639,4.960115550438789,3.5588903236543703,6.8067146715738716,5.9578863062622185,-4.523712639066339,5.270020316393752,2.3224276281372678,1.4151735041177478,-1.91134594783789,4.793691243544716,3.9281394097063997,8.716945459594202,1.9707156748265935,0.9230011444267248,4.296032059305984,-3.4296271154332434,-8.30412353185455,-3.597168631932909,4.346435544193835,-9.26669088595781,-3.455534296378059,9.266387843009756
5.256757382573198,-4.377504469647887,5.78204117834401,0.8573102117749756,0.0012865122247622818,-6.369079278227411,1.6781149128568364,-2.947177711745652,0.5522621182264994,-3.873596333800144,-0.6908185583116477,-6.588799684994833,-0.32244226048336166,3.3924355418509546,6.936452700598537,0.12657447662921814,1.9076077137759082,-3.5334094444924933,-1.5431367489637808,1.0648750695940497,3.158868372006262,0.751786011279627,3.7129678955164658,3.415972362337673,-4.232623698190387,0.5120141505316216,0.34986681718111357,-0.2789778963097622,2.867972027606876,-8.910214101632427,1.4642071447915321,-7.5120738824591005,5.119124810806266,-5.1397635051007216,-0.4396674451606065,-5.990004379690248,-0.45041041039866003,-0.19298976528220546,-0.581647370141307,0.3890060703189643,0.3226328153969634,-0.6150604745671875,0.6512859206408784,-4.287433667406255,-5.262508204539434,-0.4536317064668169,-0.012326265277529225,-0.4517902758413779,3.561909695267149,1.8985451110221068
-7.125652633571186,-4.96758115404874,0.8573102117749767,14.187114115587711,-7.084699661323986,7.079331491650111,-8.151723354851008,-11.281331208665398,4.4789587637288015,-9.121014326536821,-6.394117136008755,3.8980327726685617,8.383265768738834,-9.71017559769045,0.5406582153625125,-9.637686404225718,14.590513643405696,1.8356258617774377,2.996326846381911,9.346555109103976,-1.8663025315108501,0.7006882403435355,-4.619325042533678,1.5386892483094776,5.761410900023964,-3.2958698837312475,2.677888505638502,-1.2953939216862687,-6.874400621541001,3.022124503411438,-0.4130053898019642,-7.507042179477984,6.1795311666963855,5.0705928246837395,3.589468273170935,2.828810333253124,-10.902330482219343,-5.120152393077696,6.162779014819738,-10.56581044742015,-16.098543281651153,10.294862018915815,5.885510559640259,14.437257937922649,4.3674560592633425,1.4897890044941233,1.662569664501565,1.9466935294479666,0.3121521475655441,-12.358122998663102
-0.022859037894395612,5.235380002371114,0.0012865122247633365,-7.084699661323987,-9.324825509181533,-3.1682103770032515,-6.498786457394421,-3.9448709219080067,3.3398093862460576,1.9423770404517273,-1.120704055669791,6.428084991201707,2.1042658160700993,-12.14940749590468,0.6847380555752157,-1.026811177558659,2.985764510827815,-3.7994076136547785,-4.892282624400605,2.6085455617682967,-13.9185487070518,4.148037770843693,-4.280506159676508,5.410693447941056,-6.493658469822719,1.987715062187031,-8.11065396113916,0.08803375929880786,-6.449298832205292,1.862891583293163,-16.330737192605763,-5.750307007073505,6.65505402865068,8.072614343732333,-2.2431835797075315,6.0642294324784585,-9.460564669284395,-1.4534367428648718,-1.4289833279313786,1.8818404213041329,-1.7572786836919552,10.184116055744768,0.0008264850160275561,1.857834533323751,4.444562895712854,1.3608434656683976,1.699874469438232,-5.288493504598827,-14.2813941554302,-0.6654491124030406
3.3947595406006643,-8.059284532876196,-6.369079278227413,7.079331491650111,-3.1682103770032515,-2.1505816467751115,6.9278647841059815,8.854940003213231,2.5637257519164396,5.687636811524139,-7.306458440080009,-6.399457326780861,1.6193451239735839,12.022438557514535,-4.376715848452388,1.9270987266681987,-0.5624723321383645,4.261593576551272,-6.339587292254594,-11.023840985738255,11.130845925993356,-1.1728753639793386,0.35237098878391415,3.481155067174381,-12.451612843933388,1.5292069245130775,-9.429142182139405,-0.3574313927443054,4.164428361095675,-18.800624778623746,-0.9147846724092621,5.014776398212675,-0.260006772999901,-3.7736456712489277,7.446374366885213,-1.937543630227207,0.6115292390286514,-3.9424734499374914,3.2388545831430555,7.3104825370860675,0.00013801516676292813,-8.032778909502122,-1.6366625059051176,-10.462941760518067,-1.2525577445176737,5.404689727524627,-4.446715900611495,-3.9694128955094814,7.613195010865338,-1.6689735302628612
-5.152377942683114,1.4962476664431756,1.6781149128568376,-8.151723354851006,-6.498786457394421,6.9278647841059815,-5.593338374310048,1.3972612288797968,4.096439881774031,-8.419207619343059,4.514781387129927,6.904708615022857,-6.0591520318461995,-12.228157782438561,2.3820264514768126,3.476493962480627,-1.5979906921009328,5.895029834803151,1.273965738260399,7.892372133122695,-7.002231780810537,0.8676534197816728,4.7159180443026925,-4.761556418215488,-6.781006570509027,-9.084136078868058,2.604648294995336,1.2583848654241798,-2.6112501824628236,12.88930696056991,1.285622604308461,-3.4959466926681375,7.406161469999804,14.062507732006292,7.213407221587656,4.25274284007203,-11.667198266451686,-1.5424661767293457,-3.657837928406425,-2.0749188006360786,-3.1872000911522593,6.671935937258033,7.724672911548523,13.085079978481827,6.109042839561748,-4.969483101370491,-1.4589292383574197,1.4919857429869918,5.3206349750607576,-1.9175202435202243
-10.750216756530524,11.155926192723618,-2.9471777117456504,-11.281331208665398,-3.944870921908006,8.854940003213231,1.3972612288797959,-11.371540281139136,1.5596886410888628,1.2909441197083127,3.3242833280824566,7.220842512621923,0.5713634249245003,-6.869546672989731,4.365404757965016,4.9773204989606405,11.010769228608638,8.248950938757218,3.7317732780331445,-1.10275979737439,-11.788774527294878,4.876858793825824,-1.2971698852350837,-13.82338716937204,4.657391739957132,-7.2557639071968705,3.9541799046366797,-1.2809500931967026,-1.476976467807452,5.474109399660156,-8.183415427231381,-3.300505757949227,5.26209812583418,-0.4989478855222822,2.4645057145244174,1.5790168193399612,-5.40868367457847,1.3082954311378918,-8.140645121056554,-9.176409758035263,0.7890163339673937,1.6430016546698432,1.9651181030062737,7.629477766669735,8.58986630556267,6.168429055858531,-0.36815529659637525,2.1893729952111682,-15.80587604383038,-9.13975013447884
-2.4537025174143228,-0.6110083188588907,0.5522621182264991,4.478958763728802,3.3398093862460567,2.563725751916441,4.09643988177403,1.5596886410888628,5.354966092876891,-7.857653702766669,0.632159206543197,10.394887595199364,0.07147459064968276,1.190522586119411,-3.497946209464253,-0.8313360435553305,-0.20628682738887794,-0.17373621803058026,-3.132468000455062,-0.5924485795136316,6.208467329140011,0.2526528346655037,-2.4056090654779245,-6.369857235684316,0.971475816057849,-0.06019364131424898,-0.6097576923718119,-0.29513795914990215,10.514989327856446,-0.5567162641241953,-2.0788498243085822,1.446463769755653,-1.146661909978034,1.397754883736244,-0.8524152872269688,-3.374575455289049,0.8526441801243477,0.3984180150854435,-0.4691492231494897,1.6407660517128446,-8.451860348773707,7.408329210216923,-0.11637673546990723,0.01422522599805598,0.11369985418060435,-0.16723962232067735,-0.1260345302252322,0.12998886429569795,-1.3405893405497826,0.8161918021184009
-5.265031430798408,11.615045380319659,-3.873596333800144,-9.121014326536821,1.9423770404517264,5.687636811524139,-8.419207619343059,1.290944119708312,-7.857653702766669,3.9024509425882674,-3.304607175362521,8.710587256815762,6.298099774136331,3.234789907805674,5.708585926535358,-0.4828362032770288,9.80929692274409,11.514862239484568,-4.249032967481515,4.8591241036201875,-0.7244149916323639,8.611585253900055,-6.847882768577317,-4.601590068690533,3.5472708455953676,4.454113138849717,-4.632003844920835,-7.093503494967378,6.257996603460963,4.725236815618784,1.8532339665485271,-3.510512538933513,1.2748559794403815,7.7196787288827196,5.606941094280142,15.128557466891177,-11.915551864141241,3.3427792743828544,1.7425549592088965,-8.539499878559955,-9.50800800663083,3.8924633282798067,6.4700293707350625,3.6417632472874564,10.20399831477751,-0.886393769439944,-5.025563256986735,-7.152076116780698,-13.251986600097302,-2.5894242126550493
-1.0914410646097967,-2.270870103062429,-0.6908185583116477,-6.394117136008755,-1.1207040556697907,-7.306458440080009,4.514781387129927,3.3242833280824566,0.6321592065431964,-3.304607175362521,5.192935719158547,-7.311718028264549,-0.1301045257148048,-0.6324455453176261,7.958952806704764,-0.2163687614865505,3.7265956852554845,3.067619032975342,-0.7296258332726103,-5.781014546685799,0.1479331761435685,-1.370591205337865,-2.6391559412627283,3.342190553044663,4.8357543742294276,0.7843042985418939,-0.27987258406621945,0.3768531155823861,9.192554026310363,-0.3820059339437073,2.5300137937769547,-0.7691694452112676,8.827489969895682,-1.8753419556952537,-0.35562515946273554,7.205361568038612,-0.657329854586274,0.19020933961999997,0.05798514555814671,-0.389717298408113,5.327793923515638,2.830038697871448,0.02834442519426794,1.7910310026487295,-6.8997121444703104,0.716399296347467,-0.7231804394795909,0.6015616314249945,5.097226913331481,3.27436416367342
13.02964506883771,-0.4818259257752291,-6.588799684994834,3.898032772668562,6.428084991201706,-6.399457326780861,6.904708615022858,7.220842512621921,10.394887595199366,8.710587256815762,-7.31171802826455,7.59344517485874,2.9238877820217075,14.331263305939611,-7.5775166147947095,-3.202135140890481,-8.928766155982355,0.4330549462651121,-1.0652586740714338,0.7516212554338084,0.8563465541734584,-5.212918766304074,11.455208055303599,7.1038269930456375,-0.39925415122873387,8.671469417560068,8.63003020667885,4.394203377390349,2.503565788782228,-2.0229219995458387,8.261008375785389,12.690713824928984,6.908872302150716,-7.407228737690985,-1.6307877227033771,-9.164373191546844,8.410365092067506,-2.7863197963263304,-6.299403066777766,7.83496352643207,2.006568753847895,-17.518065999354427,-6.045716244255386,-14.834429218882422,-9.752668501170485,-0.8346272894436064,-2.7603654048724655,6.531304291598458,1.3684153687313252,-1.276199474088765
-0.7201144739499596,-5.448893687005415,-0.32244226048336183,8.383265768738832,2.1042658160700993,1.619345123973583,-6.0591520318461995,0.5713634249245002,0.07147459064968442,6.29809977413633,-0.13010452571480413,2.9238877820217066,4.435150440627549,0.599744443465086,5.779825594447002,-0.4456954070059297,1.2375715880428841,-3.6512486177148107,-1.742690868664086,-7.576313701719492,-5.885537887585025,-0.5724858156625393,-2.8059356475010007,-0.42976927210915383,-1.9767616957469525,-0.028815995608847955,0.681427286313275,0.2781838005656687,1.5821443195967664,-4.218935433217817,9.696230075220654,-0.7585489667105146,5.9163944096813506,-1.5185319317531305,-0.2125031311037349,0.46193677204218564,1.228065406595415,0.2448955753003177,0.4609524920732353,4.754075758049653,-3.444118156885556,7.050640504447069,-0.0905945164864771,1.0404206616487701,1.095709606039908,0.28275514504328814,-0.8928041149622343,-0.34991692936996543,-3.1618138311966515,2.0041318743293783
-3.7597175539557917,5.280050446636871,3.392435541850955,-9.710175597690451,-12.149407495904681,12.022438557514535,-12.228157782438561,-6.869546672989732,1.1905225861194104,3.2347899078056734,-0.6324455453176265,14.331263305939611,0.5997444434650865,9.382366758139787,14.48764363774841,-3.894986348832653,3.952394209653162,10.265324208680125,-1.0272642463007118,7.371946368737378,-7.322466442948446,-8.11036228384629,-12.834342048488471,-12.577463850949517,2.0574437233664016,0.9544497403838201,-0.5631568643221387,4.379630081189477,-8.036754770925151,1.2735728404125908,-6.285466950511056,-8.405322283355321,-0.19631379432649476,0.135529386065471,-4.146424392130148,13.28872045269297,0.8344939676841137,-2.0299047098583145,-6.517976436351589,1.9533653724799382,-1.3839260984067079,0.30956145232979904,3.7753295015845585,6.948252371376907,0.43699847981783235,4.412213269690607,-6.9880009912228935,2.3026788253353256,-19.148908425374028,-4.716444242571899
9.06193713937717,-9.772328161810144,6.936452700598537,0.540658215362513,0.6847380555752163,-4.376715848452388,2.382026451476813,4.365404757965016,-3.497946209464253,5.708585926535358,7.958952806704765,-7.5775166147947095,5.779825594447002,14.48764363774841,1.9647635538380488,-1.0297783484665208,-4.296085181571575,0.7950455069903063,-2.49719324212188,-13.738689841478664,8.288425543708314,7.348393939516568,14.8194308582146,13.5850857504899,3.4460439010797197,-3.8958029365600293,-5.835796574934479,-0.9749417304493578,-5.051555785537849,3.7811755218491063,3.6748615527786566,10.92448299252457,3.369777295805923,-8.347205181822401,8.203925051853744,-0.3978509430688463,6.224240133452945,9.846254360517298,-1.8500882473883948,5.485061638047552,10.68917277969175,-0.8414989589325017,-7.87234072229597,-11.831960569875898,-5.786556250413611,-0.5624305116065322,-5.5610939485486774,1.9497163145794008,9.8279579336535,6.160422426707415
5.286815127787841,2.4506739084479863,0.1265744766292164,-9.637686404225718,-1.026811177558659,1.9270987266681991,3.4764939624806255,4.977320498960639,-0.8313360435553306,-0.48283620327702903,-0.2163687614865507,-3.2021351408904817,-0.4456954070059298,-3.8949863488326533,-1.0297783484665206,4.871800809938998,0.9074196135985524,6.320016611712896,2.5392940345538357,5.6425978082283645,-5.8525280803727275,0.06241621710518608,-2.0679157453982033,1.0517577382837708,-0.8837266725554633,0.7024763399401748,0.07108381130055019,0.18909163989964406,3.5453395698868766,-9.374234264739576,-2.868858562862772,-2.542874466266385,-1.0589456159961919,-7.511218164337131,0.214593339147631,-1.8041007836881253,-4.088921228124421,1.2365566590151618,0.11216439056660565,-1.5603685892611174,5.027492193802086,1.7939324159658279,-0.9042262849272207,0.10381764351018496,1.465477634166409,-0.15242218117558304,-0.3708152904001558,-0.2507387296769368,3.4135517685497176,-0.3023634489743947
-7.101863001115842,-4.570514000964584,1.9076077137759093,14.590513643405695,2.9857645108278144,-0.5624723321383629,-1.5979906921009337,11.010769228608638,-0.20628682738887827,9.80929692274409,3.7265956852554845,-8.928766155982355,1.2375715880428835,3.952394209653164,-4.296085181571575,0.907419613598553,-5.250198091890115,3.2561767195988907,-13.827596699082713,-5.29977228537722,11.472315493594799,6.35374481882365,8.494925185033953,6.789802291760469,-15.949991402658338,-1.4659886050430342,-2.1531844421709274,0.9663014811762443,-0.2047619254609725,-4.182143810877931,3.6663898810265727,-4.2237611257399195,2.2378999073780017,-13.85349851232465,-3.500318533752932,0.8001508884080935,3.0113041329861354,-7.655536707974301,-6.353378582551562,9.088284403567652,-2.239455302034272,-7.03021516554822,5.721634469521591,-6.613971867099922,-7.002724323350102,-2.9231782241977085,2.697713483843571,-2.166714232913101,11.668497441333763,2.104167563627621
10.534843508857506,-2.40340770656894,-3.533409444492495,1.8356258617774373,-3.799407613654778,4.261593576551272,5.895029834803151,8.248950938757218,-0.17373621803057987,11.514862239484568,3.067619032975341,0.4330549462651123,-3.6512486177148102,10.265324208680125,0.795045506990307,6.320016611712895,3.2561767195988898,10.510477239615183,-4.237163411394338,-5.685727767053842,7.691683859097367,0.48349089553994296,7.448753324173712,2.7562411955885238,-7.44121512723815,-10.015727803816292,-7.132246320222434,-5.251673709600688,2.2279465160150647,-7.4559832737575125,8.991823139044572,1.3078336234774155,-2.429544948134448,-4.1798463816293445,-1.435827037609267,-2.3023415955354367,13.436160586525943,-6.781940724656931,1.0732887146301153,12.337177650936693,8.142639141284343,-1.6129129628852366,-4.178737931756507,-5.1527520233800255,-14.702579369205926,7.67819563497419,0.46079949039200163,6.333782164732117,0.5858562607562334,6.930512509622568
-2.672391291374489,-1.7571223728681034,-1.5431367489637815,2.9963268463819115,-4.892282624400606,-6.339587292254594,1.2739657382603988,3.731773278033144,-3.132468000455062,-4.249032967481515,-0.7296258332726102,-1.0652586740714338,-1.7426908686640847,-1.0272642463007102,-2.4971932421218797,2.5392940345538366,-13.827596699082713,-4.237163411394337,-13.731027517554587,-3.001999266526134,6.91930954600045,6.075308836793887,4.227943270107701,11.557565667999931,3.0554933493018455,-2.7460598710897157,1.140828722089061,1.1499546273244066,4.873277802132358,5.470402645406557,5.801651875906121,6.577209075760967,-3.06151372905755,-19.21848894197969,4.63135415623818,-15.12464497987542,5.130440946974545,4.289727590577068,-5.8421823650997675,-0.8774139969460564,7.936597857560065,2.4901549521662645,3.553593612521868,-3.210267563157008,-9.430106238794764,2.136829134244729,4.399060235610695,-3.5582948292098284,3.2998524758772443,4.360796995347236
2.4304721738113098,-14.855160789153302,1.06487506959405,9.346555109103976,2.6085455617682967,-11.023840985738255,7.892372133122696,-1.1027597973743917,-0.5924485795136317,4.859124103620187,-5.781014546685799,0.7516212554338091,-7.576313701719492,7.371946368737378,-13.738689841478664,5.6425978082283645,-5.29977228537722,-5.685727767053841,-3.0019992665261332,-15.093199675832498,-1.7614435195045213,4.758874040348745,-1.0919861572373741,-5.602941280470748,3.568160119962774,-3.9782281217439284,3.6234456811885543,-0.8869573424033024,9.240783580408426,-3.0362978911114897,1.1282564889488875,1.1344005679198592,3.0711844488022098,-2.2651674161274626,-4.4922406697182975,-7.0619874995219885,12.934900552737613,-9.17480114907112,5.331187499038026,9.15859230500554,0.305972312357375,-6.702085220300668,-0.2994987735856405,-12.630254102320496,-2.7111457182892313,0.21919363773796338,-3.9854736614949804,-6.265996554180958,9.517588604973973,8.856606482001864
-2.0532152110953663,5.093376904090361,3.158868372006262,-1.8663025315108495,-13.9185487070518,11.130845925993356,-7.002231780810536,-11.788774527294876,6.208467329140012,-0.7244149916323637,0.14793317614356916,0.8563465541734585,-5.885537887585025,-7.322466442948446,8.288425543708314,-5.8525280803727275,11.472315493594799,7.691683859097367,6.9193095460004495,-1.7614435195045217,9.939138831476173,4.7763528117759755,-5.984182567823985,-6.949426636253959,-1.5760385167932234,-5.297567274222966,0.12424155651327096,-7.60729164012737,-9.02767202269798,8.526053343502554,1.0539862293180415,-4.846722409225746,2.3502574237392198,2.228356100625095,2.2949008655702707,7.146800403618947,-9.59644487213493,-2.4202521721702226,-3.2392728570594596,-3.1249503436984867,-1.857900771701349,3.8043370691691676,9.155864479046343,6.705383273446044,1.5493141600448614,5.63193795877757,-2.634405583326055,-2.9266406672698047,-12.19449110469721,-7.225827692211773
-5.762600614394632,0.14378552892387653,0.7517860112796282,0.7006882403435356,4.148037770843693,-1.172875363979338,0.8676534197816728,4.876858793825823,0.2526528346655036,8.611585253900055,-1.3705912053378657,-5.212918766304075,-0.5724858156625394,-8.11036228384629,7.348393939516568,0.062416217105185356,6.35374481882365,0.4834908955399436,6.075308836793888,4.758874040348745,4.776352811775976,5.2052354310515305,2.28413834997428,-3.651357330686645,0.22362623999599807,0.4561247101600492,0.4044133068105491,-0.16948916187845287,2.8101842567108353,7.892299714193757,4.260827581037557,1.149743913527269,-3.2714383748709404,2.766005188737188,0.16933449558709318,-3.862677708543194,1.0092460086796424,0.46235927681715605,-0.051952667814259224,-1.6541477535004128,-3.8305160921696393,-5.602279952783688,0.6699998003136649,-0.9020036427501159,-5.810413607105263,0.16707169204500102,-0.08701789625197676,-0.5763293669349994,4.038771425795009,6.647686788724626
-5.570629799327068,12.276442447169206,3.712967895516465,-4.619325042533677,-4.2805061596765075,0.35237098878391404,4.715918044302693,-1.2971698852350828,-2.405609065477925,-6.847882768577318,-2.639155941262729,11.4552080553036,-2.805935647501001,-12.834342048488473,14.819430858214599,-2.0679157453982033,8.494925185033955,7.448753324173711,4.2279432701077,-1.0919861572373737,-5.984182567823986,2.2841383499742793,13.959363260517758,-5.1454194515277685,10.162398657736532,-5.979742314758868,1.1676349745861454,2.291932265461684,-3.137247718688112,3.3944053204304168,-0.5732356992227621,-2.4783563363730647,8.164649953027208,13.812392286313266,3.217825282286465,-4.347004814906635,-9.198210940808812,0.1597038633194623,-0.7223587572261233,-11.346700940951125,0.9568798008258419,2.9473550563425976,-1.2246211739267743,4.854036492898059,8.981201055424874,-4.886947065424804,-9.9840191434617,-3.209203066311925,0.8206481755134305,1.8651974192087217
-11.056593772982138,14.290933667397486,3.415972362337672,1.538689248309479,5.410693447941056,3.481155067174382,-4.761556418215488,-13.82338716937204,-6.369857235684316,-4.601590068690532,3.3421905530446643,7.1038269930456375,-0.4297692721091535,-12.577463850949517,13.5850857504899,1.0517577382837706,6.789802291760469,2.7562411955885224,11.557565667999931,-5.602941280470749,-6.94942663625396,-3.651357330686645,-5.145419451527768,6.740777383344414,-3.692471976456635,8.374649850047454,3.760204953984554,-0.06588776280247022,-1.3794606877421844,10.950569621209551,0.9199683573942239,-2.484364135586346,4.390665847924353,4.8722230913223665,-5.1337415995759335,0.3616298711776458,-8.355347571636747,-0.49655743472332753,9.65115056633077,-5.347659957185561,0.0036884145856523887,8.502345194692104,2.311938513335269,8.04295340063255,13.716916008022947,-3.7084428256824826,-2.063329784804986,-2.7474588778654634,-12.90332846398292,-3.810918659937024
5.49271643404863,-5.926293926552254,-4.232623698190387,5.761410900023964,-6.493658469822718,-12.451612843933388,-6.781006570509026,4.6573917399571325,0.9714758160578488,3.5472708455953676,4.835754374229428,-0.39925415122873403,-1.9767616957469514,2.0574437233664025,3.446043901079719,-0.8837266725554642,-15.94999140265834,-7.44121512723815,3.0554933493018437,3.5681601199627746,-1.576038516793222,0.22362623999599796,10.16239865773653,-3.6924719764566367,-0.03331663222271164,-4.4029528098809845,5.653788725930374,3.900347351798762,6.648391393516365,3.5152512582835516,10.805904564465449,6.565259017004031,-7.7749529759328855,-4.413115209089936,0.22496187622378494,-13.303492054640133,3.8335758302407,-7.194878783687077,7.467067558635654,11.708291489673233,8.122149024677935,-6.773863273021505,-1.6880346530719428,-1.9925918889686325,-18.26462838041838,-1.2234725817128838,-1.7700478174106489,6.648337584584498,12.188893380119977,6.159814222125519
2.426719536861739,-2.5353381334486924,0.5120141505316209,-3.2958698837312483,1.987715062187031,1.529206924513078,-9.084136078868058,-7.255763907196871,-0.06019364131424776,4.454113138849716,0.7843042985418929,8.67146941756007,-0.028815995608848843,0.9544497403838189,-3.8958029365600297,0.7024763399401748,-1.4659886050430337,-10.01572780381629,-2.746059871089715,-3.9782281217439284,-5.297567274222968,0.4561247101600504,-5.979742314758869,8.374649850047454,-4.402952809880983,4.9434444752367295,0.5668665318765416,0.15775343844442125,0.2097947589291871,-8.86831672739889,-2.072363469127449,-7.791233821121087,-4.2723859561598365,8.744988989581268,-0.4196071780312489,-0.7407692205372318,-3.984439403529182,-0.1692020441092219,-0.1811298250671987,-3.122607226803466,-1.580137597263631,-3.7712274244651462,-0.08915742052223696,-2.946341726451377,8.750210538439793,-0.5557488271889949,-0.02329537020090411,0.43726952043814604,0.7528209696590804,1.3232681425451795
-1.655846576607825,-2.7504984861647563,0.349866817181115,2.6778885056385024,-8.11065396113916,-9.429142182139403,2.6046482949953376,3.9541799046366792,-0.6097576923718131,-4.632003844920836,-0.279872584066219,8.63003020667885,0.6814272863132755,-0.5631568643221397,-5.83579657493448,0.071083811300551,-2.153184442170927,-7.132246320222434,1.1408287220890634,3.6234456811885547,0.12424155651327051,0.4044133068105489,1.1676349745861443,3.760204953984555,5.653788725930374,0.5668665318765408,6.325342516762795,-0.6581622359495396,-7.54480689660168,3.1933392547557533,0.34125932604839093,-3.659016112442195,8.411607643862638,-0.32831287814516585,-0.41607405085504534,2.0930199786683796,8.522468668340387,-0.19619007564829283,0.3528440025200765,3.114433597837153,2.2567321496144124,-2.6151548311234967,-0.5603390251319214,0.0665356047838398,0.6435789735965387,-0.34798604658441823,-0.19472153084356147,0.14303207517176997,1.165053178982065,1.3533000813659684
5.6807156519856274,5.21978204625964,-0.278977896309762,-1.295393921686269,0.0880337592988083,-0.3574313927443058,1.2583848654241807,-1.2809500931967024,-0.2951379591499008,-7.093503494967379,0.37685311558238666,4.394203377390349,0.27818380056566827,4.379630081189476,-0.9749417304493582,0.189091639899644,0.9663014811762443,-5.251673709600688,1.1499546273244052,-0.8869573424033026,-7.60729164012737,-0.1694891618784521,2.2919322654616843,-0.06588776280246977,3.9003473517987626,0.15775343844442125,-0.6581622359495394,5.246719035933711,0.7225254945528935,4.110727959777749,4.690740906075725,-0.4630479022898183,-1.8708460637979258,0.6838172257792344,-0.25375982745676023,2.204213148906619,-3.259993249746888,0.22869898773866054,0.4037563610776629,-1.69956605309853,0.7429872948727122,2.636709778545392,-0.27298957034844584,0.4613784268230933,-7.073811715503936,0.19101045240837566,0.3605035346624026,0.1096971278577511,1.9881602711061637,-4.32403633372588
-5.89015180862233,4.960115550438788,2.8679720276068763,-6.874400621541001,-6.449298832205291,4.164428361095677,-2.6112501824628236,-1.476976467807452,10.514989327856446,6.257996603460963,9.192554026310363,2.5035657887822285,1.5821443195967668,-8.036754770925151,-5.051555785537848,3.5453395698868757,-0.20476192546097335,2.2279465160150647,4.8732778021323595,9.240783580408426,-9.02767202269798,2.8101842567108366,-3.137247718688112,-1.3794606877421842,6.648391393516365,0.20979475892918575,-7.54480689660168,0.7225254945528925,4.268951028454188,6.139395182922106,-8.943751786630013,-6.085716595858497,7.677016094297482,3.511899453447636,-5.743956401572727,11.494503128357694,-12.131713241258096,-6.73693364457383,-7.113345851884339,2.617609776339997,-12.627037541661997,-0.36791040965485744,-1.5456238555905069,-6.012506095554102,2.928038076315816,2.312387992634646,-1.1177445468034082,1.9565201472367655,-0.8193260020417001,-3.92817317678495
-2.0310006726775125,3.55889032365437,-8.910214101632427,3.022124503411438,1.8628915832931627,-18.800624778623746,12.88930696056991,5.474109399660157,-0.5567162641241943,4.725236815618785,-0.3820059339437061,-2.0229219995458396,-4.218935433217816,1.2735728404125917,3.7811755218491063,-9.374234264739576,-4.18214381087793,-7.4559832737575125,5.470402645406557,-3.0362978911114897,8.526053343502554,7.892299714193756,3.394405320430418,10.95056962120955,3.515251258283551,-8.868316727398891,3.1933392547557533,4.110727959777748,6.139395182922107,-0.6147958751526019,1.6089088059369965,6.0408529716168475,-8.761226319655346,-4.996444731883605,4.145872363288642,-2.1128125415854218,-1.2310405282411292,7.2796032032253795,-5.100888700019429,2.839156784168076,3.4590079679377284,-6.490458098931645,-7.580281761572245,0.6949689713293009,-3.612372498159088,5.316397084005917,-8.161412331014292,-3.618026641718151,1.715573622632193,0.04138071714690425
-4.076144154133228,6.806714671573872,1.4642071447915332,-0.4130053898019622,-16.330737192605763,-0.9147846724092616,1.2856226043084613,-8.183415427231381,-2.078849824308583,1.8532339665485278,2.5300137937769542,8.261008375785389,9.696230075220654,-6.285466950511056,3.6748615527786566,-2.8688585628627723,3.666389881026573,8.99182313904457,5.8016518759061215,1.128256488948888,1.0539862293180413,4.260827581037558,-0.5732356992227627,0.9199683573942237,10.805904564465449,-2.0723634691274477,0.3412593260483898,4.6907409060757255,-8.943751786630013,1.6089088059369971,7.026689542719626,1.3413692949025453,7.090271935478669,2.196372636605434,-0.6938069853037722,2.051083095575044,-6.393075106212727,-3.9163809253636437,1.3639613556690953,-0.6688458813165106,-10.863969619700411,5.810198850677566,-6.879574744120434,1.6781497264593221,12.024702890207948,-3.273168404962075,-7.115777988600096,-0.8468925627582242,-6.991074738353035,-5.264600372054376
-4.048632288297394,5.957886306262221,-7.5120738824591005,-7.507042179477985,-5.750307007073504,5.014776398212675,-3.495946692668138,-3.300505757949227,1.4464637697556528,-3.510512538933513,-0.7691694452112691,12.690713824928986,-0.758548966710515,-8.405322283355321,10.92448299252457,-2.542874466266385,-4.22376112573992,1.3078336234774155,6.577209075760967,1.134400567919858,-4.846722409225747,1.149743913527268,-2.4783563363730643,-2.4843641355863455,6.565259017004032,-7.791233821121086,-3.6590161124421936,-0.46304790228981774,-6.0857165958584964,6.040852971616848,1.3413692949025449,8.527673857888104,7.740461713860623,7.279171176487746,-7.9259466299645265,4.81003429237452,-6.818569023083288,1.0681486843444876,6.93659722535488,3.0319536512202196,2.4948467571990833,7.214724170715394,-6.008485701126619,8.193164857822262,-4.116612878177425,1.4846224174305411,-1.8611760993536988,0.4536315582055785,-13.95758855383912,-15.522112579435252
9.915408170736862,-4.523712639066337,5.119124810806266,6.179531166696386,6.655054028650681,-0.26000677299990116,7.406161469999804,5.26209812583418,-1.1466619099780333,1.2748559794403809,8.827489969895682,6.9088723021507175,5.9163944096813506,-0.19631379432649487,3.369777295805922,-1.0589456159961919,2.237899907378002,-2.429544948134448,-3.0615137290575505,3.0711844488022093,2.3502574237392193,-3.2714383748709395,8.164649953027208,4.390665847924352,-7.774952975932886,-4.272385956159836,8.41160764386264,-1.8708460637979265,7.677016094297482,-8.761226319655346,7.090271935478668,7.740461713860623,-0.7292626791590289,-16.290289949532905,-1.1736381832431935,-6.072401598162493,2.033820077621173,8.377582256868145,5.635258566606675,8.838129886270641,8.338655352606562,-10.342429462081558,5.362889397560252,-1.1701368297385029,-5.719595160500029,7.001687787348925,9.685110264840986,9.788323178217272,4.060980372551168,8.915143727082809
8.963304229939688,5.270020316393751,-5.1397635051007216,5.0705928246837395,8.072614343732333,-3.773645671248927,14.06250773200629,-0.49894788552228153,1.3977548837362441,7.719678728882719,-1.8753419556952529,-7.4072287376909856,-1.518531931753131,0.13552938606547055,-8.3472051818224,-7.511218164337132,-13.853498512324649,-4.179846381629344,-19.21848894197969,-2.2651674161274635,2.228356100625095,2.766005188737188,13.812392286313264,4.8722230913223665,-4.413115209089936,8.744988989581268,-0.32831287814516685,0.6838172257792352,3.5118994534476355,-4.996444731883606,2.1963726366054344,7.279171176487745,-16.290289949532905,-6.437229862324582,2.151846250994692,7.112870455427593,3.6119137948531828,-8.50292386589744,1.580689740020877,15.484190407979005,13.089326167821039,-0.9757052627855556,-2.3182418102521636,-3.825931271499121,-17.85790207111235,3.5184459456911896,-2.217703190301404,-2.08656090896974,1.577191393594124,6.01061938025172
4.108919825630208,2.3224276281372678,-0.4396674451606074,3.589468273170935,-2.243183579707531,7.446374366885213,7.213407221587657,2.4645057145244174,-0.8524152872269686,5.606941094280142,-0.35562515946273543,-1.6307877227033762,-0.21250313110373442,-4.1464243921301485,8.203925051853744,0.2145933391476311,-3.5003185337529317,-1.4358270376092683,4.63135415623818,-4.492240669718297,2.29490086557027,0.16933449558709313,3.217825282286465,-5.133741599575933,0.22496187622378527,-0.4196071780312496,-0.416074050855045,-0.2537598274567601,-5.743956401572728,4.145872363288641,-0.6938069853037718,-7.925946629964527,-1.1736381832431935,2.1518462509946916,5.473804679463905,2.0662708266543417,-1.9324559584634562,0.21494411439789696,0.04212782471490428,0.1673203730083594,2.6819646422652044,5.696985272992107,-0.3869742872360953,0.7518621155799194,4.162906053642802,0.36068106526270466,0.021505323200803672,0.733973886300189,7.864228548467802,2.6446750847390197
9.010452209142642,1.4151735041177478,-5.990004379690249,2.8288103332531245,6.064229432478459,-1.937543630227208,4.252742840072028,1.57901681933996,-3.37457545528905,15.128557466891179,7.205361568038611,-9.164373191546844,0.46193677204218564,13.28872045269297,-0.39785094306884483,-1.804100783688125,0.8001508884080945,-2.3023415955354363,-15.12464497987542,-7.061987499521988,7.146800403618947,-3.8626777085431945,-4.347004814906635,0.36162987117764644,-13.303492054640133,-0.7407692205372323,2.0930199786683796,2.204213148906619,11.494503128357694,-2.1128125415854226,2.051083095575043,4.81003429237452,-6.072401598162494,7.112870455427593,2.0662708266543435,-3.1941327350285045,11.506339249339813,-1.2784134666797637,1.030754222502247,4.753002241812951,16.181489466466214,-2.2902190864722196,-4.41715789107741,3.5704586504473044,-6.981435146351135,-2.9719669762625216,9.423081427225863,1.0345419921960202,14.22708243871795,0.08782442268557689
-9.27857338263325,-1.9113459478378905,-0.45041041039865953,-10.902330482219343,-9.460564669284393,0.611529239028651,-11.667198266451686,-5.408683674578469,0.852644180124348,-11.915551864141241,-0.6573298545862737,8.410365092067506,1.228065406595415,0.8344939676841131,6.224240133452945,-4.08892122812442,3.011304132986134,13.436160586525943,5.130440946974545,12.934900552737613,-9.59644487213493,1.0092460086796429,-9.198210940808812,-8.355347571636747,3.8335758302407,-3.9844394035291817,8.522468668340387,-3.2599932497468878,-12.131713241258094,-1.2310405282411294,-6.393075106212729,-6.818569023083288,2.0338200776211734,3.6119137948531823,-1.9324559584634562,11.506339249339813,0.5828015072055663,7.878617307463418,7.4632466804635165,-0.13167114061979715,-1.6752636387484672,13.598063416489119,0.8783461380112892,10.33174536832784,5.874417021348423,6.068775973974022,-3.798393533641913,1.6056093567214513,-10.892126371541558,-7.57988626846673
7.412863217455505,4.793691243544716,-0.19298976528220557,-5.120152393077695,-1.4534367428648733,-3.9424734499374914,-1.5424661767293448,1.3082954311378923,0.3984180150854443,3.342779274382855,0.19020933962000175,-2.78631979632633,0.24489557530031747,-2.029904709858314,9.8462543605173,1.2365566590151624,-7.6555367079743,-6.781940724656932,4.289727590577066,-9.17480114907112,-2.420252172170225,0.4623592768171566,0.15970386331946185,-0.4965574347233285,-7.194878783687078,-0.16920204410922068,-0.19619007564829305,0.2286989877386606,-6.736933644573832,7.27960320322538,-3.9163809253636446,1.0681486843444876,8.377582256868145,-8.50292386589744,0.2149441143978978,-1.2784134666797642,7.878617307463418,4.814704116364773,-0.02987702843869311,-4.896605833946865,-8.393579387601907,-1.7895282048871148,0.37135292008537013,-1.0215837714944709,3.128517257224277,0.0697543804612375,-0.6529114391648729,0.09473987827484642,-5.4914996830100185,0.7668875787401576
4.277249380673971,3.928139409706399,-0.5816473701413067,6.162779014819739,-1.428983327931379,3.2388545831430555,-3.657837928406425,-8.140645121056554,-0.46914922314948876,1.7425549592088967,0.05798514555814575,-6.299403066777767,0.46095249207323574,-6.517976436351588,-1.8500882473883942,0.11216439056660665,-6.353378582551562,1.0732887146301167,-5.8421823650997675,5.331187499038026,-3.2392728570594578,-0.051952667814259224,-0.7223587572261239,9.651150566330768,7.467067558635654,-0.18112982506719832,0.35284400252007636,0.40375636107766333,-7.113345851884339,-5.10088870001943,1.3639613556690948,6.93659722535488,5.635258566606675,1.5806897400208766,0.042127824714903395,1.0307542225022472,7.4632466804635165,-0.029877028438692332,5.779684828219862,2.455159081331913,-7.7983748954927545,-3.4475440523073826,0.2141826230235776,1.338285525569283,-8.318383796428229,0.9699551952336702,0.2427432712997334,-0.42499998902757197,-1.8467995318230388,3.643852554431579
4.699334136556658,8.716945459594202,0.3890060703189647,-10.56581044742015,1.8818404213041333,7.310482537086068,-2.0749188006360795,-9.176409758035263,1.6407660517128444,-8.539499878559957,-0.38971729840811387,7.83496352643207,4.754075758049652,1.9533653724799382,5.485061638047551,-1.560368589261118,9.088284403567652,12.337177650936692,-0.8774139969460558,9.15859230500554,-3.124950343698486,-1.654147753500412,-11.346700940951127,-5.34765995718556,11.708291489673233,-3.1226072268034666,3.1144335978371545,-1.6995660530985297,2.617609776339998,2.839156784168076,-0.6688458813165103,3.031953651220219,8.838129886270641,15.484190407979005,0.16732037300835892,4.753002241812951,-0.13167114061979635,-4.8966058339468645,2.455159081331913,9.565080963973,-3.814709839210181,7.210353291676795,-2.2344529401408106,13.225302079548962,11.716570303355558,0.8689921786376726,0.6074906937864682,-6.31308890539946,-15.362868407442594,-7.148360836953317
-2.0156420906615513,1.970715674826594,0.3226328153969631,-16.098543281651157,-1.7572786836919552,0.00013801516676332365,-3.187200091152258,0.7890163339673935,-8.451860348773707,-9.508008006630831,5.327793923515637,2.006568753847894,-3.4441181568855557,-1.3839260984067079,10.68917277969175,5.027492193802085,-2.239455302034271,8.142639141284345,7.936597857560065,0.30597231235737443,-1.8579007717013478,-3.8305160921696393,0.9568798008258425,0.0036884145856519446,8.122149024677936,-1.580137597263632,2.2567321496144133,0.742987294872712,-12.627037541661997,3.459007967937729,-10.863969619700411,2.4948467571990824,8.33865535260656,13.089326167821039,2.6819646422652053,16.181489466466214,-1.6752636387484663,-8.393579387601907,-7.7983748954927545,-3.8147098392101815,-8.269693673061589,4.7932331158640995,5.301666452658036,8.57639520506688,11.228009770544922,1.288666184866275,-4.369437772287457,-4.089219159663429,-5.7663952363863435,-3.4198437581467815
11.553385629734148,0.9230011444267241,-0.6150604745671869,10.294862018915815,10.184116055744768,-8.032778909502122,6.671935937258033,1.6430016546698432,7.408329210216923,3.892463328279807,2.8300386978714487,-17.518065999354427,7.050640504447069,0.3095614523297999,-0.8414989589325027,1.793932415965828,-7.030215165548221,-1.6129129628852374,2.4901549521662645,-6.702085220300668,3.8043370691691676,-5.602279952783688,2.9473550563425968,8.502345194692104,-6.7738632730215045,-3.771227424465146,-2.615154831123496,2.6367097785453915,-0.3679104096548569,-6.490458098931646,5.810198850677567,7.214724170715394,-10.342429462081558,-0.9757052627855556,5.696985272992107,-2.2902190864722196,13.598063416489119,-1.789528204887115,-3.447544052307382,7.210353291676795,4.793233115864099,-3.275529611181277,2.3520382995091613,-9.947409869759964,-4.067284737788974,7.441229308536103,2.138294512283368,-7.6487906728269595,-0.3536408387812329,10.590640084997123
-4.890409256539829,4.296032059305984,0.6512859206408795,5.8855105596402595,0.0008264850160270981,-1.6366625059051176,7.724672911548522,1.965118103006274,-0.11637673546990734,6.4700293707350625,0.028344425194268497,-6.045716244255386,-0.09059451648647701,3.775329501584558,-7.872340722295969,-0.9042262849272216,5.721634469521591,-4.1787379317565065,3.553593612521868,-0.29949877358564114,9.155864479046345,0.6699998003136645,-1.2246211739267745,2.311938513335268,-1.688034653071943,-0.08915742052223585,-0.5603390251319214,-0.27298957034844507,-1.5456238555905075,-7.580281761572245,-6.879574744120434,-6.00848570112662,5.362889397560253,-2.3182418102521636,-0.38697428723609517,-4.41715789107741,0.8783461380112891,0.37135292008537046,0.2141826230235777,-2.2344529401408106,5.301666452658036,2.352038299509161,4.714721776778452,-8.723854118227095,-3.7207865133468783,1.4027307815915266,0.5647825795931001,0.25518167207949816,1.0171781167044474,-4.622746760533795
-5.872436013183358,-3.4296271154332416,-4.287433667406255,14.437257937922649,1.8578345333237514,-10.462941760518069,13.08507997848183,7.629477766669734,0.014225225998055313,3.6417632472874564,1.7910310026487295,-14.83442921888242,1.0404206616487706,6.948252371376907,-11.8319605698759,0.10381764351018452,-6.613971867099921,-5.152752023380026,-3.2102675631570072,-12.630254102320496,6.705383273446044,-0.902003642750116,4.854036492898058,8.04295340063255,-1.992591888968633,-2.9463417264513767,0.06653560478383908,0.4613784268230925,-6.0125060955541,0.694968971329301,1.678149726459322,8.193164857822262,-1.1701368297385017,-3.8259312714991207,0.7518621155799198,3.5704586504473053,10.33174536832784,-1.0215837714944704,1.3382855255692823,13.22530207954896,8.576395205066879,-9.947409869759966,-8.723854118227095,-0.6008143663595611,-6.947947666466035,-5.061859985408626,-0.2697748306875323,-6.831182438899748,8.62846973092648,-4.018688168068949
14.635201903021098,-8.30412353185455,-5.262508204539434,4.3674560592633425,4.444562895712853,-1.252557744517674,6.109042839561748,8.589866305562667,0.11369985418060392,10.203998314777508,-6.8997121444703104,-9.752668501170485,1.095709606039907,0.4369984798178318,-5.786556250413609,1.4654776341664086,-7.002724323350102,-14.702579369205926,-9.430106238794764,-2.7111457182892313,1.5493141600448608,-5.8104136071052634,8.981201055424876,13.716916008022947,-18.26462838041838,8.750210538439793,0.6435789735965395,-7.073811715503934,2.9280380763158163,-3.612372498159087,12.02470289020795,-4.116612878177426,-5.719595160500029,-17.85790207111235,4.162906053642803,-6.981435146351136,5.874417021348423,3.128517257224277,-8.318383796428229,11.716570303355558,11.228009770544922,-4.067284737788974,-3.720786513346879,-6.947947666466035,-2.7117365848489206,-5.484646221408458,-1.917368522658595,-3.134615510758045,9.176203073462815,11.76011141661049
1.4012111054865535,-3.597168631932909,-0.4536317064668164,1.4897890044941235,1.3608434656683976,5.404689727524627,-4.96948310137049,6.168429055858531,-0.16723962232067713,-0.8863937694399446,0.7163992963474679,-0.8346272894436055,0.282755145043289,4.412213269690608,-0.562430511606532,-0.15242218117558287,-2.9231782241977093,7.678195634974192,2.1368291342447296,0.21919363773796374,5.631937958777571,0.167071692045,-4.886947065424804,-3.708442825682484,-1.2234725817128842,-0.5557488271889945,-0.34798604658441806,0.19101045240837544,2.3123879926346467,5.316397084005916,-3.273168404962075,1.4846224174305411,7.001687787348924,3.51844594569119,0.3606810652627033,-2.971966976262522,6.068775973974023,0.06975438046123739,0.9699551952336711,0.8689921786376733,1.2886661848662748,7.441229308536103,1.4027307815915282,-5.061859985408627,-5.4846462214084575,4.402681257568832,0.22008930295097884,-0.39795908111658007,8.54703262534734,3.390706633775299
4.998967846084078,4.3464355441938345,-0.012326265277530293,1.6625696645015644,1.6998744694382322,-4.446715900611494,-1.4589292383574197,-0.36815529659637525,-0.12603453022523042,-5.025563256986735,-0.7231804394795913,-2.760365404872465,-0.8928041149622333,-6.9880009912228935,-5.561093948548679,-0.37081529040015576,2.69771348384357,0.4607994903920012,4.399060235610694,-3.9854736614949804,-2.634405583326055,-0.08701789625197764,-9.9840191434617,-2.063329784804985,-1.7700478174106489,-0.02329537020090444,-0.1947215308435596,0.3605035346624019,-1.117744546803408,-8.161412331014292,-7.115777988600097,-1.8611760993536997,9.685110264840986,-2.217703190301404,0.02150532320080431,9.423081427225863,-3.798393533641912,-0.6529114391648737,0.24274327129973355,0.6074906937864676,-4.369437772287457,2.1382945122833674,0.5647825795931002,-0.2697748306875325,-1.9173685226585944,0.2200893029509785,4.298653971164046,0.10540967202911422,-2.8223460328979333,-8.917229989033551
-3.4340966004446165,-9.26669088595781,-0.4517902758413769,1.9466935294479664,-5.288493504598826,-3.9694128955094814,1.491985742986992,2.1893729952111682,0.12998886429569878,-7.152076116780698,0.601561631424995,6.531304291598457,-0.349916929369964,2.3026788253353256,1.9497163145794003,-0.2507387296769368,-2.166714232913101,6.333782164732117,-3.558294829209829,-6.265996554180958,-2.9266406672698047,-0.5763293669349991,-3.2092030663119253,-2.747458877865464,6.648337584584497,0.4372695204381464,0.1430320751717697,0.10969712785775076,1.956520147236766,-3.618026641718151,-0.846892562758224,0.45363155820557877,9.788323178217272,-2.08656090896974,0.7339738863001886,1.0345419921960204,1.6056093567214513,0.09473987827484565,-0.42499998902757113,-6.31308890539946,-4.089219159663429,-7.6487906728269595,0.25518167207949904,-6.831182438899748,-3.134615510758045,-0.3979590811165803,0.10540967202911378,4.907247635550144,-1.7038987657526459,-2.9373245692841383
-8.380915244042136,-3.45553429637806,3.561909695267149,0.31215214756554327,-14.2813941554302,7.613195010865339,5.3206349750607576,-15.80587604383038,-1.3405893405497837,-13.251986600097302,5.097226913331482,1.3684153687313243,-3.161813831196652,-19.148908425374028,9.827957933653503,3.413551768549717,11.668497441333761,0.5858562607562334,3.2998524758772434,9.517588604973973,-12.19449110469721,4.038771425795009,0.8206481755134298,-12.903328463982922,12.188893380119977,0.7528209696590795,1.1650531789820657,1.9881602711061632,-0.8193260020416999,1.715573622632193,-6.991074738353035,-13.95758855383912,4.060980372551168,1.5771913935941235,7.8642285484678025,14.22708243871795,-10.892126371541558,-5.4914996830100185,-1.8467995318230377,-15.362868407442594,-5.766395236386344,-0.3536408387812331,1.0171781167044476,8.628469730926481,9.176203073462814,8.547032625347342,-2.822346032897933,-1.7038987657526468,-10.926046376794329,4.597773130917182
-5.287348294201793,9.266387843009756,1.898545111022107,-12.3581229986631,-0.6654491124030404,-1.668973530262861,-1.917520243520225,-9.13975013447884,0.8161918021184003,-2.5894242126550484,3.27436416367342,-1.2761994740887659,2.0041318743293792,-4.716444242571899,6.160422426707415,-0.30236344897439493,2.104167563627621,6.930512509622567,4.360796995347236,8.856606482001864,-7.225827692211773,6.647686788724625,1.8651974192087208,-3.810918659937025,6.159814222125519,1.323268142545179,1.353300081365969,-4.324036333725881,-3.928173176784951,0.04138071714690411,-5.264600372054376,-15.522112579435252,8.915143727082809,6.01061938025172,2.6446750847390197,0.087824422685578,-7.579886268466731,0.7668875787401577,3.6438525544315796,-7.148360836953316,-3.4198437581467807,10.590640084997123,-4.622746760533796,-4.018688168068949,11.76011141661049,3.3907066337752987,-8.917229989033551,-2.9373245692841388,4.597773130917183,-3.6786709692806356
