n
50
c
24.87377082997381 10.541280193806205 8.02431314781889 -9.245790136308077 215.2078493010421 214.37918023936936 237.82613570800524 -213.55690030233725 -183.51969660088878 183.63064650732065 -189.06882839123722 4.530565121529164 -1.3440054489673097 3.4847782014564577 -12.28694004508702 270.2216895105829 3.209182106147698 168.82831104576567 -13.146933452803717 207.69797078043877 0.8528335438680763 -0.4095504360091997 4.143831865380936 -2.7846220739865153 147.69241991956338 -25.24943376814874 226.30505384733704 -2.470053425718765 17.852041284904764 -201.65662949363835 4.072203221101914 237.58312065296332 -176.96364021731605 206.68933277146502 -9.69194552335296 -235.0476132722115 -11.312664572963474 185.98262551679483 -20.076631828932584 -192.3742933786956 -9.85851209287912 -194.93523930829886 19.81242215323989 232.63424712077986 -28.255843598236833 5.780175326658997 246.60833695074058 15.435636185551129 -222.07789480501862 -233.95890262789422
Q
5.065816908110557,0.2973848983343197,-0.18136366053327746,-0.5396347894161886,2.951106136114875,0.17719529851183513,-3.370684898357617,2.2431393334491276,-2.763967850702881,-1.767462100104178,0.5579626418716659,0.12493269385329964,-0.22837776468918025,0.7623187356301903,0.42926284687059035,-3.96447259865764,0.2347657796734193,7.3658336547747085,-0.6294555232249022,-3.3058849924123703,-0.01817346947602605,-0.23677136139310462,0.10719431986331496,-0.38651690061055766,4.352204931276864,-0.03771797702052834,-5.449851844550822,0.8094211163051606,0.7382231485645103,-5.100920756823339,0.6238771459888357,6.283454053761115,-3.507946160271991,-5.59396818785881,0.30757467565293284,-8.0346300395438,-0.2981989304897577,-6.741221293789105,0.7188448423047618,-1.072321242444848,-0.396800482882675,0.832862981967147,0.5125685306053305,5.511350160184723,1.4336118630492105,0.14671402779875742,8.283793071478666,0.11671393667910003,-9.33742310184136,-2.344334578625832
0.29738489833431947,5.700642487591612,-0.43809770262164527,0.1551896071592085,0.15557282327423616,-6.314707722130146,-3.166246675889135,1.8821340517334288,7.418033402609058,9.372528191883363,-6.451252020193466,0.24164942070160358,-0.30047054084543845,-0.8180112439676297,0.9431570359274666,1.047769147270582,-0.12643723743204416,-1.6292698406385155,0.23561426845752176,1.3248034383170597,0.3615312011256887,-1.2828160848440597,-0.3709220790427421,-0.9827891381499351,-5.76165764007762,-0.7688969882575778,5.382535706044322,-0.17701378788991068,-0.34202516946956013,-1.1379583366267827,-0.1974378904068632,-0.8824860438241429,-9.886010022896423,-0.3611230722166213,0.36268456688289796,1.1515249349904289,-0.375779657073158,1.6314720968759695,0.32626506245954445,2.3195475363280735,1.029253533461868,1.2521359419065288,-0.11811116264197158,1.183703499741388,0.14301285449712986,0.8015303999657647,0.8421480563131196,-0.5460547017390069,-8.638980338383469,-2.4751429075098246
-0.1813636605332788,-0.4380977026216438,6.071259214128995,-0.6152019802456851,-5.436860397117898,-2.423731042606263,3.4663426677116393,-8.02120992590222,-3.401522498942911,-7.528339687567685,-4.6057960750285565,0.7306619370219865,0.40315247806880494,-0.9446380056772103,0.25342283910211494,-6.11657340068757,0.39790180459973995,-0.9419037846301507,-0.5269125599743806,1.3020968566398015,-0.7230804211672341,-0.6876998746370016,0.48095959059505794,-0.18622629935231316,-3.5415278048853143,-0.3768259166158088,6.211561031840352,-0.0025031183779415933,-1.3070696207191856,3.541181349070246,-0.07941476637744724,-6.291320696971839,-5.284937320959816,-3.826189053018766,0.6040299626492809,7.709324213364901,0.050001455876272916,-1.4363874896005941,0.08331806320500912,3.9786224884012675,0.6418300686236009,-6.379816598687798,0.1447863139616059,8.33506817352519,0.553806048254995,-0.3545021646772634,-0.5124847211109725,-0.4671343911746565,4.653115708828119,-4.923352795300947
-0.5396347894161877,0.1551896071592085,-0.6152019802456852,5.2960634399181234,-0.5226058890084786,-3.81535700288806,5.782324776742535,4.781838280940457,-1.1389649665251294,9.417521662182873,-8.689928592769377,0.7647622602089893,0.9101344979469894,-0.13299995194861203,0.5669731498218886,3.424541198372996,0.4045417615849934,2.550862285340743,0.3924038056661767,-10.47227818518988,0.08963292057309202,0.0747054861883939,-0.5248104886088575,-0.27000326077196046,3.7797562026925986,-0.5287613244691524,-0.709967590745614,0.2534407417749506,-0.1829617682064951,-0.7393822133702288,-0.05870670145159712,4.971953163756757,-5.391251209874691,-9.506808710668746,-0.2341169266068377,6.464479963508828,0.26443866498020596,3.423304886996683,0.0793179797402398,-0.09432804770782788,0.11426205745560547,5.0806335885775615,1.0069153817605048,2.582797663940725,0.45630922237028504,-0.14997791866256227,-3.850766865821979,-0.3391074811614766,-1.7533723363873466,4.466118048054844
2.951106136114876,0.15557282327423616,-5.436860397117899,-0.5226058890084778,7.41818271955553,-4.720268095048746,-3.4329454475602734,-1.6998001400946467,0.62561224810317,-5.468395517964399,3.9216460491384364,7.455559222451038,-0.22909033830707726,2.0954652396203546,-0.4908200415800523,-1.0303744244077317,-7.3789098087686344,-3.699278602228653,5.759682784482276,-16.14224466601147,-0.9473821960601376,-5.999668772241442,-5.805532055722762,-7.658505235721668,1.4712395851364741,-7.135150189253173,-4.15735628120212,-0.5095367584980359,6.012400947057521,0.8098504332218985,3.6696800825747573,-3.4162250956362756,-2.902893450229493,-10.789482323698358,2.6988077359349516,10.245860252130354,-10.642895429770324,-4.897852980204849,-0.27493050017042364,4.4392175857873495,-3.254221789483141,-0.48245790811698785,-6.318553331051477,-11.572524798924457,-2.5535512789158585,-0.708929094757614,3.1342883820646383,0.36476835475732633,-1.650504339694122,11.882500885837938
0.1771952985118337,-6.314707722130145,-2.4237310426062644,-3.81535700288806,-4.720268095048746,-3.142996397882384,-2.2770696433683684,-1.9443907580058892,8.586853867401741,-4.540590285357477,2.4739216074395114,5.125471615843719,-1.8703402985004756,1.489219128976186,-2.4240072751431962,-8.550954405148666,3.715091793335668,-3.640937983546666,-3.8177479723035486,-6.650117219100519,2.21452563531203,-4.722150327006637,-7.463805747162723,-8.703618535307506,0.17790986089025873,7.299199157264841,-9.816267116610566,1.6925322603110993,5.557554596197558,10.617651278147202,2.2469245089509777,-10.66153047093301,7.0984767446901245,4.877173890590829,3.3697759053427028,-4.787629350549013,-4.13505148273859,-2.206132759368926,-5.745961279614771,6.670393544595177,-2.509633144153719,1.9467493321308529,2.302443252194375,-9.510374742735234,7.585880236228393,-3.271655914161264,0.1711649886302175,-0.5370186177487233,5.4218215584494605,1.5109397532286382
-3.3706848983576174,-3.166246675889134,3.4663426677116385,5.782324776742534,-3.432945447560275,-2.2770696433683684,-1.2209709614526387,6.656740250597581,3.2030382962574393,-4.333682685861328,1.2657394962644397,4.628104901300717,0.5605678522758708,-4.461478621905495,-9.108042942061465,-6.0908028580319185,4.001447024155111,2.7528636994174196,-2.013691714352607,-4.76063891440444,1.0965091615629596,3.7628987769843865,-2.2108046616177996,2.7710842819050816,-13.524793102345905,-4.658383988275619,-1.9635309718113603,-4.409838576030064,4.288643712253501,16.65142123279085,-5.685411017379981,-10.58228817833433,0.5710389712043344,1.4026848332245445,-5.590403614955372,2.8270186487705464,6.004894164502659,-2.7199343479789375,-10.001548337528588,13.323880618898464,7.049092939270664,12.457928429590133,-6.84031314657171,-14.991895318728654,1.993135079796612,-0.598912587391607,8.42416996641822,4.87674887155117,6.1855158506882715,-1.284135547453129
2.243139333449128,1.8821340517334288,-8.02120992590222,4.781838280940458,-1.6998001400946472,-1.9443907580058903,6.656740250597581,-7.913360755792488,-4.006362761954441,-7.014856765000543,-5.755658822223069,-1.999952582449829,-4.943698448411937,3.6834174263949944,4.287289282084851,5.044058529463437,-2.4365361678002326,3.005133985347184,1.1746905689551281,-8.771251194116223,3.982225515537216,4.615298057549374,0.08863971361186758,6.358888584190405,10.855345792433523,5.250496755214511,5.036157434271869,-4.680777496529751,8.306944793143,-0.8421318617937856,-0.4292811726310486,8.095507375232401,-0.18002890730842558,16.027316298717448,-0.4399943370509649,-3.6708833252200384,8.966863568248773,4.988173643522058,8.760322625378619,-13.85198651412362,6.850868036128258,-6.288551032271799,-6.010223174026226,2.1315526635972795,1.644928724162057,3.4311215710749208,2.1403304408914834,-2.7091776046670164,-1.76191600538745,-9.308825951471386
-2.763967850702881,7.4180334026090575,-3.40152249894291,-1.138964966525129,0.6256122481031703,8.586853867401741,3.20303829625744,-4.006362761954441,-12.610567772556335,-1.7117377072517577,-6.858730281591189,-2.2564046287732875,-7.189335930730518,0.15683945241496944,5.122095937271591,-0.9257555010896099,1.663063541413867,14.800894321173404,3.1600711528664376,3.3149441134944517,-4.507058686221236,-2.34146495605915,-1.5246204325694659,-2.8808034737124197,6.5298893705474805,-1.1277717848170072,-6.59433040105502,-1.6798025761391466,-6.272778599225767,-4.793150312625409,7.786253511920768,8.807076338099426,-15.577396251540709,-2.219715229676273,-0.8618860494828953,-5.231791941353553,2.8302785587709023,15.749356259735565,5.38866688653896,-5.517029214013696,-5.932364933742036,-12.395405992717148,4.80007045605345,5.042843209908307,2.2150059475710853,-7.080921916575079,5.702480890504541,1.805420691865149,-1.801918737804289,-6.046925874112297
-1.7674621001041784,9.372528191883362,-7.528339687567686,9.417521662182873,-5.468395517964399,-4.540590285357478,-4.33368268586133,-7.014856765000542,-1.7117377072517577,10.681195252691857,-5.4670824895516414,-4.8209392902612,-0.2171230716992747,-5.820563684651579,-2.389404088968604,-3.755804933662003,5.158581101195088,-7.835334524100603,1.9232884265107977,-8.704982342893096,-6.807993131641454,1.677132545130707,-1.5507476164633214,3.1645095569546053,-8.649827173627285,-0.7431203408828648,7.118661672840952,-1.8571130532684603,5.466420657671005,4.972405783523746,-2.117788251475374,-3.9988140317454626,9.053802067644146,-4.292354810636437,8.040555036262148,12.048981888971511,-5.334411436098343,5.2345412140185905,5.811593734610974,-0.09991750019465584,-2.5643002662686696,2.9304787728195754,-2.4118559386036416,5.042869127728904,6.528598250669458,7.497179823894946,-4.388954494965046,-2.0483527448979193,6.012273379822954,12.379168565866292
0.5579626418716659,-6.451252020193466,-4.6057960750285565,-8.689928592769377,3.921646049138436,2.4739216074395114,1.2657394962644384,-5.755658822223067,-6.858730281591188,-5.4670824895516414,8.999875574760857,5.811998323387991,-0.7183066459128249,-0.012797521380143229,-5.424424222194887,1.0997373177788945,-4.72398134913428,-1.7366850448341657,2.4670572987640806,-5.655995886969872,-0.6838085480736177,-2.8781263862508877,-1.6563717598849688,-1.651933823460246,-0.4047522424694432,0.3312004130305204,2.919469458808178,1.739960913234061,-1.5177860824811118,-5.492787856289539,1.0022174140227311,-4.444688219405385,-2.3526505541326133,5.353982940708228,4.316199846316948,-3.9582702849144655,-4.2322918714237865,5.115478051459382,2.471173798938733,-0.36505109104365446,-3.1989007483944043,-11.445966905283726,-3.5633468749300627,9.672442501439708,5.297006632457791,2.673604751089834,4.507946137477335,-2.460989193379577,3.5583337787683034,7.525244386668196
0.12493269385329908,0.24164942070160333,0.7306619370219856,0.7647622602089896,7.455559222451039,5.125471615843721,4.628104901300717,-1.9999525824498297,-2.256404628773288,-4.8209392902612,5.811998323387991,6.437573959928594,-0.39708105507600044,0.27465067616605,0.07717501224620515,-8.308386033353909,0.28188629645742985,2.44848841896683,0.3897291339760536,4.833277748463757,-0.4122968875391621,-0.7010901962393832,-0.30876781927430563,-0.1079662229923748,-2.3278315791742688,-0.15027883013031113,3.310261886910548,-0.4241080848575224,0.22143818295417794,-0.05502486832647169,0.5688337652982408,-2.6479253145775754,-0.9830512321606639,-4.840141548085834,-0.02131509468801973,3.958181709140696,0.19776701686184595,7.981474933903943,-0.22780574715976742,4.060797901049795,-0.6180771076498048,-8.520611601776944,-1.1131509368397594,-7.150514578638069,0.7418250813053942,-0.23171157338277037,-0.7030647620603432,0.8114927115561874,-6.246213007014617,-4.6119255320366985
-0.22837776468918092,-0.30047054084543834,0.4031524780688053,0.9101344979469903,-0.22909033830707826,-1.8703402985004771,0.5605678522758712,-4.943698448411936,-7.18933593073052,-0.21712307169927525,-0.7183066459128234,-0.39708105507600006,5.408181211769822,-1.1028345084598505,0.45979303171782915,1.4718203209877225,-0.13642446891281484,1.366230100826979,0.7069363069476186,8.817727400088913,-0.4590986746392903,-0.08615087258375786,-0.24101810109489696,-0.41851602906958835,7.442428526094564,-0.7198108189318537,3.1388430065154185,0.17279169438232345,-0.23587463703032463,4.638530834358032,0.11878219912116406,2.4924212514076274,6.920105095156517,4.270924895664249,-0.14098711265835762,0.8548899246196657,0.1670128881534485,-3.9838326301784517,-0.1751964371842557,-5.360656603976968,0.16482472545747284,1.3217834745306596,0.12162128509435649,1.720855923036822,-0.3638685180227413,1.1849993163994554,-3.0206659062357097,-0.3771502577883159,-2.702655909449305,3.9739529860863674
0.7623187356301916,-0.8180112439676304,-0.9446380056772109,-0.1329999519486117,2.0954652396203555,1.4892191289761862,-4.461478621905496,3.683417426394995,0.15683945241496966,-5.820563684651578,-0.012797521380143007,0.27465067616604993,-1.1028345084598499,5.95235857672675,-0.14545039640920143,-8.388355824425744,-1.0433363896878005,0.5045517757843739,-0.1418499795845385,8.03222649231322,0.64081726218829,0.5516971394418642,0.05003550232758802,-0.30369185522860365,1.7274629350680861,-0.30509579111133955,-1.1588559517941843,-0.9114631354019267,-0.0844753515199429,-6.68400485757093,-0.0617874939143038,0.44905680929516545,0.17147819110512152,5.717224017520579,-0.08956389581428403,-2.5296091035351846,0.003984997393030154,-4.803972481757189,-0.4123622413918283,5.551974444407488,-0.01782704875488328,2.9505595615997153,-0.6419457898711796,-4.1298799646732,-0.10955447176134958,0.20525395205215813,-0.9184240502928239,-0.04619872640816103,-0.028424412932458953,-6.060925296518813
0.4292628468705906,0.9431570359274658,0.2534228391021145,0.5669731498218885,-0.4908200415800523,-2.4240072751431976,-9.108042942061465,4.287289282084851,5.12209593727159,-2.3894040889686043,-5.424424222194887,0.07717501224620348,0.45979303171782915,-0.14545039640920127,5.470754965643929,-2.479009150774429,0.09256331824060848,6.157687223030008,0.5227521439245636,-0.4862286807152276,0.5709132302138824,0.6225736230823407,0.4217221353040972,0.2941428528002781,-4.700834965029381,0.2108896598495651,3.632609641483959,0.215333009242537,0.35925177488306415,7.707155241501066,1.0580252152296459,0.059105993126224554,0.7024132037989469,0.8301082483208364,0.33042820599829836,0.46243312330422237,-0.7917657516453401,4.277087204640212,-0.19512065730631195,0.3961847414137691,-0.1342478463390424,-9.364259022271632,0.044887040744755344,3.284776913842447,-0.7516948103997083,0.5389535858969675,1.8815749787460274,0.9799315624291669,-4.768784747236028,4.0815015545319975
-3.9644725986576397,1.0477691472705821,-6.11657340068757,3.4245411983729968,-1.030374424407733,-8.550954405148666,-6.0908028580319185,5.044058529463438,-0.9257555010896121,-3.7558049336620027,1.0997373177788958,-8.308386033353909,1.4718203209877239,-8.388355824425744,-2.4790091507744276,1.6937306156103888,1.6345827635479047,-7.808987079866778,-0.9319917602133847,-8.03938817179893,-0.05750474322894039,1.4932542393317538,-3.509242053784577,1.5874255711677292,4.068020174352931,-0.8680237334450464,-2.785289903258817,3.6657677731564338,-7.4867233907564525,2.9530917630889815,-4.38785110856311,0.634595176139984,2.4025273157234035,-9.148626914635127,2.2050763988664315,-3.4703868456632097,3.056155234053299,5.264266710108444,0.5431951847246348,2.2555225172163302,-1.3352273178276761,2.345658737955473,3.595846248953132,-10.101888541417726,-2.4070973806902,-2.631368671710301,-9.824389387906255,-4.005253673074928,3.7829194530371426,-3.4127036660278094
0.23476577967341938,-0.12643723743204482,0.3979018045997398,0.4045417615849931,-7.378909808768633,3.7150917933356684,4.00144702415511,-2.436536167800234,1.6630635414138677,5.158581101195088,-4.723981349134281,0.28188629645742935,-0.13642446891281435,-1.0433363896877994,0.09256331824060793,1.634582763547904,6.498206721448463,-2.1174137843334666,-0.2810810278173208,1.5428363959917824,0.2602273499305864,0.11259111669131794,0.012896117948006602,0.36685620856502843,3.7605138223831136,-0.8098864902810647,-0.6483789413169827,-0.2733434625973419,-0.4008190579226119,-1.1934891399363325,0.250533719106842,-2.6950893387515835,7.262446344772481,5.024069291132338,-0.7816379724987601,-8.320221487965961,0.13757629918462733,4.190225706741527,0.22356862632120678,-6.14782343814764,0.7758219034319667,-1.8766162848668249,0.03857403562077033,-0.7340158059965773,-0.3141988854051454,0.4359525210855344,-4.036489876190137,0.5270531137367536,2.2502742398747504,7.351730253258184
7.365833654774707,-1.6292698406385155,-0.9419037846301512,2.5508622853407443,-3.6992786022286532,-3.6409379835466655,2.7528636994174205,3.0051339853471846,14.800894321173404,-7.835334524100603,-1.7366850448341662,2.448488418966831,1.3662301008269797,0.5045517757843745,6.157687223030008,-7.8089870798667755,-2.1174137843334666,0.0048894718985961205,3.1360039164767906,-10.931080950992657,-7.784274028113474,3.291838177124751,2.5751642906368115,1.7509525389301848,2.646272585764831,3.8069985632513754,-1.8234345002501045,0.17294353971601117,0.025154052561032092,16.9112424666382,8.154264416516149,-2.682846733493576,13.49954230327925,0.07515710559496303,-2.4894304168484913,9.957331253944677,-5.808622776535462,-12.10966800235559,4.411024021739787,15.034971568949231,0.38387271772693965,15.17341948235328,4.910112003175258,-0.8963437687317879,-6.571246407666824,7.714198105181998,-16.304723745425505,1.8489324739267827,-4.291544877370571,8.458351799761026
-0.6294555232249028,0.23561426845752173,-0.5269125599743828,0.3924038056661764,5.759682784482276,-3.817747972303548,-2.0136917143526087,1.1746905689551275,3.160071152866437,1.9232884265107988,2.4670572987640798,0.38972913397605385,0.7069363069476178,-0.1418499795845385,0.5227521439245627,-0.9319917602133849,-0.2810810278173199,3.1360039164767897,5.02655730659003,1.4650941686419905,-0.9467931002609217,-0.10184152042215167,0.8247030524219708,-0.5678090571538479,-10.437143143242965,0.4839710055094373,1.5168316176172554,-0.7635747938410505,0.39872053827336645,7.844182378635419,-0.8358715264676789,5.40604973090615,1.5076240613818757,-8.778189856902893,0.13500732376215274,-4.985750866947504,-0.0753296463499582,4.7424298068411055,0.06465241400257671,0.9389014380657023,0.335103881424251,3.5492150486915706,-0.07516638419279892,0.11113624697230795,-0.6432183877876878,0.3272902238305937,-6.3472457367899,0.6308888758916518,3.2297703343243427,-7.414732892884558
-3.305884992412369,1.3248034383170606,1.302096856639801,-10.472278185189879,-16.14224466601147,-6.650117219100519,-4.76063891440444,-8.771251194116221,3.3149441134944513,-8.704982342893096,-5.655995886969873,4.8332777484637575,8.817727400088915,8.032226492313217,-0.48622868071522785,-8.03938817179893,1.5428363959917821,-10.931080950992657,1.465094168641991,-1.9669792048647716,-0.5926055359545942,-1.8883717392633446,0.40258088537417486,-5.843980052359543,-2.3651350908225277,6.065816757105428,-8.166792278212181,-1.6168781323956722,3.2536809442601293,2.8174869443966837,1.2083720432814218,-13.07063222580826,-1.6543027846821718,-0.4180310701579084,-6.305577160461134,0.34477780576949146,6.030281178665621,-3.958477817230337,-0.21762026580031457,6.172146690368951,3.8014295991309677,8.194835201968143,7.855084628972932,0.3971994722435671,10.223316533136504,0.13314850717273968,-13.648143751507575,-2.098773587189154,7.039533352402581,11.784116762086256
-0.018173469476028048,0.3615312011256895,-0.7230804211672341,0.08963292057309147,-0.9473821960601394,2.2145256353120297,1.0965091615629607,3.9822255155372166,-4.507058686221236,-6.807993131641455,-0.6838085480736172,-0.4122968875391613,-0.45909867463929044,0.6408172621882892,0.5709132302138828,-0.057504743228940836,0.2602273499305886,-7.784274028113473,-0.9467931002609219,-0.5926055359545945,5.535852952551104,-0.49829728629086656,0.1262823624834678,-0.07210090322219342,0.18619775026606528,0.03021303466345593,-6.035025244558485,-0.08886885695013813,-1.1252524000038697,-3.7552938215414944,-0.2919911423645315,-3.6925222703173093,4.52994030195755,-8.23811627376728,-0.3963327625998083,5.5088925928465935,0.2269416568336446,1.619161328113453,-0.18908127468641558,-3.414735011281781,-0.3090401921177495,-2.5398106019850344,-0.967978459147793,5.697353812491225,-0.7328195216546334,0.7062719856549575,6.946623531188248,-0.08139741133893263,-0.826582934974891,-2.015981387448747
-0.23677136139310506,-1.2828160848440602,-0.6876998746370013,0.07470548618839468,-5.999668772241442,-4.722150327006636,3.7628987769843865,4.615298057549374,-2.3414649560591507,1.6771325451307066,-2.8781263862508872,-0.701090196239383,-0.08615087258375709,0.5516971394418639,0.622573623082341,1.4932542393317552,0.11259111669131816,3.2918381771247502,-0.101841520422152,-1.888371739263345,-0.4982972862908669,5.645851978041168,-0.43029233458761523,0.057717910606080336,5.817486989769638,-0.47536983096681085,-2.916750165342453,-0.23514331611628697,-0.3543531392382273,-7.865425342920436,0.09180742497221214,4.709967703337705,0.2955080447845535,8.221604955431452,0.913434654776681,0.5177393634594067,1.1249056862961668,4.099497880842367,0.6507098324595504,4.721166083637358,0.2555792644708047,3.510634488182253,-0.6717118311787825,-3.7489015386013658,-0.40290134120614596,0.3054993486623814,-1.499664300176804,-0.0953576598547956,-8.384206903076688,6.983859500831004
0.10719431986331474,-0.37092207904274166,0.48095959059505744,-0.5248104886088579,-5.805532055722764,-7.463805747162723,-2.210804661617801,0.08863971361186798,-1.5246204325694646,-1.5507476164633205,-1.6563717598849697,-0.3087678192743059,-0.2410181010948973,0.050035502327588244,0.42172213530409824,-3.5092420537845763,0.012896117948006824,2.575164290636813,0.8247030524219711,0.40258088537417425,0.12628236248346836,-0.43029233458761496,6.49973881194874,-0.17322772015780857,5.191134551366143,0.031019410502958422,-1.9021039050774653,-0.1547339603197193,-0.38674673651728886,3.0427349809342044,0.30371085688528365,4.103456900353301,-0.9838443229483296,3.172179853056976,-0.2289143350098486,6.961804727872835,1.0871937334951074,1.0733788528900727,0.06780317122153652,-6.529023942269086,0.05550122224109155,-6.617265143490618,-0.2449020603801747,-3.8004642406515803,-0.04322883770751851,-0.4651574241237293,6.10577547827239,0.7055254549434156,4.357083523317913,-6.181126920337385
-0.3865169006105591,-0.9827891381499345,-0.18622629935231355,-0.2700032607719607,-7.658505235721668,-8.703618535307507,2.771084281905082,6.358888584190403,-2.8808034737124197,3.1645095569546053,-1.6519338234602459,-0.10796622299237511,-0.4185160290695882,-0.3036918552286034,0.2941428528002772,1.5874255711677292,0.3668562085650277,1.7509525389301848,-0.5678090571538488,-5.843980052359543,-0.07210090322219309,0.05771791060608156,-0.1732277201578093,5.518703112985494,0.7308249249268693,0.24034073602732287,-2.3060768073546023,0.5591585454189689,0.15922751576981312,-3.2345715059001074,-0.20271200138932133,0.16345999014818513,-0.5445558290502519,-6.655675911788016,0.26251097782558064,0.27582318050195576,-0.2997458131767434,-6.84315277340065,-0.2097197756132767,-1.5446770449774359,0.37522190281020074,1.1026284697295456,-0.4551456346875943,0.30401843368562864,0.7843972354866233,0.9656927336523252,2.1925027917325,-0.5955199279869614,3.2128140089052404,0.34702608300989146
4.352204931276866,-5.761657640077619,-3.5415278048853143,3.7797562026925973,1.471239585136475,0.17790986089025973,-13.524793102345905,10.855345792433521,6.529889370547479,-8.649827173627285,-0.4047522424694435,-2.32783157917427,7.442428526094565,1.7274629350680857,-4.70083496502938,4.068020174352933,3.7605138223831127,2.646272585764831,-10.437143143242965,-2.365135090822528,0.1861977502660645,5.817486989769638,5.191134551366143,0.7308249249268682,-1.7910906906694546,-1.822552600782931,-4.399254670273769,6.525241568077249,-1.7271821836259522,10.356928357532908,-1.8576067341821245,-12.348450104469205,1.031116842757156,1.1020480516428162,2.0402192105727837,-3.111404349516043,2.5247497016253435,-0.670647574100058,2.995415965054642,4.083851184038562,-0.730351490918218,3.3335656146687445,1.8547521383015468,-8.115800388788147,-1.9880975843585906,8.15957520616101,-6.290275252155001,6.755057232880443,10.151319100037686,14.102547940744236
-0.03771797702052748,-0.7688969882575775,-0.3768259166158086,-0.5287613244691536,-7.135150189253172,7.29919915726484,-4.65838398827562,5.250496755214512,-1.1277717848170068,-0.7431203408828659,0.33120041303052017,-0.15027883013031007,-0.7198108189318535,-0.30509579111133933,0.2108896598495651,-0.8680237334450474,-0.8098864902810645,3.8069985632513768,0.4839710055094355,6.065816757105429,0.03021303466345568,-0.47536983096680996,0.03101941050295698,0.2403407360273223,-1.8225526007829314,4.662782907499242,2.359370491564728,-0.8140651481673644,-0.2642165229658804,-2.2198124621113084,0.12471522359537252,-0.06294678386388575,1.7972802033659696,2.810691235593742,-0.5266828797036065,1.9680790186218051,0.10006610838649976,6.002045094725429,0.010494792928480712,5.338252815011203,0.424374978257855,6.246770459690044,0.00043623289248095887,5.958653593283822,0.39798962725717313,0.7120536187003064,-8.382134237015846,-0.2634566001239762,4.257328135448443,4.643109004643489
-5.449851844550822,5.382535706044322,6.211561031840352,-0.7099675907456136,-4.157356281202121,-9.816267116610566,-1.9635309718113598,5.036157434271871,-6.594330401055019,7.118661672840952,2.919469458808177,3.310261886910548,3.1388430065154203,-1.1588559517941854,3.6326096414839593,-2.7852899032588163,-0.6483789413169836,-1.8234345002501051,1.5168316176172552,-8.166792278212181,-6.035025244558485,-2.916750165342453,-1.902103905077466,-2.3060768073546027,-4.399254670273769,2.3593704915647287,3.0785031549849826,3.55416101126929,-2.5658886073835303,-0.08157225793647682,-4.344329082672982,-12.58773363694536,5.609562851925814,-4.338762552501295,-5.270584944924244,4.818223187422953,-6.639271066136466,-3.206962391516904,-6.142340803745215,10.192974455457406,-0.8725074128637067,1.4047045862302392,0.015049099965186774,-9.022397590175311,7.3454812255289585,4.762955914220811,-5.046442593407404,1.8156991335396446,11.765293238055337,4.305861867003368
0.8094211163051591,-0.1770137878899113,-0.002503118377940594,0.2534407417749508,-0.509536758498037,1.6925322603110988,-4.409838576030065,-4.68077749652975,-1.6798025761391457,-1.8571130532684599,1.7399609132340614,-0.4241080848575215,0.17279169438232245,-0.9114631354019267,0.21533300924253718,3.6657677731564338,-0.27334346259734266,0.17294353971601162,-0.7635747938410512,-1.6168781323956725,-0.08886885695013858,-0.23514331611628747,-0.1547339603197194,0.5591585454189681,6.525241568077249,-0.8140651481673646,3.5541610112692905,5.5427171690430646,-0.3412175251275239,0.565353904092588,0.2585433545363414,4.050328749014408,0.4143962860035051,-0.6756773088106909,0.04958471077760329,-0.7137465493488411,0.1854356300610298,0.8221194613878422,-0.00603731925518991,-0.9260352843066288,0.22298284204837004,0.4577924200072303,0.07860763039812614,-7.057456793743076,-0.32313721422718533,0.6240247393810314,1.4312046449214946,0.9231608414009029,2.3817846824781466,0.07543898707940189
0.7382231485645109,-0.34202516946956085,-1.3070696207191868,-0.18296176820649562,6.012400947057523,5.557554596197558,4.288643712253501,8.306944793143002,-6.2727785992257665,5.466420657671006,-1.5177860824811118,0.2214381829541792,-0.23587463703032452,-0.08447535151994441,0.3592517748830647,-7.486723390756451,-0.4008190579226118,0.025154052561032536,0.3987205382733675,3.2536809442601298,-1.1252524000038697,-0.3543531392382261,-0.3867467365172881,0.15922751576981348,-1.7271821836259522,-0.2642165229658795,-2.5658886073835303,-0.34121752512752335,5.912435890833699,-6.191911448456685,-0.25287552674360575,-1.2281545708379273,-8.925992351781737,9.615352271278244,-0.13072862530971197,-2.243156898057415,0.09422735305238628,-0.5809148909078354,0.7914190851558274,-6.014700888667306,0.5989301907659346,-0.17262334659323814,0.35966952281173403,0.5883612994357785,-0.07140801796682572,0.28770959508214244,-0.14619529518052055,0.0272789145100642,0.6257484162822663,3.0354051530288877
-5.1009207568233395,-1.1379583366267818,3.5411813490702464,-0.7393822133702282,0.809850433221899,10.617651278147202,16.651421232790852,-0.8421318617937847,-4.793150312625409,4.972405783523746,-5.492787856289538,-0.05502486832647091,4.638530834358031,-6.6840048575709305,7.707155241501066,2.953091763088981,-1.1934891399363323,16.911242466638203,7.844182378635419,2.8174869443966846,-3.755293821541495,-7.865425342920436,3.0427349809342035,-3.234571505900109,10.356928357532908,-2.2198124621113084,-0.08157225793647838,0.5653539040925879,-6.191911448456686,11.652331416765515,-8.646578081103085,3.324790635506955,-12.462681063369454,12.17429351568111,-0.3552132976126825,-8.285370408519167,0.6346908099476423,12.03524482138665,1.7529067134797098,-8.171486101111846,-2.220886184539392,-8.128759743430932,-1.3021223953530234,11.270248294268358,1.8908898609420082,-7.047985845589927,-2.673837381792463,-0.25796320313971277,3.250647627139166,-6.259237227437785
0.6238771459888368,-0.19743789040686383,-0.0794147663774468,-0.058706701451596566,3.669680082574758,2.246924508950979,-5.68541101737998,-0.42928117263104804,7.786253511920769,-2.1177882514753743,1.0022174140227311,0.5688337652982407,0.11878219912116272,-0.06178749391430438,1.0580252152296463,-4.387851108563111,0.2505337191068421,8.154264416516149,-0.8358715264676804,1.2083720432814216,-0.29199114236453183,0.0918074249722125,0.30371085688528365,-0.2027120013893211,-1.8576067341821234,0.12471522359537243,-4.344329082672983,0.25854335453634136,-0.25287552674360403,-8.646578081103085,6.479623752929408,-8.704207779471782,1.9917173438197069,-2.2054506311890614,-0.3338294520284749,0.926208331488459,0.02926629073554421,-6.883224030473641,-0.17380580161430736,-7.52449311619834,0.14428487298268244,-4.461240878028196,0.029367915093270858,-9.539859308730957,-1.2403783966382025,-0.08940663576553276,3.4532179063224877,-0.1558025491204953,-2.1988477367476715,2.7554412869238325
6.283454053761115,-0.882486043824142,-6.291320696971838,4.971953163756757,-3.4162250956362765,-10.66153047093301,-10.58228817833433,8.095507375232401,8.807076338099426,-3.998814031745463,-4.444688219405386,-2.647925314577575,2.492421251407628,0.449056809295165,0.05910599312622611,0.634595176139985,-2.6950893387515835,-2.6828467334935757,5.406049730906151,-13.07063222580826,-3.6925222703173084,4.709967703337705,4.103456900353301,0.16345999014818569,-12.348450104469205,-0.06294678386388597,-12.587733636945359,4.050328749014407,-1.2281545708379284,3.3247906355069556,-8.704207779471783,1.6394386685250675,7.519354538470681,-9.16839411539165,-4.224443645281178,4.355640952359978,5.372871872847007,-1.909649535881175,-3.4516606420785965,3.6178018097822737,4.05587206850118,-0.700568163719553,-2.224479289206759,-9.71526998360873,-1.3702615554929412,4.593124487738358,-19.527147827860706,2.1209329664103493,14.864866175010407,-1.2044436948111015
-3.5079461602719912,-9.886010022896423,-5.284937320959817,-5.391251209874691,-2.9028934502294934,7.0984767446901245,0.5710389712043349,-0.1800289073084257,-15.577396251540709,9.053802067644146,-2.352650554132614,-0.983051232160663,6.920105095156517,0.17147819110512286,0.7024132037989457,2.402527315723403,7.262446344772481,13.499542303279252,1.5076240613818754,-1.6543027846821725,4.52994030195755,0.29550804478455367,-0.9838443229483287,-0.5445558290502517,1.031116842757156,1.7972802033659687,5.609562851925814,0.41439628600350464,-8.925992351781737,-12.462681063369454,1.9917173438197067,7.519354538470681,-11.093572366778893,14.117541900452068,1.7362491388738768,-5.228653678404001,-3.022681371862469,-1.4884586982593613,0.5148518536401656,-1.627816164129124,0.5303997137944209,-12.817702389348947,-1.059904624652936,4.452206689755844,3.8335531135758836,-5.532961610213242,4.0160892183102925,-6.3672784211325455,1.9647344669350697,-6.822320160493364
-5.593968187858811,-0.36112307221662043,-3.8261890530187648,-9.506808710668746,-10.789482323698358,4.877173890590829,1.4026848332245423,16.027316298717448,-2.2197152296762743,-4.292354810636437,5.353982940708229,-4.8401415480858345,4.2709248956642485,5.7172240175205795,0.8301082483208355,-9.148626914635127,5.024069291132338,0.07515710559496336,-8.778189856902893,-0.41803107015790886,-8.238116273767282,8.221604955431452,3.1721798530569756,-6.655675911788016,1.1020480516428153,2.81069123559374,-4.338762552501296,-0.6756773088106918,9.615352271278246,12.174293515681109,-2.2054506311890623,-9.16839411539165,14.117541900452068,-5.769481749083335,-1.7597205696774154,-0.0740225885262451,1.1031194820485986,-4.409815954072668,4.068856516920291,8.200865904737121,1.4900091126001849,-1.8398154243752223,1.7729691568155936,-1.5559093288060157,10.639721553354528,-0.7931545547052193,-4.9005831902915205,-1.2049382255284296,-0.7367387360670759,-2.5141697099751994
0.3075746756529319,0.36268456688289774,0.6040299626492825,-0.23411692660683692,2.6988077359349507,3.3697759053427023,-5.590403614955374,-0.4399943370509656,-0.8618860494828945,8.040555036262147,4.316199846316948,-0.021315094688018964,-0.14098711265835728,-0.0895638958142837,0.3304282059982986,2.2050763988664315,-0.7816379724987601,-2.489430416848492,0.1350073237621528,-6.305577160461135,-0.39633276259980893,0.9134346547766811,-0.22891433500984837,0.2625109778255803,2.040219210572784,-0.5266828797036082,-5.270584944924243,0.04958471077760307,-0.13072862530971197,-0.3552132976126821,-0.33382945202847414,-4.224443645281178,1.7362491388738763,-1.759720569677416,6.2182437683615,0.8241920144950475,0.5129306472484898,-3.9093891842175865,-0.8685228753776146,7.937585741257525,-0.29844733753285446,0.8624379054461779,0.08182504742339317,4.487883941292458,-0.6668169005135868,-0.4705353849159006,-3.3971337403203767,-0.465772233830258,0.7476981984944726,-8.031361655724053
-8.0346300395438,1.1515249349904297,7.709324213364901,6.464479963508829,10.245860252130356,-4.787629350549011,2.827018648770547,-3.6708833252200384,-5.231791941353553,12.048981888971511,-3.9582702849144655,3.958181709140697,0.8548899246196661,-2.5296091035351833,0.4624331233042229,-3.470386845663211,-8.320221487965961,9.957331253944677,-4.9857508669475035,0.34477780576949096,5.508892592846594,0.517739363459407,6.961804727872836,0.27582318050195553,-3.111404349516043,1.9680790186218065,4.818223187422952,-0.7137465493488415,-2.2431568980574146,-8.285370408519167,0.9262083314884599,4.355640952359978,-5.228653678404001,-0.07402258852624477,0.8241920144950471,15.464723163183962,-0.8092851392420541,6.518038386924207,-3.7999403010186277,-3.0993854780540047,4.800413453250526,-3.468868763515068,-2.697542009664714,-4.83873415457625,5.1154756281605644,-5.133146536132603,9.732538670314256,2.4667535826121965,-10.332636138501812,-2.740164619429365
-0.2981989304897581,-0.37577965707315764,0.050001455876274,0.2644386649802061,-10.642895429770324,-4.135051482738589,6.004894164502658,8.966863568248773,2.8302785587709014,-5.334411436098343,-4.232291871423787,0.19776701686184628,0.1670128881534495,0.003984997393029821,-0.7917657516453401,3.056155234053299,0.13757629918462644,-5.808622776535461,-0.0753296463499592,6.030281178665621,0.22694165683364603,1.1249056862961662,1.087193733495106,-0.29974581317674387,2.5247497016253435,0.10006610838650054,-6.639271066136465,0.18543563006103003,0.09422735305238705,0.6346908099476426,0.029266290735544542,5.372871872847009,-3.022681371862469,1.1031194820485983,0.51293064724849,-0.8092851392420546,4.564415411065776,-0.3848328430589294,0.07475824872842096,1.534746870779181,0.3822918199690915,-1.5769721617909616,-0.06691969448455165,1.0027544781239182,0.5753235695319467,0.1291721337729742,2.673501855415674,0.5615757874865415,-0.8672251397170222,2.7360535890711053
-6.741221293789105,1.631472096875969,-1.4363874896005946,3.423304886996683,-4.897852980204849,-2.206132759368926,-2.7199343479789375,4.9881736435220585,15.749356259735565,5.2345412140185905,5.115478051459381,7.981474933903941,-3.983832630178451,-4.803972481757189,4.277087204640212,5.264266710108442,4.190225706741528,-12.109668002355589,4.742429806841105,-3.958477817230337,1.619161328113453,4.099497880842367,1.073378852890073,-6.84315277340065,-0.6706475741000588,6.00204509472543,-3.2069623915169045,0.8221194613878421,-0.5809148909078358,12.03524482138665,-6.883224030473642,-1.9096495358811743,-1.4884586982593608,-4.409815954072668,-3.909389184217586,6.518038386924206,-0.38483284305892995,-2.500485599977634,1.9560325778456562,12.431842905377623,3.0620199437265123,6.144079051140614,-3.6260790185833502,0.037184379840900394,-2.77516630334532,3.8969333175355563,-15.390447455827811,2.5643487605675315,12.3876480155718,-4.523385645886326
0.7188448423047612,0.3262650624595451,0.08331806320500931,0.0793179797402388,-0.2749305001704235,-5.745961279614771,-10.001548337528588,8.760322625378619,5.38866688653896,5.811593734610974,2.4711737989387337,-0.22780574715976698,-0.17519643718425715,-0.4123622413918294,-0.19512065730631245,0.5431951847246346,0.22356862632120747,4.411024021739788,0.0646524140025766,-0.21762026580031468,-0.18908127468641495,0.6507098324595493,0.0678031712215369,-0.20971977561327648,2.9954159650546415,0.01049479292848049,-6.142340803745215,-0.006037319255189633,0.7914190851558277,1.7529067134797096,-0.17380580161430897,-3.451660642078597,0.5148518536401656,4.06885651692029,-0.8685228753776149,-3.799940301018628,0.07475824872842074,1.9560325778456564,5.154231161979766,-2.806599961670622,0.7243403969761418,-0.010883781118162017,-0.28690671464338485,2.107193586398213,-0.1350991375049847,-0.0021769955173813194,-4.588088837533515,0.01417032101237195,8.373964646750592,-4.194334945509331
-1.0723212424448478,2.3195475363280735,3.9786224884012684,-0.09432804770782721,4.4392175857873495,6.670393544595177,13.323880618898462,-13.851986514123618,-5.517029214013696,-0.09991750019465534,-0.3650510910436545,4.060797901049794,-5.360656603976968,5.551974444407488,0.3961847414137676,2.255522517216332,-6.1478234381476415,15.034971568949233,0.938901438065702,6.172146690368951,-3.4147350112817816,4.721166083637358,-6.529023942269087,-1.5446770449774352,4.083851184038563,5.338252815011202,10.192974455457406,-0.9260352843066277,-6.014700888667307,-8.171486101111844,-7.52449311619834,3.6178018097822733,-1.627816164129125,8.200865904737121,7.937585741257524,-3.0993854780540033,1.5347468707791814,12.431842905377625,-2.806599961670622,8.937592046097167,4.8470633001138115,0.17399273203056131,-1.9549056946981367,0.477297672905143,2.3837298066306016,-2.908965243751021,5.644274652401195,-4.606695283320775,2.020211746253625,-12.865920081654563
-0.3968004828826739,1.029253533461867,0.6418300686236016,0.11426205745560614,-3.2542217894831413,-2.5096331441537187,7.049092939270666,6.850868036128257,-5.932364933742035,-2.5643002662686705,-3.1989007483944043,-0.6180771076498056,0.1648247254574738,-0.017827048754884833,-0.13424784633904085,-1.335227317827676,0.7758219034319686,0.38387271772693926,0.3351038814242514,3.8014295991309672,-0.309040192117749,0.25557926447080603,0.05550122224109222,0.3752219028102015,-0.730351490918218,0.4243749782578534,-0.8725074128637066,0.22298284204837127,0.5989301907659339,-2.220886184539392,0.14428487298268208,4.055872068501181,0.5303997137944212,1.490009112600184,-0.2984473375328527,4.800413453250526,0.382291819969092,3.062019943726512,0.7243403969761419,4.847063300113811,5.939603293756442,-5.841690080464607,-0.05762202165179772,-8.163965561275432,-0.082337777771892,0.14919759762716295,-6.257723637802567,0.16887690031373292,0.572772565973665,2.5860744381600447
0.8328629819671464,1.2521359419065283,-6.379816598687796,5.080633588577561,-0.4824579081169887,1.946749332130853,12.457928429590133,-6.288551032271798,-12.39540599271715,2.9304787728195754,-11.445966905283726,-8.520611601776944,1.321783474530661,2.950559561599714,-9.36425902227163,2.345658737955472,-1.8766162848668264,15.17341948235328,3.5492150486915715,8.194835201968145,-2.5398106019850344,3.510634488182254,-6.61726514349062,1.1026284697295454,3.333565614668744,6.246770459690043,1.4047045862302392,0.45779242000723075,-0.17262334659323897,-8.128759743430932,-4.461240878028196,-0.7005681637195535,-12.817702389348947,-1.8398154243752214,0.8624379054461775,-3.4688687635150677,-1.5769721617909616,6.144079051140616,-0.01088378111816235,0.17399273203056098,-5.841690080464607,6.90490617832454,0.4248457046999532,7.992396670803691,1.1574570621318154,0.547235208067848,9.309262224788046,-5.302341796039605,-5.772590042659921,-4.924257881722799
0.5125685306053311,-0.11811116264197143,0.14478631396160593,1.0069153817605043,-6.318553331051477,2.302443252194376,-6.8403131465717095,-6.010223174026226,4.80007045605345,-2.411855938603642,-3.5633468749300627,-1.113150936839758,0.1216212850943561,-0.6419457898711793,0.044887040744755025,3.595846248953132,0.03857403562076955,4.910112003175258,-0.07516638419279945,7.855084628972932,-0.967978459147792,-0.6717118311787825,-0.2449020603801748,-0.4551456346875937,1.8547521383015475,0.0004362328924827352,0.015049099965186996,0.07860763039812646,0.3596695228117337,-1.3021223953530248,0.029367915093271232,-2.2244792892067586,-1.059904624652936,1.772969156815592,0.08182504742339247,-2.6975420096647134,-0.06691969448455146,-3.6260790185833502,-0.2869067146433845,-1.9549056946981365,-0.057622021651798416,0.42484570469995353,4.945362385691728,-0.018972511213093957,1.1464357752373615,0.07919218390886962,0.4918879339708153,-0.2035027691901462,-9.779080780917448,-0.25060728698009965
5.511350160184723,1.1837034997413873,8.33506817352519,2.5827976639407235,-11.572524798924457,-9.510374742735234,-14.991895318728654,2.131552663597279,5.042843209908307,5.0428691277289035,9.672442501439708,-7.150514578638069,1.720855923036822,-4.1298799646732,3.284776913842446,-10.101888541417726,-0.7340158059965765,-0.8963437687317864,0.11113624697230784,0.39719947224356633,5.697353812491226,-3.7489015386013667,-3.8004642406515803,0.3040184336856284,-8.115800388788147,5.958653593283822,-9.022397590175311,-7.057456793743074,0.5883612994357805,11.270248294268358,-9.539859308730957,-9.71526998360873,4.452206689755843,-1.555909328806016,4.487883941292457,-4.838734154576251,1.002754478123918,0.03718437984090062,2.107193586398213,0.477297672905144,-8.163965561275432,7.99239667080369,-0.018972511213094956,-3.808705003657983,-6.54694293535096,-6.219571034735029,-5.9009538156035495,5.815193644522257,7.791270849037849,19.61312868607963
1.4336118630492118,0.1430128544971302,0.5538060482549961,0.45630922237028493,-2.553551278915859,7.585880236228394,1.9931350797966125,1.6449287241620585,2.215005947571084,6.528598250669458,5.297006632457791,0.7418250813053946,-0.363868518022741,-0.10955447176134991,-0.751694810399709,-2.4070973806902005,-0.31419888540514557,-6.571246407666823,-0.6432183877876875,10.223316533136504,-0.7328195216546323,-0.40290134120614574,-0.04322883770751791,0.7843972354866229,-1.9880975843585915,0.39798962725717413,7.345481225528958,-0.3231372142271859,-0.07140801796682605,1.8908898609420075,-1.2403783966382032,-1.3702615554929405,3.8335531135758854,10.639721553354528,-0.6668169005135862,5.115475628160565,0.5753235695319465,-2.7751663033453204,-0.13509913750498415,2.383729806630601,-0.08233777777189166,1.1574570621318152,1.1464357752373622,-6.546942935350961,5.178048353852587,-0.49830724783044494,-0.053652123009064356,-0.5371997836973645,8.319713707171552,-5.338809120269793
0.14671402779875642,0.8015303999657648,-0.35450216467726414,-0.14997791866256005,-0.708929094757615,-3.2716559141612658,-0.5989125873916081,3.43112157107492,-7.080921916575078,7.497179823894948,2.673604751089835,-0.23171157338276946,1.184999316399455,0.20525395205215835,0.5389535858969676,-2.6313686717103018,0.4359525210855354,7.714198105181998,0.3272902238305943,0.13314850717273907,0.7062719856549581,0.30549934866238043,-0.46515742412372973,0.9656927336523254,8.15957520616101,0.7120536187003057,4.762955914220812,0.6240247393810312,0.2877095950821419,-7.047985845589927,-0.08940663576553312,4.593124487738356,-5.532961610213242,-0.7931545547052201,-0.47053538491589997,-5.133146536132602,0.1291721337729741,3.896933317535556,-0.0021769955173813194,-2.9089652437510205,0.14919759762716264,0.5472352080678478,0.07919218390886928,-6.21957103473503,-0.49830724783044456,6.356542279644444,-8.535249329937216,-0.7984247813365191,7.6901053238870345,0.13594161002828153
8.283793071478666,0.8421480563131187,-0.5124847211109724,-3.8507668658219796,3.1342883820646374,0.1711649886302174,8.42416996641822,2.1403304408914825,5.7024808905045425,-4.388954494965046,4.507946137477335,-0.7030647620603436,-3.020665906235708,-0.9184240502928236,1.881574978746028,-9.824389387906253,-4.036489876190136,-16.304723745425505,-6.347245736789899,-13.648143751507577,6.946623531188248,-1.4996643001768029,6.105775478272389,2.1925027917325006,-6.290275252155002,-8.382134237015846,-5.046442593407404,1.4312046449214946,-0.14619529518052138,-2.673837381792463,3.4532179063224877,-19.527147827860706,4.0160892183102925,-4.9005831902915205,-3.3971337403203767,9.732538670314256,2.673501855415675,-15.39044745582781,-4.588088837533515,5.6442746524011955,-6.257723637802568,9.309262224788046,0.491887933970815,-5.900953815603549,-0.05365212300906469,-8.535249329937216,-2.6537391743519887,-6.686274308106521,-4.243707051091843,-0.9245701335393199
0.11671393667910002,-0.5460547017390074,-0.4671343911746551,-0.3391074811614765,0.36476835475732483,-0.5370186177487235,4.876748871551169,-2.7091776046670164,1.805420691865148,-2.0483527448979197,-2.460989193379577,0.8114927115561885,-0.37715025778831635,-0.04619872640816028,0.9799315624291662,-4.005253673074929,0.5270531137367527,1.8489324739267838,0.6308888758916527,-2.098773587189153,-0.08139741133893241,-0.09535765985479505,0.7055254549434159,-0.5955199279869625,6.755057232880443,-0.2634566001239764,1.8156991335396446,0.9231608414009034,0.02727891451006352,-0.2579632031397132,-0.15580254912049554,2.12093296641035,-6.367278421132546,-1.2049382255284289,-0.4657722338302578,2.4667535826121965,0.5615757874865425,2.564348760567531,0.01417032101237115,-4.606695283320775,0.16887690031373287,-5.302341796039605,-0.2035027691901472,5.815193644522256,-0.5371997836973654,-0.7984247813365191,-6.686274308106521,5.49594005998567,-1.5987076074291644,-0.2404236652196725
-9.33742310184136,-8.63898033838347,4.65311570882812,-1.7533723363873461,-1.6505043396941224,5.421821558449461,6.185515850688271,-1.7619160053874507,-1.8019187378042898,6.012273379822952,3.5583337787683034,-6.2462130070146165,-2.702655909449305,-0.028424412932459175,-4.768784747236028,3.7829194530371417,2.2502742398747513,-4.29154487737057,3.2297703343243422,7.0395333524025805,-0.8265829349748914,-8.38420690307669,4.357083523317914,3.212814008905241,10.151319100037686,4.257328135448443,11.765293238055337,2.3817846824781466,0.6257484162822664,3.2506476271391644,-2.1988477367476715,14.864866175010407,1.96473446693507,-0.7367387360670756,0.7476981984944728,-10.332636138501812,-0.8672251397170216,12.387648015571799,8.373964646750593,2.020211746253625,0.5727725659736658,-5.772590042659922,-9.779080780917448,7.791270849037849,8.319713707171552,7.690105323887034,-4.243707051091842,-1.5987076074291653,-1.8761659309045475,-4.126762264942332
-2.344334578625832,-2.4751429075098246,-4.923352795300948,4.4661180480548435,11.882500885837938,1.5109397532286377,-1.2841355474531289,-9.308825951471386,-6.046925874112297,12.37916856586629,7.525244386668196,-4.611925532036699,3.9739529860863683,-6.060925296518813,4.081501554531997,-3.412703666027809,7.351730253258184,8.458351799761026,-7.414732892884558,11.784116762086256,-2.0159813874487478,6.983859500831005,-6.181126920337385,0.3470260830098917,14.102547940744236,4.64310900464349,4.305861867003368,0.07543898707940255,3.0354051530288877,-6.259237227437785,2.7554412869238334,-1.2044436948111013,-6.822320160493364,-2.5141697099752,-8.031361655724051,-2.7401646194293656,2.7360535890711053,-4.523385645886327,-4.194334945509332,-12.865920081654563,2.5860744381600442,-4.924257881722799,-0.25060728698009926,19.61312868607963,-5.338809120269793,0.1359416100282811,-0.9245701335393203,-0.2404236652196723,-4.126762264942332,5.295239263547246
