n
50
c
-232.92396981996174 -15.663961806335047 2.477571297113445 150.65454947961453 -181.43041074812552 133.7483597363957 170.69209441303116 -220.15714219534894 -23.721897381751198 -13.534684115754692 192.99651379123415 -174.77187087495793 -187.04992877087338 -4.8410149663668784 -11.93047125310743 211.29027244917705 -10.770410324243418 -202.44171692323317 208.1404017575328 189.93404099207308 -29.0223621494546 180.45594538941592 -3.343109830878531 -207.51464281056613 -195.94598502893695 -15.476936275559792 -2.251569582309625 -8.921396701479626 -218.91003306179152 -16.09528603437579 190.18122581743376 -169.86868685871602 -203.2005249257597 -1.1869374548194385 225.46214741825918 117.42399280526251 200.3531689565223 225.91003948114744 173.6215885431203 -1.683399139317625 -193.37862859977864 -172.7152100795688 166.20041502185074 164.55548249971406 -13.328342923689684 203.83568693965177 -228.99404912376616 -1.5661396356381618 -187.49796770164005 16.82985925036707
Q
-1.6841816963942486,-2.087797354253378,5.947953399399728,0.5003240376271181,-0.7377623655678005,6.318607773065764,6.32248057961705,-9.997607557849907,1.8690763440279468,-1.3646588707967635,1.0537859372544207,-10.32217554683184,-3.7803387488707876,-0.33089263946047726,2.0460759539888644,-1.5135571401851262,0.694059116735651,-1.5417308126690363,8.187781663041983,5.889829339338161,6.285333631451539,2.918935861429067,-2.669823136446922,1.9021176876475505,-3.7544476742302404,-0.08037602900172003,-4.931160934302532,0.3617027380867597,-18.36045401299553,1.2841433294592166,16.121614318567456,1.7022834801109032,-3.1568442964864474,1.9165768178502463,1.8163384450886098,3.694730423842176,6.394791870392389,-3.7122825425555384,5.294306642254272,-5.793311375125502,-0.02576891675848303,-5.105407076731844,10.985150255194736,4.538068803507529,9.908503723042273,1.6606425546183938,-0.12221845345734084,2.751455014758342,-0.5129697627531009,-4.071767144336788
-2.0877973542533788,5.984472100493697,0.4686244898633907,-3.2685391964942623,-1.2451890811321336,3.7519780437614645,7.450817783530082,0.8979989452115986,0.14674907820284888,-0.04548998586231284,2.1601248211156583,5.458428538469521,5.911114507434852,1.047097373490884,-0.7087569510042133,-2.568382929367832,-0.6036372717738858,-0.2251158581223972,8.45664197223061,-0.5918758240101782,0.230822862765035,-3.2025339728631996,-0.22841369646549436,2.194836970192798,2.086817341457169,0.08536140274899512,0.5229365966456476,-0.1235259513598227,0.7752839813564032,-0.48680583426294244,-1.224036077064906,-4.312558170201697,3.882423093539577,-0.2510419847181679,-2.082118576373746,-5.001300257015995,-3.8482491001037955,4.620272226660111,3.6052037994826653,-0.35701958522185046,-4.092554583467983,1.4778946631861838,2.159207272647669,-6.158235207288854,0.46650271473856986,-5.996684758864232,1.1771644088608213,-0.262945390388002,3.17624105803361,0.3309253570502617
5.9479533993997284,0.4686244898633909,5.524978328637304,1.2426043912517404,-1.6950918976148475,-8.837136351552804,-0.21712371295948507,-3.1931915744248833,-0.01681215610114195,0.32246039284802036,-5.024857597509104,-4.918670491757481,-1.9086626880510134,0.4423376118465999,0.5001805745326042,8.067409870574288,0.12258734355247736,-1.4967741196775954,-8.175343021245565,4.130235991500257,-0.6816746878246199,7.499554873144374,0.06599211692531473,-0.19281716568884022,0.5332151667171161,-0.12023684076505362,-0.25141957034888085,-0.2953152264906959,0.1630627259956059,0.6047977243676952,1.3948155420537414,1.6341133307188458,-0.15821359324734752,0.09687127705033582,-7.101789655041626,4.7537522057164745,-5.561128286132093,2.654782095892126,3.125462153060928,0.6087341813504751,0.5086981347085644,4.239708919170734,-8.590602156911734,-1.4710517427931258,-0.21131558983389764,4.097916930994005,-0.6358129681553845,-0.41056733261458617,-6.557034934037262,0.2812007473830991
0.5003240376271186,-3.268539196494262,1.2426043912517408,4.261045112742205,-1.6896135571430575,-7.484510552125164,-8.01887169662505,1.8142683369967822,0.8759358565865378,-0.7333658498687792,-0.4853480080298398,-3.4849683067018087,-1.354284245382126,0.44504921825234245,-0.43321055444705237,0.6429731339897959,5.1060069243680895,1.615877704305161,-13.678793566393631,-5.4322664235262135,5.915451891341077,-6.179735832950828,-5.621371361226007,6.412807364295571,8.424077243673187,5.634597659476549,0.24001812754578267,-0.8767480147840314,-1.885407053631378,2.13502064061152,-0.8075320793766497,7.943572165731088,9.626994569235835,-1.083446149456774,-6.076487097362258,0.9540247880609913,3.7607448634389846,-2.2068240098141394,-4.547106976131089,-8.902495636654177,5.359735305609422,7.9111584857021855,-2.1938556452881577,-8.377635355115611,0.3347132531573773,-11.369775736511807,10.7380085838452,6.074267940437679,2.737980153212912,8.885704257916693
-0.7377623655677998,-1.2451890811321331,-1.6950918976148484,-1.689613557143058,-1.7404886058928346,-3.430015390342815,3.769771830581125,-11.073441393955306,7.982136766727148,-0.4934433048858528,1.6067986982227516,5.718065766727474,-7.219833338087396,0.7442492126637131,-6.760652686468001,11.307984760513248,9.727440858452294,-3.993725712931837,-0.9925651577499857,5.5217286128262835,5.15797265561037,4.440322437339517,-6.85667444216895,3.246749165413063,-9.217245384153417,9.471363238724948,-4.20624871305797,3.9025401782165186,-0.2602278127221947,-0.05595438762420535,-4.761235786038158,-11.64865068192751,-8.351975568341619,6.105473032480201,-1.5562736403835444,9.132763272770408,-5.866999953744158,5.860192297725756,8.835326180553121,-1.1482961157738685,-3.567768121493292,-5.470504974603458,14.115919980810132,9.60186111479313,-2.894999145186055,2.5034488710126173,-5.67231706797347,-2.9684020159828415,-7.98140163969066,2.0053553108477646
6.3186077730657635,3.751978043761464,-8.837136351552804,-7.484510552125164,-3.4300153903428177,5.137094366371984,-3.4283198516755267,2.595932392654558,-4.7863843213326245,5.828758365409696,-15.74632364796966,1.7944287912970949,8.437820792113683,3.0741971096170664,-6.547871707586013,2.6102483912673087,5.17494000375567,7.949907554837544,-7.853325492514242,-3.300742881594267,-2.702063998779556,-0.7568991204259823,0.18686021870010422,10.351327616542028,15.377114210245713,-6.4224490490864055,4.672808292642765,-6.123989280974372,4.431802441503215,-4.369234427659405,-11.15312691033078,11.93083924772693,3.298612197261743,-2.572709955188424,-12.486955916148506,-9.4505528199754,-8.055470040813985,-0.7007757362828929,-4.3387073582626,1.18255991724477,10.243790853815675,7.676080788258622,-4.103275696714559,-10.921921313845626,-0.023526986765972535,-9.754002238637096,7.215854948865268,1.0634593747687715,9.755614624136587,-0.9889834210575497
6.322480579617049,7.450817783530082,-0.2171237129594847,-8.018871696625048,3.7697718305811247,-3.428319851675528,11.619721901213444,1.4576862851070622,0.7833297107463055,-1.530274265272655,-10.972975539672342,8.095755810759773,9.400697011822803,2.2309056969105963,-3.5940868261395007,-7.049845609032979,4.857649992824777,-2.8596372917877053,-3.118754519004442,-1.448925279083895,6.260617815936634,-6.618257025907721,7.345200528943022,7.395587226822015,12.73507859832851,5.868578071955265,3.371695005404746,-5.6006133142328896,16.558367892307185,-6.066161259011528,2.416663306564148,0.7423674694678903,2.7452589199248494,-1.4110598230134892,3.961693777337283,-2.7684860266066567,-6.9021543860019055,-15.89575728171473,-9.220785132640408,-2.238807673521329,4.9289874884241485,7.142550763638175,-0.3479568648511,-1.467904536299851,1.7776370987839574,-4.3139301404507435,8.35147986178995,-0.10555702391405447,1.0129558638036138,-7.154013542473475
-9.997607557849907,0.8979989452115991,-3.1931915744248824,1.814268336996783,-11.073441393955308,2.595932392654558,1.4576862851070613,5.724975385365763,-0.3716697184725668,8.568992631464758,7.232840048037148,2.0899535560332487,-12.513636429375183,-2.7990329375886738,-6.3320591871702705,7.1683978140039875,5.838045020298962,4.486322029669579,10.650145975263456,11.395886937321137,5.248231121656878,-2.030370425430808,-1.2040610506202005,0.4342229179524071,-9.986180216501975,6.833096776157769,3.8256727744797576,2.0927694214476995,-12.975274308100108,4.067421779924132,16.652113600004903,0.5480236719457099,-7.291579799403779,-0.15749595876699635,-3.3853898942050322,6.282417358571266,4.839988894428177,3.4071821143230347,1.8047109512029715,0.20681827530279495,5.8229995914333825,3.902719441632958,-1.0299432160729631,7.314986038789364,-2.089480824977998,9.941392605230037,-6.287175958329664,4.771681583241761,-9.19753781603184,-1.5765939100074031
1.8690763440279463,0.14674907820284866,-0.016812156101143283,0.8759358565865367,7.982136766727149,-4.7863843213326245,0.7833297107463042,-0.3716697184725659,4.692480528436001,-0.634097985300675,0.2616139670595411,2.226260899789145,-0.10256181320566649,-0.3446804115925396,0.020001444578804928,-2.8237271807958813,0.7485752401532264,0.3305129553160798,-1.810822690322261,-0.5291088363756349,-0.30655252595296834,1.7847644669843894,0.4302479639908171,-7.38846180463337,-2.6231515447484313,0.6468610072992659,-0.11078407008749147,-0.11426344222296031,3.964364275690427,0.3896257279608779,0.9902054151351862,-3.9594407745972466,4.846388713071936,-0.17007007742675379,-6.994481794723222,8.91705801906313,3.2593673387473894,-5.064853102498635,0.6128461822571584,0.0629059262312821,-0.03187789027207888,7.042485824745409,-1.6967801987151971,0.6047441039786671,0.5152853493961034,-1.1196576772835114,6.311279669775769,-0.14498966809649638,-1.0698552357085378,0.05862704694750431
-1.364658870796764,-0.04548998586231301,0.32246039284802064,-0.7333658498687781,-0.49344330488585264,5.828758365409695,-1.5302742652726538,8.568992631464758,-0.634097985300675,4.646424911536066,5.264123198180423,-8.486461783370668,3.696379965141565,0.18780247893749147,0.1385157651183495,-4.375428960313112,0.6761389246720971,3.240155959861894,-3.60354305074941,2.8777331960700714,-0.7084636484493286,0.9539072690945618,-0.034786093336027585,6.6933676023030095,-3.2232043976773364,0.5103689850010172,0.15760026941970573,0.6543120217256002,-4.087258210910043,0.02981040783509159,-9.275670762396938,-4.811815668946912,1.6995767173547454,-0.015002970024857287,2.891093470526099,8.8419202609151,4.543840713355019,7.738262240674515,0.7588921403972275,0.1484934535061896,4.189957031056706,3.84743129906652,4.389071620526073,0.3217698792006276,-0.934814757516929,-1.3847656079392063,4.015966535174652,0.8646555804187201,0.12275145958600409,0.27856360632408905
1.0537859372544212,2.1601248211156574,-5.024857597509103,-0.48534800802983974,1.606798698222753,-15.74632364796966,-10.972975539672342,7.232840048037148,0.26161396705954054,5.264123198180422,2.2981480217835744,9.46877837335289,11.864326651870313,6.8502822433920025,-2.327140101833935,5.226404140280556,-3.270047291693234,-5.021863584874719,-6.164759368925955,-6.603122750140541,-1.196693972731535,-12.060624764782283,7.127447873855465,-2.1026552044893734,10.292020757656518,2.662589584843023,-1.3992096708811832,-6.5925754673023675,12.177839073597307,3.7400306647839754,-1.7903759377973334,-4.442879989673653,3.034448905671553,-0.25920018236775966,-11.251279956511608,8.118509063750006,-6.262726803415898,-6.290785509929989,-13.466910218700127,5.487492877772084,-6.6359913397191175,1.8268649807156914,-0.2418062659853577,-7.355640467361141,3.345348035790984,-7.8292587809667085,-4.995005818256191,7.097509182659065,2.8317920907841883,-1.5716859930200258
-10.322175546831842,5.458428538469519,-4.91867049175748,-3.4849683067018082,5.718065766727474,1.7944287912970953,8.095755810759773,2.0899535560332487,2.226260899789146,-8.486461783370668,9.46877837335289,-5.5525683628620595,-13.848311668599647,-0.9759930940951947,9.141298380142516,-2.8040100111516466,7.599059954621479,-10.156765598966476,6.0801870863052425,3.9198300849336967,-5.72553311209785,3.4902638832976205,8.490981175447672,-7.066524662906219,7.9657868504921385,-4.221364927147413,0.8083105529212409,-3.7528669009411586,-9.767954176030369,-3.886558421729839,-4.095948268428279,-9.893182273369087,-2.4993338597990205,-6.867256042672898,-1.4929115153126573,1.7281143875945313,5.699832569795183,2.288679397788253,4.1164448053473395,0.12441534162430323,-5.465739410320935,-8.25778568957152,9.782222331276055,11.744254978482287,-0.9019816678671442,12.695807157477656,-5.398803554972281,7.4260290316647275,-5.799616987295696,-5.675533441122505
-3.7803387488707885,5.911114507434854,-1.9086626880510145,-1.3542842453821258,-7.219833338087395,8.437820792113683,9.400697011822805,-12.513636429375183,-0.1025618132056666,3.696379965141565,11.864326651870313,-13.848311668599646,4.466915234989017,-5.4209782789116865,0.7560408403456533,2.0802918901837675,-4.670944745897053,-1.5584223982034944,1.7154473961238579,9.986100017021068,0.1466118782098068,8.145162597085958,-9.991136439193541,-4.673991368781485,-6.85489377438822,1.803208714788313,5.996816625099216,1.0650161493076258,-12.04341004172092,4.940279087547227,5.790065400353594,-9.333624235100222,-3.247479497141859,-3.127421630283931,2.011031340558818,6.529915089365333,8.209141522324018,-1.5977219038544945,7.263998056485134,-3.176161054806964,-9.410914861999363,2.508996288161166,8.706396455609466,-0.20589353519614062,5.377734019568495,11.496336551752496,-1.8878630170310686,-3.258104212971408,-11.165296247407301,-7.579470291767494
-0.330892639460478,1.0470973734908853,0.442337611846602,0.44504921825234256,0.7442492126637128,3.0741971096170664,2.2309056969105976,-2.7990329375886733,-0.3446804115925385,0.18780247893749208,6.850282243392002,-0.9759930940951946,-5.420978278911685,5.616121330045618,0.606257757472902,-3.7606882155092998,-0.016984853114248244,6.659542716403548,-2.783549714070312,-2.613880793950033,0.10934986878972464,3.268068445000151,0.45276284612319606,2.391411155052112,-6.39067093477905,-0.3868747364779252,0.7136333518444382,0.12021326083977513,8.731365443593804,-0.014985103627104035,-3.504285505971813,4.2710835634316116,-2.443563063688833,-0.5764855943773874,-7.019251733317038,4.810296489706884,-2.157967275437368,-7.528619911524305,0.007444790975755566,0.8075594636690206,-0.2673318891650439,-6.131945948483911,-0.7462645408551452,-1.6956109340275733,-0.339405384271394,3.2266030400800942,1.9385588473174766,0.37344847657059344,2.7906850336889235,-0.35579221977443837
2.0460759539888635,-0.7087569510042131,0.500180574532604,-0.43321055444705237,-6.760652686468001,-6.547871707586012,-3.5940868261395003,-6.3320591871702705,0.020001444578805497,0.13851576511835,-2.327140101833934,9.141298380142514,0.7560408403456538,0.6062577574729032,4.8538061117657385,-3.58258862888584,-0.5573625176577306,1.8173474802067788,1.2458200590210724,-4.781191673318395,-0.19150635951773498,-8.864954463514607,0.0885067755632894,6.329866421890639,0.1660341554386,0.6342849359397245,-0.1378859328835007,0.20453852772558867,6.795456494656168,-0.12103000206952097,8.610558726510783,0.39810124688209364,1.9132612225641932,-0.14213666794863306,-8.473180106930572,0.10324524977223204,-2.077012279075417,5.412196098350314,0.6191858673143414,-1.0063929350606693,0.8718216608940789,-3.9500628704656773,3.2508951390884926,-2.148601356669717,-0.2932416359950847,-3.7422890216789915,0.9291048539513708,0.20830930493438415,-5.7665565720226954,-0.7218283894953047
-1.5135571401851262,-2.568382929367832,8.067409870574288,0.6429731339897959,11.30798476051325,2.6102483912673105,-7.049845609032979,7.1683978140039875,-2.8237271807958817,-4.375428960313112,5.226404140280556,-2.804010011151646,2.080291890183768,-3.7606882155092998,-3.5825886288858397,4.969150722910156,2.0863794266477944,0.2380265150898423,-6.2460274894133185,-8.1718679371963,2.366542722366214,5.392404454414879,5.678447732355666,10.222272587222745,-1.9399276446169862,-1.3687159116583323,2.556854231749356,-8.316192559400573,4.55064905163439,-4.477429215353909,-11.771060805009244,9.409175680577544,10.622797309257805,0.32628510778523,-6.626753336641513,-4.787577665396691,-0.013597337532815612,5.314112252691243,-4.674906184732954,1.3097670101256753,0.8852306256184803,-0.21001245040990524,-8.545268128810246,-6.865011456137293,-0.3567138140344733,-16.412315923113503,-0.49289179302676633,-3.89340002368526,10.14099802287761,-2.5749407976750516
0.6940591167356502,-0.6036372717738858,0.12258734355247682,5.106006924368089,9.727440858452294,5.17494000375567,4.857649992824776,5.838045020298963,0.7485752401532259,0.6761389246720975,-3.2700472916932335,7.599059954621479,-4.670944745897053,-0.016984853114249687,-0.5573625176577314,2.0863794266477953,4.725391164777419,-4.775344983185855,-0.8267773018077598,2.967863150948111,-0.3675278128440683,-4.080470707797506,0.05353554730173227,5.882969782316362,-1.9753015270619867,-0.5687075068542005,-0.04703289908908201,-0.03949795837530967,-0.054982523326339905,0.1420129079997069,-3.811569173413349,3.4777316880413918,-6.444055349972813,0.4227283974901744,2.9486846319067697,-0.6523598579706993,-1.196594638240056,-6.508395360712763,6.493478627627693,-0.2647869631791171,3.811413679787781,-6.199221496437614,-3.645609900537109,-0.5794803955988743,0.0018759276689457316,-1.731583642897059,3.2300286313458137,0.408077208986232,-5.778070088250316,-0.7718839138887017
-1.541730812669035,-0.22511585812239682,-1.4967741196775959,1.61587770430516,-3.993725712931837,7.949907554837543,-2.8596372917877053,4.486322029669578,0.3305129553160793,3.240155959861894,-5.021863584874718,-10.156765598966476,-1.5584223982034933,6.659542716403548,1.8173474802067786,0.2380265150898423,-4.775344983185853,1.1189298348228718,3.2722947938228706,5.383580091291725,4.820467830222174,3.434906891728253,5.166626274336243,-4.559143082973309,-4.285412044184702,1.8053602628846366,7.390559940361261,-4.288799567186673,-1.473226723219286,-1.1403068070826203,-4.553464289539185,-3.287308868314219,-2.1302428374566063,-1.4008282306489401,12.103241574894959,2.4359731168419576,0.720293928347435,7.444413156943302,10.42850747621309,-0.19628600677182706,-6.910068392757346,-9.030070342928061,3.3988701767082214,-2.0617907561493594,8.306665300915803,5.961643538062245,-3.7233303757626177,-0.9565687827213618,-7.180215917152447,-2.4287104587547423
8.187781663041983,8.45664197223061,-8.175343021245567,-13.678793566393631,-0.9925651577499863,-7.853325492514241,-3.1187545190044417,10.650145975263456,-1.8108226903222606,-3.603543050749409,-6.164759368925955,6.080187086305242,1.7154473961238608,-2.783549714070312,1.2458200590210726,-6.24602748941332,-0.8267773018077593,3.2722947938228693,5.611320235257905,2.0200996707354952,8.104410855144058,-7.750583896204401,-4.447212311762308,7.473222657124184,15.015959410077457,-4.259549054656375,0.029050670224663566,-2.7554292106748477,13.922260930260084,1.239611965459075,3.9805875940509505,6.8122069845322875,-1.7187403750247203,-3.085147248904974,2.067332057416196,-0.8479305980031483,-9.377913917650234,-8.576284129362453,-8.926640528882757,-2.87826195386297,9.07488604902684,1.4783371766650995,-3.351162844746268,-6.210528735368432,-2.2766689501908566,-2.5454687100269293,6.475678388182849,-9.558663770397933,14.940668750840311,-8.196848079008783
5.88982933933816,-0.5918758240101787,4.130235991500257,-5.4322664235262135,5.5217286128262835,-3.3007428815942643,-1.448925279083894,11.395886937321135,-0.529108836375634,2.8777331960700714,-6.603122750140541,3.9198300849336967,9.986100017021068,-2.6138807939500337,-4.781191673318394,-8.1718679371963,2.967863150948111,5.3835800912917255,2.0200996707354957,-7.175248808558349,-5.296131754234968,-9.03405616120699,7.635523351130788,8.551146162452907,1.6381619686946183,-0.8836791560624587,-2.8853195023878246,3.8463268745954866,13.2693146048201,1.8670612054254478,2.040312485561949,1.7224375146146862,0.9181258643997914,-5.987561147276277,0.759304864669667,-3.768890602775217,-9.998932719237535,-3.235409873873529,-6.805650311456646,-2.60291408402213,8.962082445111932,8.141033390580494,-10.384972076327939,-5.449108985393038,-1.6065379344885051,-7.356271686235003,-3.8180869083199727,1.9601313898787813,15.575435841027488,-3.598841086028094
6.285333631451539,0.2308228627650355,-0.6816746878246194,5.9154518913410765,5.15797265561037,-2.702063998779557,6.260617815936635,5.248231121656878,-0.30655252595296956,-0.7084636484493283,-1.1966939727315355,-5.72553311209785,0.14661187820980637,0.10934986878972525,-0.19150635951773443,2.366542722366214,-0.36752781284406866,4.820467830222174,8.104410855144058,-5.296131754234967,5.464071562192785,-9.292972799675233,0.5957832318727742,2.878163904824163,2.598064081757511,-0.06919818360721597,-0.07832414462677195,-0.2986570241424931,-6.919411541541479,0.2358524485280724,-4.302242061265609,-5.276343683148926,5.515336917418846,0.26850994370558523,-3.1313468553786015,-1.6546502499871694,-4.993011411171214,-2.493657582562835,-3.4647148652097006,-0.03431393989490317,1.9642250021840193,4.49353773878094,4.368930622339226,4.419468620875727,0.00929608003497397,0.6659509136176023,0.12210834332828213,0.09095303353709377,2.4816565691904273,0.44522847518413416
2.9189358614290666,-3.2025339728631987,7.499554873144374,-6.179735832950828,4.440322437339516,-0.7568991204259817,-6.618257025907719,-2.0303704254308066,1.7847644669843898,0.9539072690945626,-12.060624764782283,3.4902638832976205,8.145162597085957,3.2680684450001514,-8.864954463514607,5.39240445441488,-4.080470707797506,3.4349068917282533,-7.750583896204401,-9.03405616120699,-9.292972799675233,6.6877174083490845,-2.3340147871140533,1.920255017466514,-5.23805708263417,-0.19507100593013327,4.255833921732984,-2.46931635315922,6.820605907469287,-7.211687635517841,-15.23240580370148,5.671519491060292,2.9331527660671193,6.457571849895809,-6.27480612091581,3.2313881637675843,2.998441872109205,-12.177612312745552,-0.5930001265045498,-2.4722358895867127,-1.8230066615453424,4.386459130602246,-12.73511426715028,3.9622298034442416,-7.0452395281336715,3.3342465749492867,13.556539503894912,4.283303753729925,12.815753086746518,7.237870047526184
-2.669823136446921,-0.22841369646549403,0.06599211692531615,-5.621371361226007,-6.856674442168951,0.1868602187001036,7.345200528943021,-1.2040610506202025,0.43024796399081766,-0.034786093336028,7.127447873855465,8.490981175447672,-9.99113643919354,0.4527628461231955,0.08850677556328912,5.678447732355667,0.05353554730173282,5.1666262743362426,-4.447212311762307,7.635523351130788,0.5957832318727737,-2.3340147871140524,4.806510430551604,-2.5777704268531663,7.032374730373926,0.07774363201206858,0.33016293256198104,-0.1695910565628913,0.9655219819783589,-0.6871398030632401,0.9517948194160575,-0.4974154626114682,-3.6282319529889024,-0.07057642962650512,-0.0017759779065495973,1.5729926387746191,-3.7070234750192803,-7.72056892731733,-2.28298292908799,-0.4678403766103313,1.999324291091225,3.0508062816757002,-3.560288510315718,4.400927140995877,-0.5314046012178624,-6.954225312474469,-2.519183907687162,-0.01167806154506379,3.10015364826907,-0.2068708833331654
1.9021176876475507,2.194836970192798,-0.1928171656888401,6.412807364295571,3.2467491654130622,10.351327616542028,7.395587226822014,0.43422291795240675,-7.388461804633371,6.6933676023030095,-2.1026552044893734,-7.066524662906219,-4.6739913687814845,2.391411155052113,6.329866421890639,10.222272587222745,5.882969782316363,-4.559143082973309,7.473222657124185,8.551146162452907,2.878163904824163,1.9202550174665147,-2.5777704268531663,9.730752350875893,-12.929637637882973,-1.3375173832400944,0.010881752408661516,3.6538317792382187,5.859184205726503,3.795235076718223,13.745240406656434,-15.46324824921368,3.082546381040618,-0.4896470816668468,-1.0220395986353497,8.787927413358474,-3.1971655967804335,3.8003078362903553,10.461777836521637,3.1802135878727285,-14.696061728359304,-10.576495847303399,1.698306190926782,14.938989938545067,-2.7164861769076496,11.833806317430588,-3.1005244079426695,2.588963883294289,-1.437963323310792,-6.023743409692514
-3.7544476742302404,2.086817341457169,0.5332151667171157,8.424077243673187,-9.217245384153417,15.377114210245715,12.73507859832851,-9.986180216501975,-2.6231515447484313,-3.2232043976773364,10.292020757656518,7.965786850492138,-6.854893774388219,-6.39067093477905,0.16603415543860006,-1.9399276446169862,-1.9753015270619856,-4.285412044184703,15.015959410077457,1.6381619686946167,2.598064081757511,-5.238057082634171,7.032374730373926,-12.929637637882973,-3.4846338154260588,-6.97979772118285,5.985463749224063,-6.845985856576604,0.9698689004101215,-7.7693564680140685,1.2963118806367446,-6.1038077065159015,-9.401702114886715,0.34497207431983096,9.033959413515744,11.510826703616221,-0.9389727526367243,-4.490192732578849,5.396800932555579,6.588134175611259,-5.694726477720757,4.152877542118233,8.225583359075333,11.986027537976055,-4.744761776390029,6.72548938407098,1.96772497727713,-3.9046609076171808,-0.3012342115814779,-4.240131844157072
-0.08037602900172094,0.08536140274899537,-0.12023684076505292,5.634597659476549,9.471363238724948,-6.422449049086403,5.868578071955265,6.83309677615777,0.646861007299265,0.5103689850010176,2.662589584843023,-4.221364927147414,1.8032087147883127,-0.3868747364779247,0.6342849359397231,-1.368715911658332,-0.5687075068542006,1.805360262884638,-4.259549054656375,-0.8836791560624583,-0.06919818360721619,-0.1950710059301335,0.07774363201206852,-1.3375173832400937,-6.979797721182851,5.093507512465664,0.6994972862631001,-0.05779104002712876,-5.982567495357637,0.42648667041833055,4.6480540495380644,1.2488963236657422,6.3335202647990965,0.15383166667959336,0.6236078827745903,-1.8271122414897212,2.6069183437290286,4.232908400519554,-0.18608144553871986,0.7251458911775812,4.983736461009882,-1.3596377923689165,-5.793096849252425,3.834202944553448,-1.0731178918091324,3.2879168470536664,-6.719283977376151,0.12426469082430713,5.645974281172694,-0.03239531687050379
-4.931160934302532,0.5229365966456478,-0.25141957034888074,0.24001812754578422,-4.20624871305797,4.672808292642765,3.3716950054047454,3.825672774479758,-0.11078407008749203,0.1576002694197058,-1.3992096708811825,0.8083105529212417,5.996816625099216,0.7136333518444391,-0.13788593288350187,2.556854231749357,-0.04703289908908276,7.390559940361261,0.029050670224663733,-2.885319502387825,-0.07832414462677006,4.255833921732983,0.33016293256198215,0.010881752408662182,5.985463749224063,0.6994972862630986,5.679884243387401,-0.26321547280331115,-0.22755958935641518,0.050624990361495426,3.6300470628579706,-6.362839402463951,-2.6258370320322673,0.14065215372882411,8.727206958773591,2.967440349951612,-5.803946974298485,0.2483623075408028,3.5870800290852913,-0.17139910658231908,-1.892636719993423,-5.619038307890991,-7.491828981237149,7.700336330560871,-0.05760695460482701,-1.4109073942916268,4.4799408986499625,-0.13934970924440582,-3.4037691583984793,0.8968049566548416
0.3617027380867596,-0.12352595135982436,-0.29531522649069697,-0.876748014784032,3.9025401782165186,-6.1239892809743735,-5.600613314232889,2.0927694214477004,-0.11426344222296092,0.6543120217256002,-6.592575467302368,-3.7528669009411586,1.0650161493076258,0.1202132608397749,0.2045385277255885,-8.316192559400573,-0.03949795837531034,-4.288799567186672,-2.755429210674849,3.8463268745954866,-0.29865702414249207,-2.469316353159221,-0.16959105656289147,3.6538317792382182,-6.845985856576605,-0.05779104002712876,-0.26321547280331126,5.169429976637054,8.040790448988902,0.19257348804933405,6.768364667836952,-5.031672736426918,4.382459855659997,-0.10389685667382298,10.257176818785345,1.6205153760519848,0.15375665214528733,1.7371831412740337,1.7460938259009362,0.5183468782522016,-0.5291622862657049,-2.8895117086206206,-2.0989518096628528,2.0318041994927567,0.7038188570511245,0.160374576675738,5.117194445225126,-0.07678370197399437,1.1791399111003495,0.3324630968750405
-18.36045401299553,0.7752839813564025,0.16306272599560573,-1.885407053631378,-0.26022781272219453,4.431802441503214,16.558367892307185,-12.975274308100108,3.9643642756904285,-4.087258210910042,12.177839073597307,-9.767954176030369,-12.04341004172092,8.731365443593804,6.795456494656169,4.55064905163439,-0.054982523326339794,-1.4732267232192866,13.922260930260084,13.269314604820098,-6.919411541541479,6.820605907469288,0.9655219819783583,5.859184205726503,0.9698689004101211,-5.982567495357636,-0.22755958935641596,8.040790448988902,7.985153022120554,7.389372782004687,0.010235308526256537,-0.8797098221581962,-8.171505525245394,7.042565672311588,0.20999378407995178,9.794206618087388,5.857525587510909,3.6423853710434053,-1.0180065669518914,2.8612254099795256,1.2379664655026925,-13.830627126893466,4.204013689157278,-3.2911143917032244,0.4066908733384259,-0.07194062322816142,-8.9979390550553,8.207747233126709,-2.668635367884592,1.3602820987802826
1.2841433294592164,-0.486805834262942,0.6047977243676937,2.1350206406115184,-0.05595438762420596,-4.369234427659402,-6.066161259011525,4.067421779924134,0.38962572796087847,0.029810407835092687,3.740030664783975,-3.8865584217298395,4.9402790875472276,-0.014985103627103091,-0.12103000206952252,-4.477429215353908,0.14201290799970812,-1.1403068070826188,1.2396119654590743,1.8670612054254487,0.23585244852807202,-7.2116876355178405,-0.68713980306324,3.7952350767182232,-7.7693564680140685,0.4264866704183301,0.050624990361496036,0.19257348804933394,7.389372782004687,5.652438617460823,0.5575046573646453,0.5375434048635812,2.3905949133023077,0.2606763222796059,-5.711896886055623,1.9251706657618706,-6.202613740699138,-8.698753350485022,-2.95020182602832,-0.5273125671847918,-9.986649931177746,-0.6742613904490928,2.7559653539040383,-2.7470622884642384,0.13919946269626093,-10.860290736460966,3.2810128231939935,0.4105501364761548,7.518602455604686,0.07125910078766864
16.121614318567456,-1.2240360770649068,1.3948155420537411,-0.8075320793766492,-4.761235786038158,-11.153126910330778,2.416663306564148,16.652113600004903,0.9902054151351855,-9.275670762396938,-1.7903759377973336,-4.0959482684282795,5.790065400353595,-3.5042855059718123,8.610558726510783,-11.771060805009244,-3.8115691734133494,-4.553464289539183,3.9805875940509514,2.040312485561948,-4.30224206126561,-15.232405803701482,0.9517948194160578,13.745240406656434,1.2963118806367455,4.648054049538064,3.6300470628579715,6.768364667836952,0.010235308526256315,0.5575046573646448,3.151611301147917,8.695302682191885,6.226213841025171,2.941347389039899,1.1803543199782207,0.29475313004230386,5.859424866520875,-11.97533593925886,4.051521752883861,-5.418002878656996,16.24552693126781,-1.9857847629358898,-8.35195612281641,-2.7531553142197387,4.273786061688683,-9.830369879742722,9.914381303822365,2.226878547635003,3.5204205788915583,3.8666095863674554
1.7022834801109035,-4.312558170201697,1.6341133307188445,7.943572165731087,-11.64865068192751,11.93083924772693,0.742367469467889,0.5480236719457093,-3.9594407745972475,-4.811815668946911,-4.442879989673652,-9.893182273369087,-9.333624235100222,4.2710835634316116,0.3981012468820936,9.409175680577544,3.4777316880413918,-3.2873088683142195,6.812206984532288,1.7224375146146866,-5.276343683148926,5.671519491060292,-0.4974154626114691,-15.46324824921368,-6.103807706515901,1.2488963236657413,-6.362839402463951,-5.031672736426918,-0.8797098221581958,0.5375434048635807,8.695302682191885,8.163835129306339,-18.11512056408935,-2.033537087046761,3.6442787756411725,4.085758487481184,10.718484039186801,16.4300960002127,3.2093872784725277,-5.902137562219067,-3.4199745163780677,2.3543228052143044,11.680559481416331,-2.3698951835321793,-3.0109018035717012,7.019857963892068,-6.015006762266076,-6.02636173224226,-2.602130527489662,-3.108175476527097
-3.1568442964864483,3.882423093539577,-0.15821359324734777,9.626994569235837,-8.351975568341619,3.2986121972617424,2.7452589199248507,-7.291579799403781,4.846388713071936,1.6995767173547451,3.0344489056715522,-2.4993338597990213,-3.2474794971418577,-2.443563063688835,1.9132612225641918,10.622797309257807,-6.444055349972814,-2.130242837456606,-1.7187403750247197,0.9181258643997912,5.515336917418845,2.9331527660671184,-3.6282319529889024,3.0825463810406184,-9.401702114886715,6.3335202647990965,-2.6258370320322673,4.382459855659997,-8.171505525245394,2.390594913302307,6.226213841025172,-18.11512056408935,-3.492691985032722,-2.872324393489373,6.308803783386569,12.34482861849357,4.216493905070168,-1.4271689962560936,11.181763254548121,4.71176504380947,-0.3724944445078988,5.760661775769105,18.375237449786752,5.616458445156667,3.025552371818338,-1.0265569655469122,-14.120140518388714,-5.617907218011403,-6.29844940721251,6.769514895838757
1.9165768178502451,-0.25104198471816774,0.09687127705033682,-1.0834461494567738,6.1054730324802,-2.572709955188424,-1.4110598230134899,-0.15749595876699607,-0.17007007742675428,-0.01500297002485812,-0.2592001823677601,-6.8672560426728975,-3.127421630283931,-0.5764855943773869,-0.14213666794863267,0.32628510778523045,0.42272839749017416,-1.400828230648941,-3.0851472489049736,-5.987561147276276,0.2685099437055852,6.4575718498958095,-0.07057642962650554,-0.4896470816668468,0.3449720743198301,0.15383166667959466,0.14065215372882328,-0.10389685667382353,7.042565672311588,0.2606763222796066,2.9413473890398993,-2.0335370870467604,-2.8723243934893734,4.5400272754905515,-2.0304396303843313,9.178184245133158,7.625075631556813,2.1523907801176323,3.249288017934703,-0.42180827720018355,2.5361076642982283,-2.2888408794135238,7.344131613546197,-0.8691222719254548,-0.3093052051876354,3.0379191177946403,-6.235243777407412,0.16860884486609362,4.8645060749365,0.13333966451783819
1.81633844508861,-2.082118576373747,-7.1017896550416255,-6.076487097362258,-1.5562736403835449,-12.486955916148506,3.961693777337284,-3.3853898942050336,-6.994481794723222,2.8910934705261,-11.251279956511608,-1.4929115153126573,2.0110313405588185,-7.019251733317037,-8.473180106930572,-6.626753336641513,2.94868463190677,12.10324157489496,2.0673320574161957,0.759304864669667,-3.131346855378602,-6.274806120915809,-0.001775977906550319,-1.02203959863535,9.033959413515744,0.6236078827745907,8.72720695877359,10.257176818785345,0.20999378407995167,-5.711896886055623,1.1803543199782205,3.6442787756411725,6.308803783386568,-2.0304396303843313,-4.768256298485481,-11.340334253566764,-4.638787339831856,-8.145716349840644,-3.891215928130271,-6.119152488476229,0.1848294493208415,-4.993190822436171,-1.4359956173487143,-5.917185197772616,-2.419604533057948,-2.238259632258277,14.878008400636418,-1.0433220397546978,2.969278629388917,-0.23339952584895096
3.6947304238421754,-5.001300257015993,4.7537522057164745,0.9540247880609922,9.132763272770408,-9.450552819975401,-2.7684860266066567,6.282417358571266,8.91705801906313,8.8419202609151,8.118509063750007,1.728114387594531,6.529915089365333,4.810296489706884,0.10324524977223204,-4.787577665396691,-0.6523598579706987,2.435973116841958,-0.847930598003148,-3.768890602775218,-1.6546502499871698,3.2313881637675834,1.5729926387746207,8.787927413358473,11.510826703616221,-1.8271122414897212,2.967440349951612,1.620515376051985,9.794206618087387,1.925170665761871,0.2947531300423035,4.085758487481183,12.34482861849357,9.178184245133158,-11.340334253566764,-0.6400345038026876,-10.508305628393956,2.7729235659899905,-12.581217334344604,2.3884733476280187,8.229419163954688,3.8609522093091613,-13.869425898338429,-4.05727817482043,-2.1150029913249666,-10.927989611490302,11.86958426854118,-4.24169316009917,5.829962566858922,8.31305008842805
6.394791870392388,-3.8482491001037955,-5.561128286132092,3.760744863438985,-5.866999953744159,-8.055470040813983,-6.9021543860019055,4.839988894428178,3.259367338747389,4.543840713355019,-6.262726803415898,5.699832569795184,8.209141522324016,-2.1579672754373687,-2.077012279075417,-0.013597337532815001,-1.1965946382400559,0.7202939283474348,-9.377913917650233,-9.998932719237535,-4.9930114111712145,2.998441872109205,-3.7070234750192803,-3.197165596780433,-0.9389727526367246,2.6069183437290286,-5.803946974298485,0.15375665214528644,5.857525587510908,-6.202613740699138,5.859424866520874,10.718484039186801,4.216493905070168,7.625075631556812,-4.638787339831856,-10.508305628393956,3.742506796164868,-12.550848911209242,0.9098565955228721,5.793969690280223,2.661476705993453,1.1665337613079754,-8.250620492544716,-3.232497487474338,-3.247805915364163,-8.365526278219946,4.35769744979387,-2.9278441751521194,5.120091407547567,-2.717330958680228
-3.7122825425555384,4.62027222666011,2.6547820958921253,-2.20682400981414,5.860192297725756,-0.7007757362828944,-15.895757281714731,3.4071821143230347,-5.064853102498635,7.738262240674515,-6.290785509929989,2.2886793977882527,-1.5977219038544948,-7.528619911524307,5.412196098350313,5.314112252691244,-6.508395360712763,7.444413156943302,-8.576284129362453,-3.23540987387353,-2.493657582562834,-12.177612312745552,-7.72056892731733,3.8003078362903553,-4.490192732578848,4.232908400519553,0.2483623075408023,1.7371831412740335,3.642385371043406,-8.698753350485022,-11.97533593925886,16.4300960002127,-1.4271689962560936,2.1523907801176323,-8.145716349840644,2.7729235659899905,-12.550848911209242,-12.473776580357235,-10.410519100576693,-1.105838312833015,-5.432104568070406,7.21924361603228,-7.9228859123246655,-6.374175091126362,-2.7401917112604677,-7.529488219488642,8.058056885662777,0.18552769959492132,3.8599005039567644,3.2361829434574507
5.294306642254272,3.605203799482665,3.1254621530609277,-4.547106976131088,8.835326180553121,-4.3387073582626,-9.220785132640406,1.8047109512029729,0.6128461822571597,0.7588921403972277,-13.466910218700127,4.1164448053473395,7.263998056485133,0.007444790975755844,0.6191858673143409,-4.674906184732954,6.493478627627693,10.428507476213092,-8.926640528882757,-6.805650311456646,-3.464714865209701,-0.5930001265045496,-2.2829829290879893,10.461777836521637,5.396800932555578,-0.1860814455387192,3.5870800290852918,1.7460938259009349,-1.0180065669518916,-2.95020182602832,4.051521752883861,3.2093872784725272,11.18176325454812,3.249288017934703,-3.891215928130271,-12.581217334344604,0.9098565955228719,-10.41051910057669,-9.225355079121709,3.816970971382856,2.0689078478733,1.4050677279972446,-4.9428791734573005,-5.327911435790828,-3.6708519705343354,-7.418466450180014,-0.562850080948641,5.215426079885296,1.999274503719385,1.142190920214651
-5.793311375125502,-0.3570195852218499,0.6087341813504745,-8.902495636654175,-1.1482961157738683,1.1825599172447705,-2.2388076735213294,0.20681827530279562,0.06290592623128144,0.1484934535061894,5.487492877772086,0.12441534162430345,-3.176161054806965,0.8075594636690199,-1.0063929350606686,1.309767010125675,-0.26478696317911715,-0.19628600677182695,-2.87826195386297,-2.6029140840221316,-0.03431393989490328,-2.4722358895867127,-0.46784037661033184,3.1802135878727285,6.588134175611258,0.7251458911775815,-0.17139910658231838,0.518346878252202,2.8612254099795247,-0.5273125671847915,-5.418002878656997,-5.902137562219067,4.711765043809468,-0.4218082772001831,-6.119152488476229,2.3884733476280178,5.793969690280221,-1.1058383128330156,3.8169709713828555,5.532038400798377,-4.5307229992434905,-1.303103159175905,-4.6803507673305775,-9.065121929729951,-0.1634632700557277,3.0601634062251675,1.4280304248922868,0.1405677045548117,3.0549925196122754,-0.32657314277066646
-0.025768916758483137,-4.092554583467984,0.5086981347085648,5.359735305609422,-3.567768121493292,10.243790853815677,4.928987488424148,5.822999591433383,-0.031877890272079545,4.189957031056706,-6.6359913397191175,-5.465739410320935,-9.410914861999363,-0.2673318891650436,0.8718216608940792,0.8852306256184799,3.811413679787782,-6.910068392757345,9.07488604902684,8.962082445111932,1.9642250021840186,-1.8230066615453426,1.9993242910912254,-14.696061728359304,-5.6947264777207565,4.983736461009882,-1.8926367199934222,-0.5291622862657054,1.2379664655026925,-9.986649931177746,16.24552693126781,-3.4199745163780673,-0.37249444450789937,2.5361076642982283,0.18482944932084094,8.229419163954688,2.6614767059934525,-5.432104568070405,2.0689078478733,-4.530722999243492,-12.759269474502448,-7.30202156429568,17.866056143661485,10.993731245844977,0.7488749559974208,7.421715880719016,-7.289558598672967,-0.8212699777121563,-6.010220522838216,0.38966630997750806
-5.105407076731844,1.477894663186184,4.239708919170734,7.911158485702186,-5.470504974603459,7.676080788258622,7.142550763638175,3.902719441632958,7.042485824745408,3.8474312990665194,1.826864980715691,-8.25778568957152,2.508996288161167,-6.131945948483912,-3.9500628704656773,-0.21001245040990535,-6.199221496437613,-9.030070342928061,1.4783371766650997,8.141033390580496,4.493537738780941,4.386459130602246,3.050806281675701,-10.576495847303399,4.152877542118233,-1.3596377923689165,-5.6190383078909925,-2.8895117086206197,-13.830627126893466,-0.6742613904490926,-1.9857847629358898,2.354322805214304,5.760661775769104,-2.2888408794135238,-4.993190822436169,3.86095220930916,1.1665337613079767,7.21924361603228,1.405067727997244,-1.3031031591759048,-7.3020215642956785,-11.770840043178652,-1.203751338079996,9.4766803976672,-2.362488828409237,3.957021471491181,-7.628676486166149,3.823641824882213,-3.5580871040498607,5.1365947377229
10.985150255194736,2.1592072726476683,-8.590602156911734,-2.1938556452881577,14.11591998081013,-4.103275696714559,-0.3479568648510989,-1.0299432160729634,-1.696780198715197,4.389071620526073,-0.24180626598535726,9.782222331276055,8.706396455609468,-0.7462645408551447,3.250895139088492,-8.545268128810246,-3.645609900537109,3.398870176708222,-3.351162844746268,-10.38497207632794,4.368930622339224,-12.735114267150278,-3.5602885103157185,1.6983061909267816,8.225583359075335,-5.793096849252424,-7.491828981237148,-2.098951809662852,4.204013689157278,2.7559653539040383,-8.35195612281641,11.680559481416331,18.375237449786752,7.344131613546197,-1.4359956173487138,-13.869425898338429,-8.250620492544716,-7.9228859123246655,-4.9428791734573005,-4.6803507673305775,17.866056143661485,-1.2037513380799965,-5.379102344356782,-2.6230748164224575,-4.816410117898945,-6.33009863339778,3.0181949253931855,-4.220419372552632,3.1111350104700515,-1.532046694781398
4.53806880350753,-6.158235207288854,-1.4710517427931253,-8.377635355115611,9.60186111479313,-10.921921313845626,-1.467904536299851,7.314986038789365,0.6047441039786685,0.3217698792006273,-7.355640467361141,11.744254978482287,-0.2058935351961413,-1.6956109340275733,-2.1486013566697166,-6.865011456137294,-0.5794803955988749,-2.0617907561493594,-6.210528735368433,-5.449108985393039,4.419468620875727,3.9622298034442425,4.400927140995877,14.938989938545067,11.986027537976055,3.8342029445534482,7.700336330560871,2.0318041994927563,-3.2911143917032244,-2.7470622884642384,-2.753155314219738,-2.3698951835321775,5.616458445156669,-0.8691222719254559,-5.917185197772616,-4.05727817482043,-3.232497487474338,-6.374175091126361,-5.327911435790828,-9.065121929729951,10.993731245844977,9.4766803976672,-2.6230748164224567,-2.636804774945764,4.710239252356377,-3.928170287615912,8.467187639489207,2.3423506951813526,2.2804622355181223,-2.532840628686319
9.908503723042273,0.46650271473856975,-0.21131558983389725,0.33471325315737743,-2.8949991451860537,-0.02352698676597198,1.777637098783957,-2.0894808249779984,0.5152853493961039,-0.9348147575169299,3.345348035790983,-0.9019816678671434,5.377734019568494,-0.3394053842713935,-0.2932416359950851,-0.3567138140344723,0.0018759276689458149,8.306665300915801,-2.276668950190857,-1.6065379344885058,0.009296080034973252,-7.045239528133671,-0.5314046012178627,-2.71648617690765,-4.744761776390028,-1.0731178918091318,-0.05760695460482779,0.7038188570511255,0.40669087333842624,0.1391994626962615,4.273786061688683,-3.0109018035717012,3.025552371818338,-0.30930520518763427,-2.419604533057948,-2.115002991324967,-3.247805915364162,-2.7401917112604686,-3.6708519705343354,-0.16346327005572714,0.7488749559974212,-2.362488828409237,-4.816410117898945,4.710239252356377,5.073615712161571,-3.3290934491527966,1.9797274289325784,0.810033059784695,-1.3481173545156484,0.41206548903956397
1.660642554618395,-5.996684758864231,4.097916930994005,-11.369775736511807,2.5034488710126155,-9.754002238637094,-4.313930140450743,9.941392605230037,-1.119657677283512,-1.3847656079392066,-7.829258780966708,12.695807157477658,11.496336551752496,3.226603040080094,-3.74228902167899,-16.412315923113503,-1.7315836428970588,5.961643538062245,-2.5454687100269293,-7.356271686235004,0.665950913617602,3.3342465749492876,-6.954225312474469,11.83380631743059,6.72548938407098,3.2879168470536673,-1.4109073942916273,0.16037457667573835,-0.0719406232281623,-10.860290736460966,-9.830369879742722,7.019857963892068,-1.0265569655469113,3.03791911779464,-2.2382596322582753,-10.927989611490302,-8.365526278219946,-7.529488219488642,-7.418466450180014,3.0601634062251684,7.421715880719017,3.9570214714911813,-6.330098633397779,-3.928170287615911,-3.3290934491527966,-1.2137283081232262,7.912495598263742,-2.5467416352780097,11.874834437959471,4.978474607694546
-0.1222184534573394,1.1771644088608197,-0.635812968155386,10.738008583845199,-5.67231706797347,7.2158549488652675,8.35147986178995,-6.287175958329664,6.311279669775769,4.015966535174652,-4.995005818256192,-5.398803554972281,-1.8878630170310684,1.9385588473174766,0.9291048539513711,-0.4928917930267669,3.2300286313458133,-3.7233303757626177,6.475678388182848,-3.818086908319972,0.12210834332828324,13.556539503894912,-2.5191839076871614,-3.100524407942669,1.9677249772771295,-6.719283977376151,4.4799408986499625,5.117194445225126,-8.9979390550553,3.2810128231939926,9.914381303822365,-6.015006762266077,-14.120140518388714,-6.235243777407412,14.878008400636418,11.86958426854118,4.35769744979387,8.058056885662776,-0.5628500809486411,1.4280304248922877,-7.289558598672966,-7.628676486166148,3.0181949253931855,8.467187639489206,1.979727428932578,7.912495598263742,1.2667803202802563,-0.34715004908977987,0.9736276527674895,1.4942985274402987
2.7514550147583408,-0.2629453903880019,-0.4105673326145864,6.074267940437679,-2.9684020159828415,1.0634593747687715,-0.10555702391405464,4.77168158324176,-0.14498966809649644,0.8646555804187203,7.097509182659064,7.426029031664727,-3.258104212971409,0.37344847657059316,0.20830930493438404,-3.8934000236852593,0.4080772089862328,-0.9565687827213618,-9.558663770397933,1.9601313898787822,0.09095303353709344,4.283303753729925,-0.011678061545064233,2.588963883294289,-3.904660907617181,0.12426469082430769,-0.13934970924440615,-0.07678370197399609,8.207747233126709,0.41055013647615546,2.226878547635003,-6.02636173224226,-5.617907218011404,0.16860884486609437,-1.0433220397546985,-4.241693160099169,-2.9278441751521185,0.18552769959492021,5.215426079885296,0.14056770455481168,-0.8212699777121562,3.8236418248822126,-4.220419372552632,2.3423506951813526,0.8100330597846939,-2.54674163527801,-0.3471500490897801,5.19478022718116,-5.524346996543104,0.00685956830487694
-0.5129697627531008,3.176241058033611,-6.557034934037262,2.737980153212912,-7.98140163969066,9.755614624136587,1.0129558638036136,-9.19753781603184,-1.069855235708537,0.1227514595860037,2.831792090784189,-5.799616987295695,-11.165296247407303,2.790685033688923,-5.766556572022695,10.14099802287761,-5.778070088250316,-7.180215917152448,14.940668750840311,15.575435841027488,2.4816565691904273,12.815753086746518,3.1001536482690693,-1.4379633233107914,-0.3012342115814778,5.645974281172694,-3.4037691583984797,1.1791399111003493,-2.6686353678845918,7.518602455604684,3.5204205788915575,-2.602130527489662,-6.29844940721251,4.8645060749365,2.9692786293889184,5.829962566858923,5.120091407547567,3.8599005039567644,1.999274503719384,3.054992519612276,-6.010220522838216,-3.558087104049861,3.111135010470053,2.2804622355181228,-1.3481173545156475,11.874834437959471,0.9736276527674892,-5.524346996543104,-0.40974760982557346,-2.8115831586370676
-4.071767144336788,0.3309253570502615,0.2812007473830989,8.885704257916693,2.0053553108477655,-0.98898342105755,-7.154013542473476,-1.5765939100074036,0.058627046947504646,0.27856360632408983,-1.571685993020026,-5.675533441122505,-7.579470291767494,-0.3557922197744384,-0.7218283894953047,-2.574940797675052,-0.7718839138887024,-2.4287104587547423,-8.196848079008785,-3.598841086028094,0.4452284751841353,7.237870047526184,-0.20687088333316533,-6.023743409692513,-4.240131844157072,-0.032395316870504454,0.8968049566548408,0.3324630968750399,1.3602820987802828,0.07125910078766795,3.8666095863674554,-3.108175476527097,6.769514895838756,0.13333966451783874,-0.2333995258489514,8.31305008842805,-2.717330958680228,3.23618294345745,1.1421909202146514,-0.32657314277066624,0.3896663099775084,5.136594737722901,-1.5320466947813978,-2.532840628686319,0.4120654890395641,4.978474607694546,1.4942985274402987,0.006859568304876426,-2.8115831586370676,4.221092713145152
