n
50
c
-229.66232480691943 199.50074858513557 10.84135569418397 16.178220141120523 208.8925725744253 -133.1451861894085 -12.914783956449623 149.40733703281762 203.28244212896854 156.85677918462846 -195.98640844354566 -212.37051990755515 -11.718951215891645 -188.79625651311085 -168.99214285647395 -203.20040741032614 190.0019114485459 -19.693311315569634 -13.784148449094287 14.680631066042585 186.5465950241111 -216.98783413372053 153.26211908224133 -0.0869202530707982 177.69046526045994 180.27836366759902 -185.99072430005126 196.90857602624294 5.3264663510127725 129.92130384668292 17.67508173263196 -173.80547793811687 208.32417929520568 176.21421994290245 -9.670154568552606 -179.81958414097514 181.6933858706057 -193.32802158286276 6.936583040028971 195.14825009787845 202.00013116934528 -186.494077283104 5.102942094087474 -4.817598892331219 175.7280126836978 -168.77101382515863 -14.253125121810571 166.47517172694214 212.51496572599498 -181.15243755162192
Q
9.0200557592383,7.257762792322455,0.1166609125117222,6.562916417046932,2.535792621513088,-6.359351465118322,-2.096170740602594,7.25669979423397,11.689424391978017,8.536985617441427,-2.9828092671598654,4.50603137545766,-7.940947960715766,-4.600517734619787,-5.048205270200247,6.279925416321674,11.108730158986232,6.167194280269101,-0.18904993794143565,2.1996856764448762,-2.530402255044784,3.40828888016848,11.561040900052888,-5.447478985159807,9.943289755651666,-7.414060792867831,0.9383751566491861,5.450728422748073,1.1197346461299968,6.621441797516796,-0.9211493298176155,-15.80301399929361,-0.3677827647305991,6.488086628533769,9.10404595023763,-10.509693221253766,-0.6061875852083904,-8.17699565287297,-3.9473773355418698,5.783249950386601,7.0808943604105075,-7.144506575636762,0.7547732351689054,-2.272829400819937,7.842022378884499,-7.489163486113554,1.932087441101505,2.2963568060136526,3.468615331891394,0.0554789018414763
7.257762792322456,0.337219835209817,-2.491418174070458,-4.4204572802763575,-9.178080504119855,5.6929785438853475,8.200710434380044,-4.828954565701817,-5.454721581759269,-5.901109747198328,12.76978231440247,1.247648904205675,2.4985897629379124,4.3453872239399205,0.6856504532015468,11.535825751861227,4.9123888829967095,0.029247094231606985,-1.7197250567617082,-8.041524765356591,-2.6282564692183525,-1.7200696199531924,-6.365590096081857,0.19447826206102903,-3.3159607784035567,0.7987644213182578,5.750177613248013,-4.040576092747514,2.136471427073356,-2.7877905454135132,-5.987987972975163,7.096912610296653,-18.408925532467457,-0.9612011111027288,2.303751953799483,13.827008044058845,2.980084578974467,6.247197897759792,-2.773491039257192,-1.9215406396883137,-0.4032935263107241,0.18451365839210354,-0.0950555936251894,-5.850844580320241,-1.0655182852309149,4.97427700030615,-0.651704533717169,-1.5951793289350784,-17.01565497626348,7.026650451322436
0.11666091251172217,-2.4914181740704584,5.381041139689678,0.24765067820428788,-1.3760137220942203,0.9594117693820727,-0.16211492179589987,0.8695886687872637,-4.97237354572582,-2.085589921687007,-6.142997381921125,5.400779236338485,-0.17965303355637097,2.8487226834950863,-4.434331330722984,1.1966969592028103,5.679499443209807,-0.6793666309409953,-0.3038158909352431,-0.06948650114276922,-2.773990551961047,-5.611605430001831,1.6396095013364056,0.8930738493996062,-0.6558061619847044,-4.026489169671365,-0.720894790118183,-6.029163139289563,-0.6215114727842115,-0.9274085337361362,-0.27871494685294157,-0.01956401684030834,3.149579627809749,-3.870564688008316,-0.12171208331666518,5.644499604619206,3.873101796846691,-6.075979074082911,-0.252034236153291,-0.7970521115227007,4.6052531916037225,-4.9087594182509395,0.07024481370646837,0.03303036285420838,-8.309011118109028,-0.26940088137476226,0.586326925248569,3.4875918236443058,2.5592686175139856,-1.8080447388822054
6.5629164170469325,-4.420457280276356,0.24765067820428877,5.550673240494068,1.9332322404960844,0.3352948423493922,-0.8565435631345291,3.9827480303308835,-4.922594535977782,9.84708502814855,-9.267065898866102,-3.1845068159183025,0.08064919326062558,3.1420409874128685,-5.863722679872796,0.3882693503160375,1.0061930393633771,-0.07605706094526721,-0.26240407780324904,-0.6982864793575185,-0.9693633057401375,0.32868463755679844,-7.063354765689456,0.0434564382514499,1.0991729104821584,3.0313362759282683,0.49807439072198534,-8.25055877880781,-0.09539346110998137,9.773375049186779,-0.201090910711759,-4.135416359277099,0.8536772270127198,-6.339128897635383,-0.2870509773723514,-0.054240107289464545,-3.0088929813126204,0.1199857425302075,0.18067972852171454,-1.3469600842320442,-4.533373571915583,-0.37060123683175417,-0.49855937146663376,-0.39293278608604487,-1.9451298507492156,-2.7713615171788457,-0.19467667657156018,6.604887906178817,7.8243928990894505,-4.673331947066528
2.5357926215130875,-9.178080504119855,-1.3760137220942201,1.9332322404960838,-6.600524015891672,10.487984609275369,1.788860769643943,-3.67065636703626,-12.99613995749372,-6.359324151141869,12.158842426071791,-0.6508943390300582,5.7072958559530775,8.607935351107933,0.5453064488510762,-6.930880040559686,-13.386300404985114,7.582145100660993,4.6858483959615835,-5.97186591996398,-10.321123918692267,2.3721697120802814,-8.553741075708551,0.45506104307074446,2.8095455246335903,-12.859672233027757,4.717998465969011,-14.193562691996059,1.8201918560910542,-0.6772077307875894,-9.061025598750454,10.2592023043179,-6.373081369072836,-2.913143936026354,-0.01914091038043511,8.782208743635282,-5.81142792127695,12.43036591683186,-2.5532502846854923,-0.018772893027296678,1.2228741467993773,-5.183917022302248,7.3611989375111495,5.472961988286509,-4.412635628521185,-0.18416563978705214,2.3724593545575954,-12.44338552365132,-11.949941664922132,2.2622296424294994
-6.359351465118322,5.6929785438853475,0.9594117693820727,0.3352948423493918,10.487984609275367,-3.562515040836633,1.661789309534698,4.624520922220299,5.190796790861603,16.38019152963448,-3.3308087886827136,-7.217285274191435,-7.308357790469267,-8.780204323910638,0.8821910420946399,-7.420354473632332,9.057199652361913,0.5329126574202159,1.8963017221895466,-8.67155497047457,9.648854758355457,6.867201673705809,10.070098462240994,-5.822883698110565,5.441758487582729,5.6923350709465845,-5.2853489948898815,-6.688785894221049,-2.010820387481885,7.312838238925635,-4.378596528398549,-9.491956156995633,2.9918348130016974,10.722356709365084,-1.0761519382738478,-2.5737616409253397,-1.0708133355378724,-13.919688227877353,3.929344384153497,1.140238406958466,-2.8421264922972864,-18.444650226521905,-3.3149069652598997,-0.09705230184942015,4.828804374896167,-8.25000862377479,3.0771447560352816,4.951868437665131,-4.122900532400379,-3.605606471119602
-2.0961707406025933,8.200710434380044,-0.16211492179589926,-0.8565435631345298,1.7888607696439427,1.6617893095346976,4.299076530822567,0.1569692954009796,-3.8104434166369425,-0.1786288504042226,-0.7300542205236064,0.43529032449513,0.504453588575126,0.8666438514377268,-2.2768860391338803,0.20760302185695334,1.5227596185650962,0.523368267034202,0.3551191878806459,0.5175331468034944,-1.8949575234409588,-0.41993261193939657,1.932000071642352,0.3935964535119366,-9.093546741793984,1.430468778058485,8.16974432096595,5.748356894096939,-0.48885023920018833,-1.4028133141427832,-0.012493185710268917,-1.6471405103863728,6.8347104651080715,-1.1387738386741078,0.040609390321983296,-3.659000738544719,8.025467284674328,0.6142559328913748,0.3598556672779318,-1.1802816670601346,0.07003592884763143,3.375103000561089,0.8273094421654852,0.31069461167873746,-0.2543862077877508,0.45510063989399024,0.39335462852169545,-2.0567476561328855,-5.980678508613741,6.808873873309954
7.25669979423397,-4.828954565701817,0.8695886687872638,3.9827480303308818,-3.6706563670362606,4.624520922220298,0.15696929540098115,-11.240461790429125,0.8799014663416234,-12.981281320233364,3.099401160535338,14.59484429352872,0.17986248217726636,7.733851019854764,6.469809153981255,8.130293595288641,-12.379287333040152,-0.7137764018631105,-7.198545646394108,-4.564323981951176,-16.618740915075932,4.252210850649177,-9.364491157277257,7.376303534239198,-1.1670218920640012,-9.947315878544769,6.454334867904797,-7.975760415361226,0.5284487009797294,0.6229626258169434,8.469835622167842,-3.746274399852505,-7.921327284508423,-10.79882241458846,-1.9893159117101602,8.344701539661035,-4.788482218649188,0.34224529508389917,-2.1790074209715247,-8.961400834721742,-2.5151628182343764,7.561219948216264,0.5173922898447922,4.2790761450343,-10.88740193770034,3.4603711724806523,2.070115534450968,-6.7979333165697025,-0.8246121335267144,12.061830249993726
11.689424391978019,-5.45472158175927,-4.972373545725819,-4.9225945359777805,-12.99613995749372,5.190796790861601,-3.8104434166369434,0.8799014663416239,-2.089355572821664,-15.598751837301052,9.583747512102697,3.944624636872859,-4.291315569659196,17.49498543264205,6.9248992957746225,8.541193578638442,-9.935489852969404,-3.1895056470860266,-0.9981530630989528,2.0605862869304876,-3.107336969248419,7.131474318580112,-0.7489369267059562,-0.3155255748332335,-7.946197554343607,-0.08011868430609748,4.578199250310588,-3.5930681088115133,-0.5217722141810845,-0.40188470309172986,-1.9662107555147366,-1.7951789833518632,2.424052087377644,-9.118301830917174,3.9922755543524624,2.8118317981953274,-12.882166086756852,5.535445338068902,-4.6148342494872585,-3.1015758251695766,-12.944914541231023,2.0288859857205734,4.812767758660246,-2.1368898956577187,6.099796001547811,3.2741811966513255,1.0153476909558425,-11.300399266582295,-0.5985916928367767,4.969044586407311
8.53698561744143,-5.901109747198328,-2.085589921687007,9.847085028148552,-6.359324151141868,16.38019152963448,-0.17862885040422288,-12.981281320233364,-15.598751837301052,-3.6208260429613857,15.888704844422925,5.332164896981211,-6.095184623677209,8.604039606560182,5.14150448761744,-1.6415209473682864,-12.522916092822335,-0.8454519050494851,5.042660372774744,-1.7883974449549456,-11.695778308527059,-0.4693991834305439,-20.234786949645883,6.700960555661995,-6.615144097860584,2.4267967275974307,4.206294357639771,-4.924088796566727,5.366967973508332,-2.8163391997405247,4.058113685996853,3.127653219356741,-14.446479321463894,3.9815554043568384,-0.45403279665460405,13.996699640144097,-3.7144015381068227,6.113702295015573,1.8332870126407994,-2.3457050925211598,-2.3067619868193914,5.943452496836885,-1.8059476782216906,-0.8361418631161612,2.6331721943982678,1.2117991507260029,0.8872714583004597,2.7050559225485933,-3.8310574059714644,-6.08450334064978
-2.9828092671598645,12.76978231440247,-6.142997381921124,-9.267065898866104,12.158842426071791,-3.330808788682714,-0.7300542205236067,3.0994011605353373,9.583747512102697,15.888704844422925,6.888045030617966,-1.9656705525651785,6.29314686508119,-0.17985974389847958,-11.501009109545437,1.529718346354542,1.9631919449738788,2.9574253909352772,-7.343060401481953,-1.5623303594381872,7.397752806563673,-6.651516242753794,13.366065086928907,-1.0387346880439972,4.158619540962703,12.14818860056952,-1.027311697826586,0.6126243310681216,-0.4795242475463788,6.325266153862966,-3.7188033798339486,-8.091586153017074,-3.5520364342949806,6.811732896695314,4.145213941009816,-14.073802415299046,7.516793942915885,-17.991493017542556,8.150360038050655,7.733236790076765,5.826753914707052,-0.1920004026739397,3.0177395009732115,-1.021804696337293,2.0698473536341813,-7.420336692190775,2.844087608833606,10.879417353677706,2.8871352727671007,-3.009665890468634
4.50603137545766,1.2476489042056746,5.400779236338484,-3.184506815918303,-0.650894339030059,-7.217285274191434,0.4352903244951299,14.594844293528718,3.94462463687286,5.332164896981212,-1.9656705525651783,-1.4623312342802528,-7.243554645324123,-5.689911737220808,6.721781993011955,-8.604453308236238,0.832266489859036,-1.286933320867679,-2.1630461682376168,1.596936491756582,11.000731547973361,-4.804681849290075,4.926621214295991,1.2754711754012982,1.826866846134957,4.281133608477318,-8.426808043438712,7.124623540899584,6.940779694708537,0.711213358319758,-5.680399578561539,-5.966092381963129,1.55389837033925,0.2121006988693419,-1.6080794882859475,-4.97982521471189,-1.7491124536553255,5.652397689871702,-3.9974508282176098,9.742660636336236,7.131085304904285,-2.690476151764603,-5.800891018016394,5.632103534396652,6.6148938720922175,-4.453881586624159,5.192959941644416,7.813195388343215,6.333153544835041,-13.07873701109099
-7.940947960715766,2.4985897629379115,-0.17965303355636986,0.08064919326062325,5.7072958559530775,-7.308357790469268,0.5044535885751252,0.17986248217726578,-4.291315569659196,-6.095184623677209,6.293146865081189,-7.2435546453241235,4.19781770976862,-5.377641185078509,1.0361205445779882,0.19164615469557356,-1.8802518325118753,-0.22547983412522757,0.03967390443985158,0.6145955494944442,-0.587335700077314,8.364929095501337,1.6029961666026118,0.4233975336153495,4.327822182359627,-4.348647834845392,4.769015392901267,1.3929631173808157,0.3969959333522358,1.3659504187847762,0.19834616877344557,-0.053386728073661766,-2.268781715734074,-3.5903327906082403,-0.09251124817225709,-0.5750179328062656,4.9258694771367315,9.535769335628208,0.3023268027933941,6.270478841143264,-7.905421064116315,3.957275251068157,-0.5895042495768288,-0.0955455069000255,-1.281649700741722,-1.3205985312000394,-0.19886739134860365,2.4147424873359675,3.402031010136295,7.232478280588653
-4.600517734619787,4.34538722393992,2.8487226834950876,3.1420409874128703,8.607935351107933,-8.780204323910638,0.866643851437727,7.733851019854764,17.49498543264205,8.604039606560182,-0.1798597438984808,-5.689911737220809,-5.377641185078509,-7.8825150595697915,-0.44094795407269793,-10.599944999110695,3.6312297301209444,1.184238563135976,7.246514266309987,-1.746154705111599,5.837811701886777,6.550797460273165,2.2951621046030732,0.1588722759326946,8.404798440412184,9.029188719180647,-10.575550015243763,14.171971605314093,3.3749265960644,9.432699082432478,-5.149660208528022,-3.677167307409499,-2.212230260213405,15.638135244392009,-7.326475037288504,-8.796656162828212,8.109930244666398,1.6121062794142782,-1.6081603382512375,4.490107098189093,9.322405776876655,-9.283681138327085,-6.948888887410087,7.9448561989944695,9.160248655131591,-8.868626554371586,-0.7465285220241162,-0.8793456304713828,3.846869935066748,-8.8410595654207
-5.048205270200248,0.6856504532015466,-4.434331330722985,-5.863722679872796,0.5453064488510768,0.8821910420946393,-2.276886039133879,6.469809153981256,6.9248992957746225,5.141504487617441,-11.501009109545437,6.721781993011955,1.0361205445779884,-0.44094795407269705,-4.911517815406907,-7.365861860646476,9.432957481931332,-1.6228349876690014,-1.7872187246196822,4.574171100121611,-4.8113361661616425,-12.00347669332223,2.990739997772092,-1.581364090371264,2.7052763700520597,12.008527499135075,-1.4456759248688793,6.701043377896803,0.5060099072390508,5.076329540311408,1.8481753517788095,5.095631614910501,3.9488749224117132,4.050560545220382,-2.266255479407576,-8.865920731066526,0.7939346341304129,1.7721027260428357,-4.674716798058458,7.551026557015795,7.3847333285114045,1.437006080451613,6.079354812616365,-0.6167531024158333,5.063010874904735,-7.038688563289552,3.8473924544886016,-2.428095575697945,-2.782843861887387,-5.828793244274939
6.279925416321673,11.535825751861227,1.1966969592028105,0.38826935031603815,-6.930880040559686,-7.42035447363233,0.20760302185695356,8.130293595288641,8.541193578638444,-1.6415209473682864,1.5297183463545416,-8.604453308236238,0.191646154695573,-10.599944999110695,-7.365861860646474,-0.8857122103624206,-0.4814537954690081,7.417131785342131,6.480909726076335,0.9878933121537592,-6.971758906475634,2.1587083235925233,13.073338336708803,1.1214584991614238,5.552275620135608,3.487944483180603,-1.3680327630013038,6.425921645078753,1.537368837575351,14.028505965715693,-9.685229225539764,0.11808735428794045,9.897327842659916,-3.009683587664919,-1.3042114591246916,-3.9057271334151036,8.23461827951737,-9.292406622234347,-9.236938192869138,1.038441118060795,-0.7831746936389733,-11.246858202784553,-0.9639093540881404,-7.2485474058272805,10.104048928585035,-11.77860495764328,10.123467798190463,16.39783821289866,5.232965577907434,-7.007174167757306
11.108730158986232,4.91238888299671,5.679499443209808,1.0061930393633773,-13.386300404985112,9.057199652361913,1.522759618565098,-12.379287333040152,-9.935489852969404,-12.522916092822335,1.9631919449738804,0.8322664898590366,-1.8802518325118742,3.6312297301209435,9.432957481931332,-0.4814537954690083,-7.104266082962733,-0.2550369764473408,5.463254867574361,2.4145150510496656,-4.140535156800601,6.558667441114169,-16.286744796534663,-8.753435436252285,-3.930344030973848,-4.969192450054351,8.853612681704934,1.7509000613219943,-2.038933601661916,-10.604538301280556,4.7094876695133685,17.144995082317944,-7.267448761031514,-5.276067044095002,2.7011351319325634,9.332467582223106,-3.501064443874225,7.384695149908265,-5.780431074762459,-4.869690781631346,-9.57208694916049,1.696917313160543,3.603119211947536,4.664234065491846,3.1041055347782347,1.855925885492249,1.253188113161935,-1.5397730744136817,-7.355227041697851,9.277090804188205
6.167194280269102,0.029247094231605986,-0.679366630940996,-0.07605706094526589,7.582145100660993,0.5329126574202157,0.5233682670342023,-0.7137764018631103,-3.1895056470860257,-0.8454519050494844,2.957425390935277,-1.2869333208676799,-0.2254798341252279,1.184238563135976,-1.6228349876690016,7.41713178534213,-0.25503697644734,3.910367532002074,-0.2819744688260185,-0.2555801364949998,-1.0758396073926941,-2.7779232780805567,0.2825158209825477,0.10185307150451028,-5.103859589612457,0.09614963685160122,-4.692086125250391,-0.6939857483182286,0.19541940842125688,3.8693148971709235,0.07721182360595091,6.612262176711613,2.6173019161912174,2.267344099732945,-0.21379957257849114,2.754093176807843,1.762494190206777,-2.9445404423357457,-0.3794690285231336,8.791889203040647,-4.376931139504483,8.745734262080097,0.4395742959332876,-0.008044164804187626,4.308599196199561,-3.4019330771318326,-0.43595273399449297,-1.677078590102472,0.6854777797668142,-2.870507279477924
-0.18904993794143687,-1.7197250567617077,-0.3038158909352421,-0.26240407780325004,4.6858483959615835,1.8963017221895468,0.35511918788064645,-7.198545646394107,-0.998153063098953,5.042660372774744,-7.343060401481953,-2.1630461682376163,0.03967390443985272,7.246514266309987,-1.7872187246196807,6.480909726076334,5.463254867574359,-0.2819744688260188,4.849509644871721,0.19165072930256066,4.449623758666462,-2.5530986324063827,5.904142249713422,-0.39491785873694674,-1.1897659426860567,-2.355679120945376,9.417554928290144,0.9235938680722522,-0.8636387592890428,-3.0919437615755596,0.33032216849756424,-1.7783707603626295,5.7501109388076275,1.032520630238426,0.07168447285515328,-2.762533829964374,-0.6975142021520497,9.848097107961795,0.14293984763174894,-2.483675658077849,-5.709512628282784,-8.731575963563314,-0.08182832270469742,0.3815101528166598,6.527132255215142,2.8662308072196097,0.13018268360837965,4.172640989543822,-5.965753888682935,-0.35522898800503155
2.199685676444874,-8.041524765356591,-0.06948650114276717,-0.6982864793575185,-5.97186591996398,-8.671554970474572,0.5175331468034944,-4.564323981951176,2.0605862869304876,-1.7883974449549456,-1.5623303594381854,1.596936491756582,0.6145955494944436,-1.7461547051115982,4.57417110012161,0.9878933121537602,2.4145150510496647,-0.2555801364949996,0.1916507293025601,4.648307259007018,1.9815922492572065,-3.3532171841859575,-0.6442970266861254,-0.17735655789554639,-3.0988883851196505,3.7473990508191433,-9.15866368728345,3.03564461567722,0.684953533431308,-9.50937795233026,0.17643242606002119,-0.2559771933855716,4.680034916128296,-2.2895281337178783,-0.04069066868462179,-5.383649209934538,-5.627194402125227,-2.0388653568805326,0.2696443669949277,1.312556918184686,-3.296400092090365,8.615543985602855,-0.2848168772858894,0.34011018347597854,-2.6880346318085033,-4.237779797367722,-0.14556020822063365,-2.7439211435250197,2.987317875581465,3.8644797249262046
-2.530402255044784,-2.6282564692183525,-2.773990551961048,-0.9693633057401372,-10.321123918692269,9.648854758355455,-1.8949575234409586,-16.618740915075932,-3.107336969248419,-11.695778308527059,7.3977528065636715,11.000731547973361,-0.5873357000773151,5.8378117018867774,-4.8113361661616425,-6.971758906475633,-4.140535156800601,-1.075839607392694,4.449623758666462,1.9815922492572067,5.986424204658036,2.568855043424276,0.8219087278826471,-0.31582097336007453,-1.4731666098347556,-1.8689007917567169,14.456586722009547,-16.85536661337677,-2.67228491488088,2.0988928648775946,5.103567099800713,11.368824373451478,-0.7998170394932568,-9.75343231059665,6.07861305610617,-5.419025525312057,3.4983479364940164,2.4062581588187175,-0.3187638874536885,-11.453773986062515,-3.6243805405047347,3.892752452037354,4.353748629031381,-1.471891780783652,-15.689275707612602,-4.612667397747032,4.512519376883715,0.2739358027160612,-8.636110778222452,1.0908061440892356
3.40828888016848,-1.7200696199531929,-5.611605430001831,0.32868463755679916,2.3721697120802814,6.86720167370581,-0.4199326119393967,4.252210850649177,7.1314743185801115,-0.46939918343054443,-6.651516242753793,-4.804681849290076,8.364929095501338,6.550797460273164,-12.00347669332223,2.158708323592523,6.558667441114169,-2.7779232780805563,-2.5530986324063827,-3.3532171841859575,2.568855043424276,-5.449115878819303,-1.2926515144906712,-1.4317519095192388,4.943235508872346,10.32385111254355,0.9446182566047266,10.296342537877527,0.8802192786800014,-3.3585088249255515,1.2595371213478346,0.41203909849100884,9.209946730590115,2.33188377662284,0.06037078622142544,-3.7199375283606573,-0.5478593121907768,-11.51471446383109,7.0764789666200025,3.233481499916172,11.857775182236637,-0.1749380899483317,0.5223421674082787,2.1068003274154945,2.779697627983742,-3.0258989767317006,-9.018440821510069,10.019574221520328,7.925300053488509,-10.890294670313065
11.56104090005289,-6.365590096081858,1.6396095013364058,-7.063354765689456,-8.553741075708551,10.070098462240992,1.9320000716423522,-9.364491157277257,-0.7489369267059561,-20.234786949645887,13.366065086928907,4.92662121429599,1.6029961666026125,2.2951621046030737,2.990739997772092,13.073338336708801,-16.286744796534666,0.2825158209825478,5.904142249713422,-0.6442970266861245,0.8219087278826476,-1.2926515144906716,-1.0827422913574827,4.346329233856363,-9.991361350310518,-2.0659338488770054,1.6715217587279751,-4.4957704390879085,1.3665890459183532,-0.49899619407903917,10.201518844922655,-5.92871676846342,-2.140271877411127,-9.094554398860561,-2.4432476767728257,4.1457198872635335,-1.7703688055442406,-7.218294356460898,5.059857903974898,-1.461949794424427,-0.3774712731590679,2.750265419891161,-0.29747752095006474,-0.982436383680885,5.6367153713763125,5.181405709765351,0.9623044884433641,-12.184221011760227,2.11178309932743,3.4358457677688965
-5.447478985159807,0.19447826206103014,0.8930738493996062,0.04345643825144918,0.45506104307074424,-5.822883698110565,0.39359645351193623,7.376303534239198,-0.3155255748332324,6.700960555661996,-1.0387346880439985,1.275471175401298,0.42339753361534915,0.15887227593269532,-1.581364090371265,1.121458499161425,-8.753435436252285,0.1018530715045109,-0.3949178587369482,-0.17735655789554738,-0.3158209733600746,-1.4317519095192388,4.346329233856363,3.9286121845686077,-8.395926475546004,-4.691790708502791,9.672834133463187,-6.840928795114626,-0.1789346391265223,5.223264876260129,-0.035947369493101525,8.049751738309634,-6.290638547704208,3.454533964382195,0.5924620821262114,1.0382595472615375,-5.361558763281687,0.8041838145934382,0.3544018530185993,3.5422023185921847,4.7159533495124375,1.4426161913009432,-0.47899278233559484,-0.1826230212583567,5.14964217715307,0.40072236691794,0.07625867799235625,-6.097785789896813,-0.12543215279227327,-10.36817607555175
9.943289755651666,-3.3159607784035576,-0.6558061619847053,1.0991729104821584,2.80954552463359,5.441758487582731,-9.093546741793986,-1.1670218920640005,-7.946197554343607,-6.6151440978605835,4.158619540962704,1.826866846134958,4.327822182359627,8.404798440412184,2.70527637005206,5.5522756201356085,-3.9303440309738473,-5.103859589612456,-1.1897659426860563,-3.098888385119652,-1.4731666098347556,4.943235508872346,-9.991361350310518,-8.395926475546005,-4.0539349853712014,-3.2172229918116466,7.419834471452715,-7.430028208869434,2.689836162387621,-2.4191080067004314,-0.501600298377451,7.770795384840575,0.38700944845828045,-6.645266036818018,0.7671232939013829,-2.2831447662059987,1.844448732750123,10.635158078818973,-1.4616889174976317,-7.809831679534745,-4.552264993443063,4.678623537529496,-2.9149900375848774,4.294478783361882,-3.340213212331956,-2.256372441089504,-5.046426296819056,1.7710078647275829,-2.812891925983952,6.124576776997822
-7.414060792867832,0.7987644213182572,-4.026489169671366,3.0313362759282683,-12.859672233027757,5.692335070946583,1.4304687780584855,-9.947315878544769,-0.08011868430609814,2.426796727597431,12.148188600569519,4.281133608477318,-4.348647834845392,9.029188719180647,12.008527499135075,3.487944483180603,-4.969192450054351,0.09614963685160194,-2.355679120945376,3.747399050819144,-1.8689007917567175,10.323851112543549,-2.0659338488770063,-4.69179070850279,-3.217222991811646,-0.1568074852416057,10.98473367413225,-14.787882424304243,-0.6607890539254717,-4.403348534051427,-4.038418353327847,-9.186458646146422,-3.054932130668974,-2.201938348177376,-5.400062497785951,3.8869844569765872,-2.3828853914838173,1.7071509123524575,1.4308343421497578,-6.457409001823166,7.863740770454424,5.2415057919176204,4.084336853960389,1.2472425794417816,0.9944936453994833,9.759828851044299,2.925650339442169,-3.8379565916646836,-15.296091654209167,4.3424638986470665
0.9383751566491867,5.750177613248013,-0.7208947901181837,0.49807439072198567,4.717998465969011,-5.2853489948898815,8.169744320965952,6.454334867904795,4.578199250310587,4.20629435763977,-1.027311697826586,-8.426808043438712,4.769015392901267,-10.575550015243762,-1.4456759248688797,-1.3680327630013045,8.853612681704936,-4.692086125250392,9.417554928290144,-9.158663687283452,14.456586722009545,0.9446182566047263,1.671521758727975,9.672834133463189,7.419834471452716,10.984733674132253,13.618685486357407,7.410911694833568,-4.807924434424081,8.803801415093988,-0.7051651462277542,-7.41856873730812,5.0310547563213035,-8.538913120647278,2.4697794815243874,-6.031167492477662,6.104804585411334,-8.49204820955343,-9.900526160849717,1.9356332193636638,-1.8632300482125168,-8.675599913841014,-0.34050489469255907,3.452385582495544,-1.9323797854854499,-1.758352056144142,-7.585634723413342,0.49687608558947083,4.787716618973683,-4.335197981496244
5.450728422748073,-4.040576092747514,-6.029163139289563,-8.250558778807811,-14.193562691996059,-6.688785894221049,5.748356894096938,-7.975760415361226,-3.5930681088115133,-4.9240887965667275,0.6126243310681205,7.1246235408995835,1.3929631173808152,14.171971605314093,6.701043377896804,6.425921645078754,1.7509000613219947,-0.6939857483182286,0.9235938680722511,3.035644615677219,-16.85536661337677,10.296342537877527,-4.495770439087909,-6.840928795114626,-7.430028208869434,-14.787882424304243,7.41091169483357,-3.2231869438417107,1.9570293516603463,0.5895486924099165,-0.37273176644441697,1.4290497771068185,-8.456972529091635,-0.7537991241379749,5.9128775970209055,5.583139652921375,-6.343664019265566,0.5696068036084226,10.493010599962163,4.88191670820419,-0.10406518031943693,7.7084141162384485,-8.092590338543461,0.07003969178254255,-8.118894346491667,13.089282221660442,-1.5099564645687624,-6.036419597706154,0.5632482437177868,1.6190977000592341
1.1197346461299973,2.136471427073356,-0.6215114727842131,-0.09539346110998137,1.8201918560910553,-2.010820387481884,-0.48885023920018916,0.5284487009797302,-0.5217722141810839,5.366967973508332,-0.4795242475463795,6.940779694708537,0.3969959333522357,3.3749265960643995,0.50600990723905,1.5373688375753503,-2.038933601661917,0.19541940842125688,-0.8636387592890429,0.684953533431309,-2.6722849148808794,0.8802192786800007,1.3665890459183518,-0.17893463912652224,2.68983616238762,-0.6607890539254719,-4.80792443442408,1.9570293516603465,4.646115387616497,-6.860055279244207,0.09368807415871938,1.8090339413253482,0.06584834597816758,-0.3751338890063771,-0.031544168021017005,-5.793760601373997,-1.0103241821827682,-3.791074946214578,0.020174079602729045,-1.7867257179105815,1.523701717801839,2.5834940905464463,0.09159718984661125,0.6317536215927859,-3.8060884178973913,-6.200113889286224,-0.25580017789376663,-0.055190740044568476,2.1073444595605553,-1.1863334445471163
6.621441797516795,-2.787790545413514,-0.9274085337361369,9.773375049186777,-0.6772077307875894,7.312838238925634,-1.4028133141427837,0.6229626258169436,-0.4018847030917294,-2.8163391997405247,6.325266153862967,0.7112133583197576,1.3659504187847753,9.432699082432478,5.0763295403114075,14.028505965715693,-10.604538301280556,3.869314897170924,-3.09194376157556,-9.509377952330258,2.098892864877595,-3.3585088249255515,-0.49899619407903895,5.223264876260129,-2.4191080067004314,-4.403348534051427,8.803801415093988,0.5895486924099164,-6.860055279244208,-7.042457323497298,-0.1755730580259065,9.542278412161158,5.370112993551757,2.4683165439840105,2.7340615057855513,8.120620396354362,-9.312839805937099,10.821916849260628,6.8357745470620275,-9.687831349104094,-0.4163381048523648,-3.6660191578087726,-0.1653874918014736,-9.365956078135879,-10.034333711273183,6.992766415921322,0.8471296959092978,-9.175998847663573,3.0020709206962417,4.452997074602764
-0.9211493298176163,-5.987987972975163,-0.27871494685294124,-0.20109091071175816,-9.061025598750454,-4.378596528398548,-0.01249318571026839,8.469835622167844,-1.9662107555147361,4.058113685996853,-3.7188033798339473,-5.680399578561539,0.19834616877344577,-5.149660208528023,1.8481753517788087,-9.685229225539764,4.709487669513369,0.07721182360595069,0.33032216849756435,0.17643242606002207,5.103567099800713,1.2595371213478344,10.201518844922655,-0.03594736949310051,-0.5016002983774509,-4.038418353327848,-0.7051651462277547,-0.3727317664444181,0.09368807415871938,-0.17557305802590628,4.394410304018603,2.3294198419149366,7.986556654797449,5.408072243582653,-0.5160168426010089,-1.3305143362085592,2.397573183598505,4.038099446278948,-0.17197918893539826,2.370876681424171,1.1753051258192497,1.1346346834312424,0.09862449056847947,-0.15917663107064395,-5.383623441295458,1.1661791030594195,0.04840521538651463,4.385645464559982,-0.26232737633282666,-0.4474946683180212
-15.80301399929361,7.096912610296653,-0.019564016840308174,-4.1354163592771,10.2592023043179,-9.491956156995633,-1.647140510386372,-3.7462743998525054,-1.795178983351863,3.1276532193567412,-8.091586153017076,-5.966092381963129,-0.05338672807366118,-3.6771673074094995,5.0956316149105,0.11808735428794079,17.144995082317944,6.612262176711613,-1.778370760362629,-0.255977193385571,11.368824373451478,0.41203909849100917,-5.928716768463419,8.049751738309634,7.770795384840574,-9.186458646146422,-7.41856873730812,1.429049777106818,1.8090339413253482,9.542278412161158,2.3294198419149366,5.1451265773552475,13.061094897700459,2.7415503385889792,2.5381906795987934,3.5295451514465497,10.746874223342793,-7.970513496711805,3.7492205190173347,-4.176523731991817,12.098913571343598,-13.829851012171215,-0.7312542543528462,0.5916292534549887,4.9248674290830206,-6.253333218760956,3.2980532157768687,-1.2167340052708302,-2.58341308231595,-12.13441607203048
-0.36778276473059923,-18.408925532467457,3.14957962780975,0.8536772270127203,-6.373081369072837,2.991834813001698,6.8347104651080715,-7.921327284508423,2.4240520873776434,-14.446479321463894,-3.552036434294981,1.55389837033925,-2.2687817157340744,-2.212230260213405,3.948874922411713,9.897327842659914,-7.267448761031514,2.6173019161912165,5.750110938807627,4.680034916128297,-0.7998170394932567,9.209946730590115,-2.140271877411127,-6.290638547704209,0.38700944845828,-3.054932130668974,5.0310547563213035,-8.456972529091633,0.06584834597816747,5.370112993551757,7.9865566547974485,13.061094897700459,7.259707322939002,-10.711753627865509,2.7703898833886385,8.401502629361074,-3.62092140918409,-1.7739987664041144,-0.834030253687905,0.6276387503638157,-4.404192833698169,6.778199678131152,4.566590307244075,-5.073608420734446,-11.399620100408285,3.3608110883628655,-2.075482446244011,-3.888649059644451,-6.61506035813252,8.49804385277105
6.48808662853377,-0.9612011111027283,-3.870564688008316,-6.3391288976353835,-2.913143936026354,10.722356709365084,-1.138773838674108,-10.798822414588459,-9.118301830917174,3.981555404356838,6.811732896695313,0.21210069886934158,-3.5903327906082403,15.638135244392007,4.050560545220382,-3.009683587664919,-5.276067044095002,2.267344099732945,1.0325206302384267,-2.2895281337178788,-9.753432310596649,2.3318837766228397,-9.094554398860561,3.454533964382195,-6.645266036818019,-2.2019383481773747,-8.538913120647278,-0.7537991241379753,-0.37513388900637723,2.4683165439840113,5.408072243582653,2.7415503385889792,-10.711753627865509,-3.795458474034045,-4.702250642027001,12.256247076087364,-6.075091121713162,2.6710140641277875,0.7537964094928327,-5.343609070949419,-0.15520124867597873,7.313880764104438,2.2551335119560454,-5.914269328489118,0.3391259026369108,5.450543392983647,2.1853246443409584,0.8110218700110094,-11.47200547194257,2.6554719854682736
9.104045950237628,2.303751953799482,-0.12171208331666583,-0.28705097737235064,-0.019140910380434584,-1.0761519382738487,0.04060939032198327,-1.98931591171016,3.992275554352462,-0.4540327966546046,4.145213941009815,-1.6080794882859473,-0.09251124817225764,-7.326475037288503,-2.266255479407575,-1.3042114591246916,2.701135131932564,-0.21379957257849083,0.07168447285515289,-0.04069066868462201,6.078613056106169,0.060370786221425,-2.4432476767728266,0.5924620821262107,0.7671232939013832,-5.400062497785951,2.469779481524389,5.9128775970209055,-0.031544168021016894,2.734061505785551,-0.5160168426010088,2.538190679598793,2.770389883388638,-4.702250642027,4.992141464100115,1.7275204702058313,-8.013120184898362,-2.703376734447551,0.9700136975336188,2.323872554633123,5.400109500236107,0.38572245844543895,-0.02198503512828731,-0.01827448507567281,-0.6785221178039067,-3.093776449192374,-0.1293875656958028,3.859973950787201,-3.64564004872435,6.74410673614309
-10.509693221253768,13.827008044058847,5.644499604619205,-0.0542401072894656,8.782208743635282,-2.5737616409253405,-3.6590007385447185,8.344701539661035,2.811831798195328,13.996699640144097,-14.073802415299046,-4.979825214711889,-0.5750179328062652,-8.796656162828212,-8.865920731066526,-3.9057271334151036,9.332467582223108,2.754093176807843,-2.762533829964374,-5.383649209934537,-5.4190255253120565,-3.7199375283606564,4.1457198872635335,1.0382595472615372,-2.283144766205999,3.8869844569765877,-6.031167492477662,5.583139652921375,-5.793760601373996,8.120620396354362,-1.3305143362085599,3.5295451514465492,8.401502629361074,12.256247076087362,1.72752047020583,12.684371037495836,7.99274792741391,8.664338145197036,-2.4984633684633204,2.424669531858333,16.23401539408939,-1.5975420989657518,-3.302380453419954,-2.797071432373615,3.8644042511658023,-9.305694707547152,-1.3116129439346946,2.6007879718298654,14.00154394155963,-6.860101388696908
-0.6061875852083906,2.980084578974468,3.873101796846691,-3.00889298131262,-5.81142792127695,-1.070813335537872,8.025467284674328,-4.7884822186491895,-12.882166086756852,-3.714401538106822,7.516793942915885,-1.749112453655325,4.925869477136731,8.109930244666398,0.7939346341304123,8.23461827951737,-3.501064443874225,1.7624941902067761,-0.6975142021520494,-5.627194402125228,3.4983479364940155,-0.5478593121907771,-1.77036880554424,-5.361558763281686,1.8444487327501224,-2.3828853914838177,6.104804585411333,-6.3436640192655664,-1.0103241821827682,-9.312839805937099,2.3975731835985052,10.746874223342793,-3.6209214091840902,-6.075091121713162,-8.013120184898362,7.99274792741391,-4.035697370412555,-0.12671847457591962,4.447393292028654,5.678382039075064,-14.566482257277611,13.850103054381762,-3.167952379643596,-2.888806567136613,-9.78402430007945,1.231344706661359,6.853874921806122,-10.661781971446267,-5.712939639221916,1.2472230187260551
-8.17699565287297,6.2471978977597935,-6.07597907408291,0.11998574253020755,12.430365916831862,-13.919688227877353,0.6142559328913749,0.34224529508389967,5.535445338068903,6.113702295015574,-17.991493017542556,5.6523976898717025,9.53576933562821,1.6121062794142778,1.7721027260428355,-9.292406622234347,7.384695149908264,-2.944540442335746,9.848097107961795,-2.038865356880533,2.4062581588187175,-11.51471446383109,-7.2182943564608975,0.8041838145934386,10.635158078818973,1.7071509123524575,-8.49204820955343,0.5696068036084224,-3.7910749462145774,10.821916849260628,4.038099446278947,-7.9705134967118045,-1.7739987664041144,2.671014064127787,-2.703376734447551,8.664338145197036,-0.12671847457592067,12.929181348877961,-1.0382160621344587,11.172609019709325,7.110655336691435,-13.2109049662431,-0.37506051640539195,-8.72644776582209,7.1216511351212795,3.15849659301122,1.2276992445788688,2.299369053023827,1.4122275285310688,-12.11514523898363
-3.9473773355418698,-2.773491039257191,-0.25203423615329085,0.18067972852171454,-2.5532502846854923,3.9293443841534974,0.35985566727793195,-2.179007420971524,-4.6148342494872585,1.833287012640799,8.150360038050655,-3.9974508282176093,0.3023268027933949,-1.6081603382512373,-4.674716798058458,-9.236938192869138,-5.78043107476246,-0.3794690285231331,0.14293984763174783,0.2696443669949278,-0.31876388745368844,7.0764789666200025,5.059857903974898,0.35440185301859994,-1.4616889174976304,1.4308343421497574,-9.900526160849717,10.493010599962162,0.02017407960272899,6.835774547062028,-0.17197918893539726,3.749220519017335,-0.8340302536879043,0.7537964094928324,0.9700136975336183,-2.4984633684633213,4.447393292028653,-1.0382160621344587,4.473032577719081,-5.557972231121722,-1.9407003312974467,-6.968123055303731,0.6674438963449715,-0.3907804434111135,0.6269154273064379,7.831546411526542,-0.3936152516381469,6.2082373119494605,3.6131712847514548,5.88692840017025
5.783249950386598,-1.921540639688314,-0.7970521115226994,-1.346960084232046,-0.018772893027296678,1.1402384069584661,-1.1802816670601355,-8.961400834721742,-3.1015758251695775,-2.34570509252116,7.733236790076765,9.742660636336236,6.270478841143264,4.4901070981890925,7.5510265570157955,1.0384411180607955,-4.869690781631346,8.791889203040647,-2.48367565807785,1.3125569181846863,-11.453773986062515,3.233481499916171,-1.461949794424427,3.542202318592185,-7.809831679534745,-6.457409001823167,1.9356332193636638,4.881916708204192,-1.7867257179105807,-9.687831349104092,2.3708766814241713,-4.176523731991817,0.6276387503638149,-5.3436090709494195,2.323872554633123,2.4246695318583336,5.678382039075066,11.172609019709324,-5.557972231121721,-8.293729988583792,-9.291785125815121,9.013670882361698,8.829694825006657,-8.478402062857295,-8.45937137582641,-1.984793080264693,1.9747878047762453,-3.3836834620403926,-5.374557817787522,3.5950667348347882
7.0808943604105075,-0.40329352631072424,4.605253191603723,-4.533373571915583,1.2228741467993771,-2.842126492297286,0.07003592884763105,-2.5151628182343773,-12.944914541231025,-2.306761986819391,5.8267539147070515,7.131085304904285,-7.905421064116315,9.322405776876657,7.3847333285114045,-0.7831746936389739,-9.57208694916049,-4.376931139504483,-5.709512628282784,-3.2964000920903653,-3.6243805405047347,11.857775182236638,-0.3774712731590688,4.715953349512437,-4.552264993443062,7.863740770454424,-1.863230048212517,-0.10406518031943715,1.523701717801837,-0.41633810485236467,1.1753051258192497,12.098913571343598,-4.40419283369817,-0.15520124867597762,5.400109500236107,16.23401539408939,-14.566482257277611,7.110655336691435,-1.9407003312974473,-9.291785125815121,-2.2606622191362655,5.85583471737374,4.596366511577441,10.013248142664999,-5.74754871859221,-3.9305601001999917,5.652738985760394,-15.19654424361992,-12.294595026481511,-3.4900286186691862
-7.144506575636761,0.18451365839210288,-4.90875941825094,-0.37060123683175317,-5.183917022302248,-18.444650226521905,3.3751030005610883,7.561219948216264,2.0288859857205734,5.943452496836884,-0.1920004026739401,-2.690476151764603,3.957275251068156,-9.283681138327085,1.4370060804516127,-11.246858202784553,1.6969173131605428,8.745734262080097,-8.731575963563312,8.615543985602855,3.892752452037354,-0.17493808994833215,2.7502654198911602,1.4426161913009414,4.6786235375294964,5.2415057919176204,-8.675599913841015,7.7084141162384485,2.5834940905464467,-3.6660191578087726,1.1346346834312417,-13.829851012171215,6.778199678131154,7.313880764104437,0.3857224584454379,-1.597542098965752,13.850103054381762,-13.2109049662431,-6.968123055303731,9.013670882361698,5.85583471737374,0.8459684566618133,2.07862702152023,0.650173326277556,-0.41379905552931506,-12.730411548682413,-4.638409773563589,-5.214919259047312,7.128225534479783,-1.956978040169093
0.7547732351689047,-0.09505559362518884,0.07024481370646818,-0.49855937146663365,7.36119893751115,-3.3149069652598993,0.8273094421654844,0.5173922898447917,4.812767758660246,-1.80594767822169,3.01773950097321,-5.800891018016392,-0.5895042495768281,-6.948888887410086,6.079354812616367,-0.9639093540881412,3.6031192119475355,0.43957429593328745,-0.08182832270469809,-0.28481687728588967,4.353748629031382,0.5223421674082787,-0.2974775209500644,-0.47899278233559495,-2.914990037584878,4.084336853960389,-0.3405048946925586,-8.092590338543463,0.09159718984661103,-0.16538749180147325,0.09862449056847905,-0.7312542543528456,4.566590307244074,2.255133511956045,-0.021985035128287755,-3.302380453419954,-3.167952379643596,-0.3750605164053926,0.6674438963449718,8.829694825006658,4.59636651157744,2.07862702152023,5.06009143537797,-0.32334078923092974,-1.6066699810937077,0.03327113965996764,1.017495259224393,-0.32149017599694957,5.681881107534674,2.835872876012914
-2.2728294008199366,-5.850844580320241,0.03303036285420852,-0.3929327860860449,5.47296198828651,-0.0970523018494196,0.3106946116787369,4.279076145034299,-2.1368898956577187,-0.8361418631161606,-1.0218046963372922,5.632103534396652,-0.09554550690002539,7.94485619899447,-0.6167531024158328,-7.2485474058272805,4.664234065491847,-0.008044164804187681,0.3815101528166599,0.3401101834759779,-1.471891780783652,2.106800327415494,-0.9824363836808849,-0.1826230212583564,4.294478783361881,1.2472425794417816,3.4523855824955425,0.07003969178254203,0.6317536215927858,-9.365956078135879,-0.1591766310706435,0.5916292534549895,-5.073608420734446,-5.914269328489118,-0.01827448507567242,-2.797071432373616,-2.8888065671366134,-8.726447765822092,-0.39078044341111373,-8.478402062857294,10.013248142664997,0.6501733262775564,-0.32334078923093035,3.6478942088089608,0.4840514387528886,-0.385120636236308,0.1958560721235723,0.26408745491803925,7.673261998482145,5.470548360557192
7.842022378884499,-1.065518285230914,-8.309011118109026,-1.945129850749216,-4.412635628521185,4.828804374896168,-0.25438620778774995,-10.88740193770034,6.09979600154781,2.6331721943982673,2.069847353634182,6.614893872092217,-1.2816497007417214,9.160248655131591,5.063010874904736,10.104048928585035,3.1041055347782356,4.308599196199561,6.527132255215143,-2.6880346318085033,-15.689275707612602,2.779697627983743,5.636715371376313,5.149642177153071,-3.3402132123319563,0.9944936453994825,-1.9323797854854496,-8.118894346491667,-3.8060884178973913,-10.034333711273183,-5.383623441295459,4.9248674290830206,-11.399620100408285,0.33912590263691056,-0.6785221178039073,3.864404251165802,-9.78402430007945,7.1216511351212795,0.6269154273064386,-8.45937137582641,-5.74754871859221,-0.41379905552931584,-1.606669981093707,0.4840514387528887,12.369699577315481,10.325547978898753,-2.62181903087789,-9.57656437994235,-4.590212073340583,6.261157175241344
-7.489163486113555,4.97427700030615,-0.26940088137476326,-2.771361517178847,-0.18416563978705253,-8.25000862377479,0.4551006398939896,3.460371172480653,3.2741811966513246,1.2117991507260022,-7.420336692190775,-4.45388158662416,-1.32059853120004,-8.868626554371588,-7.038688563289552,-11.778604957643282,1.8559258854922496,-3.401933077131834,2.8662308072196105,-4.237779797367722,-4.612667397747032,-3.0258989767317006,5.181405709765351,0.4007223669179398,-2.2563724410895025,9.7598288510443,-1.7583520561441428,13.08928222166044,-6.200113889286223,6.992766415921323,1.1661791030594204,-6.253333218760956,3.3608110883628646,5.450543392983646,-3.0937764491923745,-9.305694707547152,1.2313447066613592,3.1584965930112205,7.831546411526542,-1.984793080264694,-3.930560100199991,-12.730411548682412,0.03327113965996831,-0.3851206362363073,10.325547978898753,-0.6948812218728015,1.9507566785717319,-9.384143244850607,-1.8830067751065962,1.8816508162021828
1.9320874411015052,-0.6517045337171676,0.5863269252485683,-0.19467667657156054,2.372459354557595,3.0771447560352825,0.39335462852169584,2.070115534450968,1.0153476909558434,0.8872714583004598,2.8440876088336062,5.192959941644418,-0.19886739134860387,-0.7465285220241158,3.8473924544886025,10.123467798190463,1.2531881131619351,-0.43595273399449286,0.13018268360837978,-0.14556020822063398,4.512519376883715,-9.018440821510067,0.9623044884433644,0.07625867799235586,-5.046426296819056,2.9256503394421696,-7.585634723413342,-1.509956464568763,-0.2558001778937672,0.8471296959092983,0.04840521538651432,3.298053215776868,-2.0754824462440107,2.185324644340958,-0.12938756569580315,-1.3116129439346942,6.8538749218061215,1.2276992445788686,-0.3936152516381456,1.974787804776245,5.652738985760393,-4.638409773563589,1.0174952592243933,0.19585607212357323,-2.621819030877889,1.9507566785717316,4.409382091685167,0.7681442697583577,-5.056093407972742,1.3251484244430944
2.296356806013653,-1.5951793289350777,3.487591823644306,6.604887906178815,-12.443385523651322,4.951868437665129,-2.056747656132887,-6.797933316569702,-11.300399266582296,2.705055922548593,10.879417353677708,7.813195388343215,2.414742487335968,-0.879345630471384,-2.428095575697945,16.39783821289866,-1.5397730744136815,-1.6770785901024718,4.172640989543822,-2.7439211435250197,0.273935802716062,10.019574221520328,-12.184221011760227,-6.097785789896813,1.7710078647275829,-3.8379565916646836,0.49687608558947094,-6.036419597706155,-0.055190740044567824,-9.175998847663573,4.385645464559981,-1.2167340052708298,-3.888649059644453,0.8110218700110086,3.8599739507872015,2.600787971829865,-10.661781971446269,2.299369053023828,6.2082373119494605,-3.383683462040392,-15.19654424361992,-5.214919259047312,-0.3214901759969498,0.2640874549180397,-9.57656437994235,-9.384143244850607,0.7681442697583583,-11.45436765914857,-2.7490588527266313,7.262464867058456
3.4686153318913937,-17.01565497626348,2.559268617513986,7.82439289908945,-11.949941664922132,-4.1229005324003785,-5.980678508613742,-0.8246121335267145,-0.5985916928367774,-3.831057405971465,2.8871352727671002,6.333153544835041,3.4020310101362954,3.8468699350667475,-2.782843861887387,5.232965577907434,-7.3552270416978525,0.6854777797668146,-5.9657538886829355,2.987317875581464,-8.63611077822245,7.925300053488508,2.11178309932743,-0.1254321527922737,-2.8128919259839518,-15.296091654209167,4.787716618973683,0.5632482437177878,2.1073444595605557,3.002070920696242,-0.26232737633282693,-2.58341308231595,-6.61506035813252,-11.472005471942568,-3.6456400487243497,14.001543941559632,-5.712939639221916,1.412227528531069,3.613171284751455,-5.3745578177875215,-12.294595026481511,7.128225534479783,5.681881107534675,7.673261998482145,-4.590212073340584,-1.8830067751065958,-5.0560934079727415,-2.7490588527266304,12.985967858991708,2.2227911722252647
0.05547890184147625,7.0266504513224355,-1.808044738882206,-4.673331947066528,2.2622296424294985,-3.605606471119601,6.808873873309953,12.061830249993726,4.969044586407312,-6.084503340649779,-3.009665890468634,-13.07873701109099,7.232478280588652,-8.8410595654207,-5.828793244274938,-7.007174167757306,9.277090804188205,-2.8705072794779234,-0.355228988005033,3.8644797249262046,1.0908061440892356,-10.890294670313065,3.435845767768896,-10.36817607555175,6.124576776997822,4.342463898647066,-4.335197981496244,1.6190977000592335,-1.1863334445471163,4.452997074602765,-0.44749466831802176,-12.13441607203048,8.49804385277105,2.6554719854682736,6.74410673614309,-6.860101388696906,1.2472230187260553,-12.11514523898363,5.886928400170249,3.595066734834788,-3.4900286186691867,-1.9569780401690933,2.835872876012914,5.470548360557192,6.261157175241343,1.881650816202183,1.3251484244430949,7.262464867058456,2.222791172225264,-6.5558584994301174
