n
50
c
-145.4742697054037 125.21163923174548 191.7474789736189 171.6804395980927 -219.93089968561213 -157.2439348502743 167.5552613615385 24.11592289964742 -214.50832773525136 -157.13018650230902 -15.390837318366057 -26.449404125766975 -153.2624155379437 151.2721895471478 -178.95574240057422 -10.110089079693612 -224.91532669187518 -185.54710059747737 -154.1009058203143 149.66242986178423 199.29972551471437 7.790214148892825 -119.55460208654227 135.3143316474283 -159.08834943857394 8.755720910756537 -186.78474750045706 203.16272707470574 -6.692643896501382 175.37269011456317 -20.857537157691183 -27.628576820756244 146.64654946200596 -165.71188977138527 -184.6234481457329 -19.080943464750714 128.62634209029378 2.651837582469364 9.709599256704955 -164.34433882839588 -1.694481679614083 119.9361916842683 -133.56023217441808 178.8404650095115 -1.4029044856464972 181.58465428868163 194.5019786901261 -7.978436242054432 -167.9687058391345 164.22839129879398
Q
-4.638249240494275,2.46094836856886,8.439408416702959,-3.1229269307307543,-2.7671637911986524,-1.5062033523612226,-1.1064488850479792,-8.84078079554869,-14.816778699014494,-4.648417558601894,5.028030730424466,4.574791337101495,-4.057079427319572,3.6817427315001385,-7.299095859543139,-6.655315486606038,-3.8380904677738026,-5.552191212000897,-17.992913296426238,-5.173430484092717,2.534118446646789,-3.0683673778448,-12.211215289145798,10.167021042217836,-1.9701836970139401,5.337759665457113,-3.6449522734705035,9.099559698816673,7.6566047284588885,0.7006023814102214,4.846545221851237,7.6746143949359995,10.868152970493119,-4.716307896565121,-9.328417771124618,-5.299275781248062,6.587393024058543,-1.3662407074853444,0.15924204088431948,1.9688686837220486,1.0086634703493418,5.824290131300775,-8.023801584172451,-2.072591561821851,4.935567753129378,3.8930809935355946,6.420241471839466,-0.6696266424163758,-5.19704527062092,-2.790217117767118
2.460948368568859,-2.3762419486229005,-8.156255109636648,-6.073808162106631,8.479779759683751,10.383826271183162,-4.4354788829394485,2.798393432541946,3.8404590108091146,10.296922881415,2.617115994798242,7.037550146238355,3.090187511447906,-14.711645314254813,-1.655440041193424,0.06922742491209705,2.105408289456884,-2.928096003840126,2.1522744422218634,-12.687757242395499,2.468848131025612,-3.7016325547199673,-1.3024150998227895,-2.4037708713557824,14.315716419295772,-7.913500888526003,0.30620520916169425,-2.954152124314898,-1.1148961173140057,-16.49024164902362,3.10283091083853,-7.405239004378409,1.1817051851247935,4.685835253085289,-1.2593289391371725,-2.2663136375783335,-5.62012568033155,4.64321835457302,7.049620204713857,-0.4730272601043384,4.953259706885427,-11.05640135295713,13.955858719641006,-10.475197368964219,0.2008184463000633,-1.9110170248308036,-8.107894188710528,3.9094012092280463,9.058744644924394,2.025943304782391
8.43940841670296,-8.156255109636648,2.064850440277305,-13.900978230689098,6.117185049853618,1.8695329317943996,1.1553061087659904,-0.7532286630218799,16.646306946507686,4.972710197917635,-10.254063388270938,-8.010587799453928,14.594283545329693,-11.232623707405015,4.814592666881016,-4.400649102656133,10.010951602938007,1.5314163961012337,-5.659664787577551,-2.9103885133239435,-3.2701334527868284,-1.2303605357556038,-0.9552364228746906,-5.429683704000371,-0.19025240702454765,8.499189829779068,-5.284188376581721,-7.64295998923822,-3.9286374511720865,-1.5874540283730507,-1.0316850571047662,1.9888239043570142,-12.568231315333424,2.336889593613117,-2.689611470167459,-1.4447078149095924,-8.119914978850899,1.2962532323559979,-1.338630174650755,9.79396398336237,-4.2961636071758065,-8.448293336505577,2.295902842422629,-14.475758498668736,4.480941639494031,-9.914359387004945,-5.185798384174809,4.275547784772961,9.021585935573505,-5.556976223433294
-3.1229269307307517,-6.073808162106632,-13.9009782306891,-4.718950713038246,11.582885410814413,9.204457755603515,-7.24741290845915,0.9169526868716491,13.738393983798211,0.8428615943040051,-2.504333509775938,-1.0097226324908617,-1.1334692884295074,-12.890549600037389,1.83875990128884,7.44302819575759,3.5433771105894842,-0.056355942930069125,2.2807969869971587,-9.752078510062557,-13.77722955296786,-0.5451446325319057,7.48399974105752,-6.996150386298201,9.148803584129782,-8.927074049718213,4.302786889627835,-2.735970172444003,3.436795835653989,-0.2749753962448532,0.57331285752421,-7.112099182204963,2.9514550980183785,7.895096030669936,8.245784680842105,4.888091563716579,-9.093534513460579,3.7800119686198905,-0.5933696974598581,-0.9972208585986282,5.998670475888002,-1.095262594058116,3.898552375788432,-2.133254627329727,4.427546112324013,-8.038967191733672,-10.618375529375525,-3.554562963553181,3.7139335840550385,-11.919614258338566
-2.7671637911986515,8.479779759683751,6.117185049853619,11.582885410814415,11.79388480591729,-4.188870490362991,-0.6017691070732194,-1.1383406657509592,-0.08121602297332231,3.358553074444428,3.404964358002906,-3.2948895430682716,-1.8414895598576437,3.8708140621824283,-6.454493558762571,2.6321755784493344,-0.61520531512294,-14.84623063998089,0.03337146827876203,0.2321392479735288,4.708095288676144,-1.1393325013808988,-6.323987205671403,-1.8699839322019498,-3.289776112729407,-2.9242240097087775,-6.397424679433051,-2.1885784818312413,-6.74638354250055,7.4096731585509,2.0644838045572773,0.686366921202055,2.018820923074654,-0.7902250498303978,-10.956199119182235,-1.1599446640696107,0.4551148746234336,-1.783951228463045,5.0357854481846145,5.921808027323139,-2.09041468897877,2.876521740377406,-7.298408235645771,4.10204935141008,-5.630205460666277,7.694311552120336,6.89544341348878,6.537935189579144,-5.40812108824508,3.94966781318505
-1.5062033523612222,10.383826271183162,1.8695329317944007,9.204457755603515,-4.188870490362991,1.5148532113882531,-3.6870095157802445,8.449935694168696,-0.9950553147035262,0.6921879736719148,-5.741163279608102,1.4665775545184658,6.6224341041459125,-2.1194358763072727,-2.4239729942776522,1.4397339094347483,-9.989661850208478,-10.69105546610182,-0.4437538257840663,1.559212116500612,3.726886506265238,-8.156685672264356,-13.624879971958837,7.386868673774639,-12.656649721364943,-4.126883523548232,-15.492887178781354,13.944292681564232,0.4968706578315545,4.255020066273562,1.5205493988994228,6.846574020589926,11.407326559948714,-8.852181928563429,-11.642214431282287,-0.6524114466394721,7.978523873517588,-3.426898569520418,-4.296789250428566,-9.552148050871708,2.8176300490479225,12.489730664049079,-0.7367135990269156,-8.146896469533235,0.555102326137034,-0.12151227480088309,11.627011701716185,-0.41381723614975674,-3.1404820849165924,-7.305251411905546
-1.1064488850479781,-4.4354788829394485,1.1553061087659913,-7.24741290845915,-0.601769107073221,-3.6870095157802436,-14.682668204376338,-3.6034503092102415,10.109805113908884,3.8795693389083934,8.706346358745892,0.33570315917059546,4.890773319897085,-5.774503509827718,8.181108196607717,-2.5024804298751366,15.324639556788737,3.9697575490797146,6.854071683281627,3.2881625968538977,-12.284633436552602,0.12235822108649243,-5.233347616974536,0.9199309052580551,10.967146663304472,-2.0118582203447173,2.5658630457061546,-7.226984898641653,1.3749038263588858,-9.350856308426323,2.220713793718479,-0.8656888859599927,-7.538453207822217,-1.8415670996912934,15.550640303549445,-5.54598469278374,-4.474446891449573,0.7146513371023623,-3.912218629481082,9.249941921401579,0.7376085370597312,-8.930837053544789,5.696124048036073,-1.6873481292091936,-0.9925602157754289,-9.73985186276257,-5.9343269507942225,1.9579840282978132,7.1566792942824735,8.344761460258226
-8.84078079554869,2.798393432541947,-0.7532286630218794,0.9169526868716509,-1.1383406657509565,8.449935694168694,-3.603450309210242,6.249346380140784,-8.06485834458537,-2.486165125412066,0.23420999372616833,0.11190132584799806,2.6839610504851636,3.1590705957543257,-5.856161355928585,-0.22865217360062437,0.6983552550033437,4.798288435329294,-1.2541573763944327,-3.9775119841507727,2.45405291341742,0.43396546142545817,-6.350452953364882,-5.466462217118508,-6.88833745025467,-0.3564697541262564,2.928601194733556,-0.2625334852534571,0.32202969201620213,2.078400717600687,0.058558532406874794,-0.1626423103852791,1.0839554574219148,1.8559368277389612,3.2303037120648956,-0.09672044677640806,6.001134843142728,0.20699156584969824,-0.07271202686511025,-4.466004569377576,-0.37518501496426904,0.26109924282603814,-10.346498660293198,-6.536070190602255,-0.043764813253259094,-3.019648311547674,4.839860916532822,-0.11018990936066853,1.534943720487706,-5.273299713887582
-14.816778699014494,3.840459010809114,16.646306946507686,13.738393983798211,-0.08121602297332287,-0.9950553147035264,10.109805113908884,-8.064858344585371,5.459340289869848,0.08448166429356396,-5.216606361768363,1.7170579034822957,2.3598930792217407,8.182589463887073,3.711839696966204,-6.976173379485785,-7.861363986713518,-6.485853844789668,-2.9869245801704145,-3.461038223796291,12.48895325430023,5.050572479891587,-13.33006892994989,1.793026775549037,-1.4750437436744996,10.034057450748161,-5.584792300165228,2.3286064218485762,0.7725874090261191,15.173219887694065,-0.6998198418977557,2.8134669246427775,10.79979983215306,-4.4493500546310365,0.3394940000947877,3.9429172551766762,8.486990777545794,1.4451708245547934,-9.64633055718428,1.5801344476265728,7.4681323731951785,0.059928518234768635,-15.724126944841816,7.3410654289700314,-3.396640464930316,0.841156231216284,11.135029692844316,8.756440035339093,-8.869705129206336,8.915902184463416
-4.648417558601894,10.296922881415,4.9727101979176345,0.8428615943040045,3.3585530744444254,0.6921879736719153,3.879569338908394,-2.4861651254120662,0.0844816642935644,6.399511849609622,6.000326684305516,-3.3162957678688785,-3.029429835635972,7.386041126781905,-7.608865072655897,-3.0803550506759634,-12.638026531521856,-5.275630649231371,-6.348427140620985,9.634773932869704,9.705787238136434,-3.6292307174714766,-14.680686032017123,4.993373706360366,-5.426316342361987,-5.583731207768574,-3.4889708834166133,4.8809919327149895,4.364255875375344,5.1755167849273365,5.141698424895772,3.027835686851466,-3.6981027039795973,-0.8375251530697758,-4.324527400193705,10.063239566935136,3.9575666679644064,-5.814280029267131,3.350270846850261,-13.351581524689273,-4.698794032319686,6.3755968967055905,0.6213952420602455,4.380009814737868,1.873315723060085,5.42023280559599,0.44417754706923773,-0.9309218956077356,-4.961738399111607,-3.1682422268983492
5.028030730424466,2.617115994798242,-10.254063388270936,-2.5043335097759387,3.404964358002908,-5.741163279608102,8.706346358745892,0.23420999372616902,-5.216606361768363,6.000326684305515,6.09332130203059,0.2747548271727721,-0.7089193969414946,3.552721468377545,-1.334019845613841,0.5799039681027031,7.6722209167658875,2.1847584692700655,5.459831020604936,-4.942815096283618,-0.7502417479807943,1.074443199246439,-4.892550929410026,2.697026852769094,1.0733406476654577,-0.043607143369882695,-4.238700286586125,-9.090948584086226,1.1601401355333603,-5.208964616355204,0.18199058441351385,-0.4299022067574619,2.7190396317302863,-3.5491474796728424,7.949390214710685,0.06896379274249409,-0.521687626277932,0.051762316953052334,0.5363771538332509,-3.1012103807046305,-0.5850679769578265,1.6335889719617445,-0.46683541716357413,-6.166191121134148,-0.5393558114461328,5.159118709259836,-4.726592359800628,0.2993237495666248,-0.7002236091545273,6.247187559876775
4.574791337101496,7.037550146238354,-8.01058779945393,-1.009722632490862,-3.2948895430682708,1.4665775545184665,0.33570315917059623,0.11190132584799778,1.7170579034822964,-3.316295767868879,0.2747548271727721,5.360645905957058,-0.9406928555785427,-0.2066886205614321,3.261103558591432,0.0770004850417394,1.0041054598876058,-2.4631509836713756,8.009953637417857,-4.603502123650569,2.7487567845751215,0.10464390367312254,-0.5936910151899994,-8.015268379583532,-2.6112285749877007,-0.7238639043033663,2.949226023477019,-1.2520144737177588,0.11720691512989534,-0.28213278667108765,-0.3422742648287008,1.3222483563751255,0.12029233186124477,0.7077444078377493,4.335755186858192,-0.4199590008621952,1.3236540268711008,-0.5526287913518237,-0.4304780077328758,5.50612448716622,0.964327400390852,4.769950044892507,4.675454672021155,3.073689254159692,-0.08228004314957493,-5.018130908972434,-7.202694466164088,0.7468002126480555,-1.1642151321500913,6.207478162055487
-4.057079427319572,3.090187511447906,14.594283545329693,-1.1334692884295081,-1.8414895598576424,6.622434104145913,4.890773319897085,2.6839610504851645,2.3598930792217403,-3.0294298356359715,-0.7089193969414951,-0.9406928555785428,-5.766829558467108,-5.068918984028107,-7.868345715648612,-4.712443220126844,-1.8275008343211656,-6.0931309012786965,-16.799038219030855,3.6092651279618595,-2.5403853787871458,1.2272785936163686,-11.61157393391308,1.5384614650828459,0.692661996861723,-1.5997849347369928,-8.40137479726596,-0.1753815905103156,0.3464691722762042,4.499935186026567,-3.2061644540969976,2.158991574194189,2.76632010514872,4.282987677450439,-2.634768125857886,-8.03037406083735,3.038549532195665,-3.9465238765463333,2.342576759296749,-6.566762452871587,-3.748441844653249,2.786542259171346,-3.136323243076796,4.4296699351611215,9.736246972676954,7.935955145520901,9.698177509147937,7.00267450504726,-8.098504936968078,8.051104249220048
3.681742731500139,-14.711645314254811,-11.232623707405015,-12.89054960003739,3.870814062182429,-2.1194358763072736,-5.774503509827718,3.1590705957543253,8.182589463887071,7.386041126781906,3.5527214683775457,-0.206688620561431,-5.068918984028107,8.525719103940556,1.3719186300957962,-3.5378896941467595,6.770683331042023,10.481996110880932,4.359512023237245,2.151031444352035,-7.780306319831292,1.9599752343347954,11.566172837842398,-6.129298925756975,-5.030716414498238,-6.730463362318817,-3.2035761610131286,-8.304378890666905,7.123169928200072,-7.4819062124798235,-2.1291312256287562,3.0159000153735875,5.877129939410358,-0.18374696348652342,15.475682227093362,9.1962320503408,-10.641698484929178,5.596478166404901,-2.0738124529468225,2.752990912427947,5.0204688355571,-12.65354577230127,8.145726825200729,-6.964753913904476,7.748690918650201,-2.0382644961128147,-3.540245125374602,-1.2244331576732026,-2.2753475758155597,-8.136291147979714
-7.299095859543139,-1.6554400411934251,4.8145926668810155,1.83875990128884,-6.454493558762571,-2.423972994277653,8.181108196607715,-5.856161355928586,3.7118396969662046,-7.608865072655897,-1.3340198456138412,3.2611035585914325,-7.868345715648611,1.3719186300957955,2.0144151721815247,-3.0613495159238515,5.0108616378812005,1.2992426898091822,-7.321557917751466,7.951096822939394,-0.7276380761059813,3.095979483641382,-11.70857112725152,13.98173033708486,-5.635385009316561,-1.8875019819163317,-3.208264014648301,1.9517960953551896,-7.5862577437139205,3.7153980987896196,-1.6336290727249787,8.704899755124178,10.909410707489881,-0.0624113728232476,-12.899800581941138,9.484375767382346,0.19070186960810775,6.194687030314269,9.720852498877411,-10.323979698168097,4.298473355866015,4.654482789073805,2.609437666836827,2.3559956673656046,3.945444764066245,3.186036924692659,-7.324334453025857,-4.355211388093187,-0.1553165730069599,6.987518197902745
-6.655315486606038,0.06922742491209696,-4.400649102656133,7.443028195757589,2.6321755784493375,1.4397339094347488,-2.5024804298751353,-0.2286521736006244,-6.976173379485784,-3.080355050675964,0.5799039681027036,0.07700048504173998,-4.712443220126844,-3.5378896941467577,-3.061349515923852,5.802084346004468,7.038568729630837,6.409647253196668,-0.4424837761142586,-5.441441369588567,-1.6002245504893355,0.3743110952770499,6.365160120772175,0.5307859300315534,1.719767685923779,0.34481866348764323,2.4437492436050934,6.064742554894243,-0.24898377484473555,-6.574424201270404,0.47152721169892864,-1.0030219812285193,0.9397653144653801,-0.43816985993576296,8.686341103632248,-0.4722058675587978,-2.034324815601477,0.29756043628244006,-0.8738498499958908,-3.218830302405631,0.8834477611118183,0.9736426080032681,-4.7992570305705575,9.770397174557056,0.6531678746121401,-0.9283890987627568,0.2830147280186789,0.5327684484137342,0.910887959856911,-0.16332536912749507
-3.838090467773804,2.105408289456884,10.010951602938007,3.5433771105894856,-0.6152053151229373,-9.989661850208474,15.324639556788735,0.6983552550033447,-7.861363986713518,-12.638026531521856,7.672220916765887,1.004105459887606,-1.8275008343211665,6.770683331042024,5.0108616378812005,7.038568729630838,10.159382646805598,-1.3016553184294457,-9.169130586690056,9.300519445691542,1.5587171098055532,2.078785006194481,-6.180826062973161,-3.344784320057026,-1.239546608319563,0.44851391293106935,-5.684726461246246,9.808350363314714,-0.643114090448164,12.703688768782866,8.371674425963644,0.06183412084395401,0.7056590543502128,-3.384701673902585,-8.419530918695767,5.944374903940294,13.337890278608768,-0.08624216698270504,-5.396848329791299,-13.14005800963847,3.863256978179958,8.381339165412582,-4.815369238698937,10.817874255700097,-9.81524835031653,2.436857639229342,-1.856931248704797,10.120425531348994,-1.0463268096388938,12.087627587080856
-5.552191212000897,-2.928096003840126,1.5314163961012341,-0.05635594293006807,-14.84623063998089,-10.691055466101822,3.9697575490797137,4.798288435329295,-6.485853844789667,-5.275630649231372,2.184758469270065,-2.463150983671376,-6.093130901278697,10.481996110880932,1.2992426898091831,6.409647253196668,-1.301655318429445,7.570787491459477,-8.07906891433654,13.335626870011072,3.7488306261155673,3.5258882871700803,0.13298411577962654,6.838555783679513,-4.924044208249828,2.091644380127214,-1.2008724203879007,6.911154279936809,2.684505395164144,-3.1557159029608695,-2.5737852961074594,-2.9085224126114904,1.085873964760198,0.429079562573879,4.606707152114293,0.7557502261242002,8.23130427824556,3.8130407848856347,0.30360107024277116,-3.382900107887886,7.050175721739664,3.1461484310461563,-6.563763971759913,8.041319871751792,2.985080675907223,4.5833552031385585,1.4532060894520455,0.07745584229478308,-17.468079848527335,12.559437653240074
-17.992913296426238,2.1522744422218625,-5.659664787577552,2.2807969869971587,0.03337146827876181,-0.4437538257840664,6.854071683281626,-1.2541573763944327,-2.986924580170413,-6.348427140620984,5.459831020604937,8.009953637417857,-16.799038219030855,4.359512023237245,-7.321557917751465,-0.4424837761142577,-9.169130586690054,-8.079068914336538,-1.3405729270977265,11.90500385075629,-3.556604302619822,0.6163491142206827,-4.392461608840678,1.669629169656837,-9.913496050336878,2.062834618863298,1.820933339011392,-7.125184001044937,0.5746264679393305,7.017815785845048,8.219234755403845,7.029611489358116,-2.0841491793738576,-5.342948359987221,-12.87891050801948,-6.304991120042037,9.535951924159189,0.13325460971428604,2.8200142627266525,-4.022116884312379,-5.197934905853415,8.596780240284541,-4.298082603696534,9.228463253112974,-4.053578030945583,1.6167343173051099,2.5663201600472396,0.5861844970103312,-11.482328483206128,4.707870516421595
-5.173430484092716,-12.687757242395499,-2.910388513323944,-9.752078510062558,0.2321392479735278,1.5592121165006112,3.2881625968538977,-3.9775119841507727,-3.461038223796292,9.634773932869704,-4.942815096283617,-4.603502123650568,3.6092651279618595,2.151031444352034,7.951096822939394,-5.441441369588568,9.300519445691542,13.335626870011072,11.90500385075629,9.700717968158783,-1.9882889816360905,3.6772408808975703,2.6639754669060074,11.046218481990687,11.157894620471506,7.852880565125567,3.3486858689570114,-3.141589685891997,4.491654463045735,1.9863746876210722,-4.49219830418229,7.787288355277021,-3.1144445082105405,9.133419386756552,13.0811812275668,-8.170452341557151,-9.36070757400675,-1.2918796721371775,-6.209142540672716,-4.0561961485205416,-4.981665476825273,-10.22480052296468,4.754152200997882,3.3178329358294785,0.6325193920358203,-2.7399993864544956,-6.834832135071404,7.126057909825495,8.519834128703556,-4.378682877128475
2.5341184466467874,2.468848131025613,-3.2701334527868284,-13.777229552967862,4.708095288676144,3.726886506265238,-12.284633436552603,2.45405291341742,12.488953254300228,9.705787238136432,-0.7502417479807951,2.7487567845751224,-2.5403853787871453,-7.7803063198312925,-0.7276380761059806,-1.6002245504893347,1.5587171098055532,3.7488306261155673,-3.556604302619824,-1.9882889816360887,4.693985431005596,-2.3300416122128165,10.081453342576047,-3.7669824458756094,-4.5571952322483,-0.4127384503301419,-1.887347855854687,-12.903188289433265,-0.519107658749822,-8.611356777086584,0.02538098393530229,0.06722788024218398,-4.377541343083989,4.620599002026549,6.284201060271603,-3.9601219099937546,-6.789169137358697,2.3787645056776423,7.406058747139434,3.332652214979082,-6.12488266257227,3.0659244277399194,0.8402987491474603,-8.769604531880162,-3.2372862099461095,-8.220841427895847,-1.1690020425476422,-5.050371259447424,12.008610025128652,-14.870173091748203
-3.068367377844801,-3.701632554719967,-1.2303605357556031,-0.5451446325319055,-1.1393325013809,-8.156685672264357,0.12235822108649214,0.4339654614254571,5.050572479891587,-3.6292307174714766,1.0744431992464396,0.1046439036731226,1.2272785936163695,1.9599752343347958,3.0959794836413814,0.37431109527704987,2.0787850061944813,3.5258882871700803,0.6163491142206832,3.6772408808975707,-2.330041612212818,5.4084239644565555,-8.06289743246099,3.787782937279414,-3.847344086203081,0.6378501591787391,2.129921476094598,-3.9760123387854396,0.581471120051088,-7.745521712854682,-0.1159735726445601,-0.45639307048639705,-9.190254462063827,-4.842097571714517,-0.7070588946994197,-0.2209123933357482,2.373834793848413,0.3384128842108459,0.2679844581151476,1.2697525372489675,0.504866302780318,-1.9500068215359347,-3.842383753655677,-3.494777485475794,-0.6498753425270574,-9.984798427181756,4.714827677050161,0.46286792855813186,6.027643344702637,6.497139778793962
-12.211215289145795,-1.3024150998227884,-0.9552364228746917,7.483999741057521,-6.323987205671405,-13.624879971958837,-5.233347616974536,-6.350452953364883,-13.33006892994989,-14.680686032017123,-4.892550929410026,-0.5936910151899983,-11.611573933913082,11.566172837842398,-11.70857112725152,6.365160120772176,-6.18082606297316,0.13298411577962674,-4.392461608840679,2.663975466906007,10.081453342576047,-8.06289743246099,-3.5612675922842936,3.4568821667953564,-15.253290414588196,-7.121325484695347,-3.9643997868771312,6.115420347676563,-1.7940127590318837,1.9523022312769218,-3.1804954958720506,3.613445296914699,9.482665871629635,-10.176116736761138,-5.196025922181698,-0.5423780938994097,8.262460875902118,2.7844451167423943,6.195701257308401,-1.9261145008633491,0.2433664949238341,0.383717635125269,1.8635518531950344,0.6291422293781002,-2.045110565911541,3.9900711585046467,7.407663039101487,-6.021591903415519,-14.632061661903961,1.3154377263021748
10.167021042217835,-2.403770871355782,-5.429683704000372,-6.9961503862982015,-1.869983932201948,7.386868673774639,0.9199309052580554,-5.466462217118507,1.7930267755490368,4.993373706360366,2.6970268527690937,-8.015268379583532,1.5384614650828445,-6.129298925756975,13.98173033708486,0.5307859300315554,-3.344784320057026,6.838555783679514,1.6696291696568373,11.046218481990685,-3.766982445875608,3.787782937279414,3.4568821667953546,11.119587804075449,14.02650475321597,-0.13062807934895146,6.5312688150986755,3.7873806372098135,2.758872626309873,0.8287660989295532,0.976263322750837,-5.09567061160244,-1.038644065141097,-2.7531460813262707,4.0310742920982445,-3.111196591748739,-16.983176809754234,5.694122413552801,-1.7986980765510177,4.417168501156794,1.9854507098152896,-8.776422357305856,11.110975145148265,-4.753743011484071,2.149398657289903,1.2929971903319224,-7.086982680624274,8.426982282092313,9.260465123194201,-2.0651015707942104
-1.97018369701394,14.315716419295772,-0.19025240702454677,9.148803584129782,-3.2897761127294074,-12.656649721364941,10.967146663304472,-6.88833745025467,-1.4750437436744992,-5.426316342361986,1.0733406476654572,-2.6112285749877007,0.6926619968617233,-5.030716414498238,-5.63538500931656,1.7197676859237785,-1.2395466083195639,-4.924044208249828,-9.913496050336878,11.157894620471506,-4.5571952322483,-3.8473440862030817,-15.253290414588196,14.02650475321597,1.1476853371689435,0.7826623961925305,-12.679753929593545,-0.9287695552835807,8.846578627712937,3.5698998139446623,0.21572388352620298,-4.834793007587796,-3.4218724164648076,-9.601313168062713,-11.481247507598747,-0.1699154311449238,0.10786417170087415,1.0272102398408187,-6.228191624506328,-6.658134240456035,0.7004499343473859,13.046966735985682,-6.123687704997916,10.646816736818163,-0.27103959449635606,2.636138147259665,-5.624191586064397,-4.226126379965179,1.9146277352341678,10.107304041708211
5.337759665457114,-7.913500888526003,8.499189829779068,-8.927074049718213,-2.9242240097087757,-4.126883523548232,-2.0118582203447173,-0.3564697541262556,10.03405745074816,-5.583731207768574,-0.043607143369883555,-0.7238639043033658,-1.5997849347369921,-6.730463362318818,-1.887501981916332,0.34481866348764395,0.44851391293107024,2.091644380127214,2.0628346188632984,7.8528805651255675,-0.4127384503301418,0.6378501591787374,-7.121325484695346,-0.1306280793489505,0.7826623961925305,6.179549187015813,-0.18820750444006995,2.6963817976321023,0.9134066855385757,-0.6073103033789694,0.39184425257271954,0.9191636830833989,2.870555646000257,-4.136421133868596,-0.8277998602180294,-0.5528056134785639,0.8619379812504654,-0.8493924959865627,0.16084655989490534,1.3400362560280539,-0.05500277491569128,-4.011967640865981,0.581525487120655,0.8798107417264445,-0.1327524135853383,-2.2392803560775487,-6.934078690020675,-0.5670756755902683,-6.451161899790551,1.3502291254854184
-3.6449522734705035,0.306205209161692,-5.284188376581721,4.302786889627836,-6.397424679433052,-15.492887178781354,2.5658630457061555,2.9286011947335577,-5.584792300165226,-3.4889708834166138,-4.238700286586124,2.949226023477019,-8.401374797265959,-3.2035761610131273,-3.2082640146483006,2.443749243605092,-5.684726461246247,-1.2008724203879004,1.8209333390113922,3.348685868957012,-1.8873478558546872,2.129921476094598,-3.9643997868771317,6.5312688150986755,-12.679753929593543,-0.1882075044400704,2.880277663449659,-4.2567092900573495,-8.978316065655997,10.417288292990758,-4.223042068356349,4.248789698815624,1.7928093569098607,6.461497760208121,-2.809925200561373,-4.775394713459161,19.42902734337763,-3.536540979472515,-8.541412897493675,-13.721669788937055,-0.2126037790160581,10.644746713770246,4.64606854677057,5.351505958530682,-1.1108758272844677,11.041474104278445,0.5024336836419045,3.4912678663149617,-1.5190629702899112,0.2241901261793744
9.099559698816673,-2.9541521243148976,-7.642959989238219,-2.735970172444003,-2.1885784818312413,13.94429268156423,-7.226984898641654,-0.26253348525345865,2.328606421848575,4.880991932714989,-9.090948584086226,-1.2520144737177585,-0.17538159051031482,-8.304378890666904,1.9517960953551898,6.064742554894242,9.808350363314714,6.911154279936808,-7.125184001044937,-3.141589685891997,-12.903188289433267,-3.9760123387854396,6.115420347676563,3.787380637209813,-0.9287695552835808,2.6963817976321027,-4.2567092900573495,3.607147849764339,2.356152745220236,-1.11288706586266,-3.2725581733578686,-3.366757669088635,-1.427471853004974,1.432020113114187,-1.8492558852318832,2.729705576149353,-2.874118120730068,0.7696877318362084,0.6337970366692823,12.485234820579194,-7.528650779134198,1.1910630040097754,2.112263475762335,1.8812715472925958,1.8290658645067257,-8.253673148144683,-11.662055612863373,-3.490370391263299,1.867908534768083,4.854252798553034
7.6566047284588885,-1.114896117314005,-3.928637451172086,3.436795835653987,-6.746383542500548,0.4968706578315545,1.3749038263588855,0.3220296920162016,0.7725874090261202,4.364255875375344,1.1601401355333603,0.1172069151298949,0.34646917227620405,7.123169928200072,-7.5862577437139205,-0.2489837748447365,-0.6431140904481645,2.6845053951641438,0.5746264679393314,4.491654463045735,-0.519107658749822,0.5814711200510861,-1.7940127590318846,2.7588726263098735,8.846578627712937,0.9134066855385765,-8.978316065655997,2.3561527452202355,5.013033006285477,4.525679661261749,-0.18715361948791898,-0.026912770615875437,5.081374060148576,-6.291124152922738,6.775425237461021,0.23036201313098503,-3.2584275907897635,0.6795140369437009,0.22250375241761056,9.455793988503595,-0.41930300184421526,7.0849115708598305,-1.7644755145005409,-1.2899404722129355,0.15770107001178635,5.7666208461679656,3.1638736198309103,-0.37861228394465446,-7.061298595240832,4.424707926052526
0.7006023814102219,-16.49024164902362,-1.587454028373052,-0.2749753962448557,7.4096731585509,4.255020066273562,-9.350856308426323,2.0784007176006876,15.173219887694065,5.1755167849273365,-5.208964616355203,-0.2821327866710872,4.499935186026567,-7.4819062124798235,3.7153980987896196,-6.574424201270405,12.703688768782868,-3.1557159029608686,7.017815785845048,1.9863746876210726,-8.611356777086584,-7.745521712854681,1.9523022312769216,0.8287660989295538,3.5698998139446627,-0.6073103033789693,10.417288292990758,-1.112887065862659,4.525679661261748,12.435196837429228,-7.867202961863763,-1.3758230942468739,-13.626181963817137,8.187007792883568,6.592484907694501,5.608337062352256,-8.0563099683491,3.744875462309788,9.144713213877937,8.854464222915377,2.9000991546036885,0.014883896971820743,-6.54118073514145,-4.320857179093538,-5.766432323954136,-11.940110114348533,-7.334050455476967,-0.631834168741644,12.167972760164819,0.3894835703024705
4.846545221851238,3.10283091083853,-1.0316850571047667,0.5733128575242104,2.064483804557278,1.5205493988994225,2.2207137937184784,0.058558532406875585,-0.6998198418977557,5.141698424895772,0.18199058441351326,-0.3422742648286998,-3.2061644540969976,-2.129131225628757,-1.6336290727249785,0.4715272116989307,8.371674425963644,-2.573785296107459,8.219234755403845,-4.49219830418229,0.025380983935302526,-0.1159735726445611,-3.1804954958720493,0.9762633227508368,0.21572388352620298,0.39184425257271926,-4.2230420683563485,-3.272558173357869,-0.18715361948791964,-7.867202961863763,6.145452525258868,0.22869963079197558,-1.4671943012724205,4.674744223478347,-0.18491938623271476,-0.6141029124136479,-7.751952329574615,1.2413321840275378,-0.15085361066821634,-5.438194398055095,-0.37296443101709387,1.764013095517722,-4.2932369918424,-2.2390399820115037,0.11547292830738498,-6.5257756090361925,2.8296586140067417,0.3540706772158506,7.657600177735945,1.414990218059922
7.674614394936001,-7.405239004378408,1.9888239043570126,-7.112099182204962,0.6863669212020543,6.846574020589925,-0.8656888859599927,-0.16264231038527951,2.813466924642777,3.027835686851467,-0.4299022067574616,1.322248356375127,2.1589915741941885,3.0159000153735875,8.704899755124178,-1.0030219812285206,0.06183412084395501,-2.9085224126114904,7.029611489358118,7.78728835527702,0.06722788024218418,-0.4563930704863968,3.613445296914699,-5.09567061160244,-4.834793007587795,0.9191636830833989,4.248789698815624,-3.366757669088635,-0.02691277061587538,-1.3758230942468739,0.22869963079197603,5.056975343543013,2.4942082702986723,3.3903932548082776,-3.184507923061221,-0.3406866168632582,4.637697842294882,0.12675244101622005,0.08280685369889788,-8.363120159228721,0.6488671273872721,4.065097321936479,-0.34796094082364926,0.6701523577264799,-0.40217835404552105,5.18851660864861,-4.190638864715831,-0.9011253968028334,-6.422874464005869,2.3719264143598426
10.86815297049312,1.1817051851247937,-12.568231315333426,2.951455098018378,2.018820923074654,11.407326559948716,-7.538453207822217,1.0839554574219148,10.79979983215306,-3.6981027039795973,2.719039631730287,0.12029233186124477,2.7663201051487194,5.877129939410359,10.909410707489881,0.9397653144653806,0.7056590543502121,1.0858739647601978,-2.084149179373857,-3.11444450821054,-4.377541343083989,-9.190254462063825,9.482665871629637,-1.0386440651410962,-3.4218724164648076,2.8705556460002564,1.7928093569098613,-1.427471853004974,5.081374060148575,-13.626181963817137,-1.4671943012724205,2.4942082702986723,2.293172145992706,-3.5801810872104207,-5.415383593438926,4.367980244727725,-7.127788990697806,-2.308726657156259,-1.5250702835780685,-1.2916595579618106,1.1300750475476151,6.718284596777683,7.0442094387903715,-6.270344978781102,-0.7675241484865839,-8.449614402633223,-5.454615893948988,-3.7067310401273805,9.695894594003244,6.2727703571868645
-4.716307896565122,4.685835253085289,2.336889593613117,7.8950960306699365,-0.7902250498303973,-8.852181928563429,-1.8415670996912934,1.8559368277389603,-4.449350054631036,-0.8375251530697772,-3.5491474796728424,0.7077444078377495,4.28298767745044,-0.18374696348652608,-0.062411372823246755,-0.43816985993576363,-3.384701673902586,0.4290795625738794,-5.342948359987222,9.133419386756552,4.620599002026548,-4.842097571714517,-10.176116736761138,-2.7531460813262703,-9.601313168062712,-4.136421133868595,6.461497760208121,1.4320201131141863,-6.291124152922738,8.187007792883568,4.674744223478347,3.3903932548082776,-3.580181087210421,-11.252299999706123,1.270352168953574,0.13921062820245234,9.309082556649598,-0.714262843458391,-9.12719407941391,-2.6458610147921893,0.22310600294900929,20.56854294195723,-11.656263181152061,4.236246361588162,-0.9313027997957439,-0.6962231043584008,19.0620704411123,1.923543112729675,-5.315539929676453,1.7154446755466757
-9.328417771124618,-1.259328939137172,-2.6896114701674585,8.245784680842105,-10.956199119182235,-11.642214431282286,15.550640303549445,3.230303712064896,0.3394940000947877,-4.324527400193705,7.949390214710686,4.335755186858193,-2.634768125857887,15.47568222709336,-12.899800581941138,8.686341103632246,-8.419530918695765,4.606707152114293,-12.878910508019482,13.0811812275668,6.284201060271602,-0.7070588946994205,-5.196025922181698,4.031074292098246,-11.481247507598747,-0.8277998602180305,-2.809925200561374,-1.8492558852318837,6.775425237461022,6.592484907694501,-0.18491938623271376,-3.184507923061221,-5.415383593438927,1.2703521689535737,3.63388726338429,1.4783002409836792,3.601056844242964,2.548388028317397,4.882434815100522,-5.146473645214959,-4.765696503645832,2.8101922532491352,-5.866238180273518,6.352195742620373,0.595147711673667,1.3697804912906943,-1.5190744620189427,-10.20481344572505,-4.759913934065759,7.328333828255733
-5.299275781248063,-2.266313637578333,-1.4447078149095913,4.888091563716581,-1.1599446640696107,-0.6524114466394706,-5.545984692783742,-0.09672044677640843,3.9429172551766762,10.063239566935136,0.06896379274249448,-0.41995900086219295,-8.03037406083735,9.1962320503408,9.484375767382344,-0.47220586755879773,5.944374903940294,0.7557502261241991,-6.304991120042037,-8.170452341557151,-3.9601219099937546,-0.2209123933357473,-0.54237809389941,-3.1111965917487376,-0.1699154311449237,-0.5528056134785646,-4.7753947134591614,2.7297055761493527,0.23036201313098503,5.608337062352257,-0.6141029124136488,-0.3406866168632589,4.367980244727725,0.13921062820245123,1.478300240983679,5.267533214014161,1.6407775211512823,-0.3121759914969133,0.2324815923938569,9.453554152635215,0.3215583186959621,8.380852882882412,0.22134072396334448,-1.927478229238651,-0.6880330876939601,-3.382887989269081,3.285824053108949,-0.024566487959676364,3.411250220444543,5.277805220629905
6.587393024058542,-5.62012568033155,-8.119914978850899,-9.093534513460579,0.4551148746234335,7.978523873517588,-4.474446891449572,6.001134843142728,8.486990777545794,3.9575666679644064,-0.5216876262779315,1.3236540268711008,3.038549532195664,-10.641698484929178,0.19070186960810742,-2.0343248156014764,13.337890278608766,8.23130427824556,9.535951924159189,-9.36070757400675,-6.789169137358697,2.373834793848413,8.262460875902118,-16.983176809754234,0.1078641717008742,0.8619379812504645,19.42902734337763,-2.8741181207300683,-3.2584275907897635,-8.056309968349101,-7.751952329574614,4.637697842294882,-7.127788990697806,9.309082556649596,3.6010568442429634,1.6407775211512834,12.161211838523966,-0.33823523767760433,-2.865469137842135,16.419403289626636,-3.4857494361617416,-5.842067824348346,0.8027768216239345,-6.791754568124868,-4.994882105706827,-13.052657682146142,-7.174920254433317,1.386194205941668,13.624521466784397,-14.291672509832251
-1.3662407074853444,4.643218354573022,1.2962532323559972,3.7800119686198905,-1.7839512284630463,-3.426898569520418,0.7146513371023627,0.20699156584969786,1.4451708245547932,-5.81428002926713,0.051762316953051016,-0.5526287913518242,-3.946523876546333,5.596478166404901,6.19468703031427,0.29756043628244,-0.08624216698270606,3.8130407848856342,0.13325460971428704,-1.2918796721371768,2.3787645056776414,0.3384128842108456,2.7844451167423943,5.694122413552799,1.0272102398408194,-0.8493924959865616,-3.5365409794725142,0.7696877318362083,0.6795140369437008,3.744875462309789,1.2413321840275389,0.1267524410162203,-2.308726657156259,-0.7142628434583908,2.5483880283173965,-0.3121759914969127,-0.33823523767760444,5.697834816527786,0.19648680837090382,4.412895606787093,0.5854987696922146,3.439530614344408,-5.5649323207997865,5.239579415996529,-1.618538748998791,0.6463168595044373,-3.122433819840189,0.24622109150513105,-4.857869284892879,-7.148598294865156
0.15924204088431848,7.049620204713857,-1.3386301746507547,-0.5933696974598588,5.035785448184615,-4.2967892504285645,-3.912218629481081,-0.07271202686511025,-9.64633055718428,3.350270846850261,0.53637715383325,-0.4304780077328765,2.3425767592967475,-2.0738124529468243,9.720852498877411,-0.8738498499958914,-5.396848329791299,0.30360107024277083,2.820014262726654,-6.209142540672716,7.406058747139433,0.26798445811514754,6.1957012573084,-1.7986980765510174,-6.228191624506329,0.16084655989490537,-8.541412897493675,0.6337970366692821,0.2225037524176105,9.144713213877939,-0.1508536106682159,0.08280685369889773,-1.5250702835780672,-9.12719407941391,4.882434815100521,0.23248159239385635,-2.8654691378421355,0.19648680837090352,6.223603426740457,-0.9990532735028591,0.5003905186575075,4.714262331561341,-7.5995805368762195,-3.68238540879015,0.7218046969876782,-4.844446699800762,7.229970962003779,0.43790145177544826,2.379006672114893,-2.2000429049887753
1.9688686837220497,-0.47302726010433893,9.79396398336237,-0.997220858598628,5.92180802732314,-9.55214805087171,9.249941921401579,-4.466004569377578,1.5801344476265724,-13.351581524689273,-3.1012103807046305,5.506124487166219,-6.566762452871587,2.752990912427948,-10.323979698168099,-3.21883030240563,-13.14005800963847,-3.3829001078878864,-4.02211688431238,-4.0561961485205416,3.332652214979082,1.2697525372489669,-1.926114500863349,4.4171685011567945,-6.658134240456035,1.3400362560280539,-13.721669788937055,12.485234820579194,9.455793988503595,8.854464222915375,-5.438194398055096,-8.363120159228721,-1.291659557961811,-2.6458610147921897,-5.146473645214959,9.453554152635217,16.419403289626636,4.412895606787094,-0.9990532735028589,5.307367085541406,-3.483724211347963,12.148055310044967,-5.697634451576426,10.591949389734957,-1.6016917354843578,4.20227828637848,8.400233142863112,-3.855844681895922,-8.156844286242574,11.829862479914578
1.0086634703493413,4.953259706885428,-4.2961636071758065,5.9986704758880025,-2.0904146889787705,2.817630049047924,0.7376085370597302,-0.3751850149642679,7.4681323731951785,-4.698794032319686,-0.5850679769578265,0.9643274003908531,-3.7484418446532484,5.0204688355571,4.298473355866015,0.8834477611118198,3.8632569781799573,7.050175721739662,-5.197934905853414,-4.981665476825272,-6.124882662572269,0.5048663027803184,0.24336649492383222,1.9854507098152891,0.7004499343473858,-0.05500277491569194,-0.21260377901605865,-7.528650779134197,-0.4193030018442139,2.900099154603688,-0.3729644310170944,0.6488671273872711,1.1300750475476153,0.22310600294900923,-4.765696503645832,0.32155831869596213,-3.4857494361617416,0.5854987696922144,0.5003905186575062,-3.4837242113479645,6.555545899059011,2.8653633747126914,2.2495301328357433,1.9487009494427048,-0.403640769117108,0.6444000828301287,2.174684986761079,-0.5267086640663657,-10.389247337637725,-5.119852035356521
5.824290131300774,-11.05640135295713,-8.448293336505577,-1.095262594058116,2.876521740377406,12.489730664049077,-8.93083705354479,0.26109924282603736,0.05992851823476847,6.3755968967055905,1.6335889719617447,4.769950044892509,2.7865422591713456,-12.65354577230127,4.654482789073803,0.9736426080032693,8.381339165412582,3.146148431046156,8.596780240284541,-10.22480052296468,3.065924427739919,-1.950006821535934,0.3837176351252676,-8.776422357305854,13.04696673598568,-4.01196764086598,10.644746713770246,1.1910630040097754,7.084911570859831,0.014883896971821436,1.764013095517722,4.065097321936479,6.718284596777683,20.56854294195723,2.810192253249136,8.380852882882412,-5.842067824348346,3.4395306143444078,4.714262331561342,12.148055310044967,2.865363374712692,-3.991203665446834,10.749212368646893,-3.911454277780247,3.6908946660638287,-0.4517067704483073,-8.10160622455501,5.343997237794188,6.756044806681978,-10.914416204938998
-8.023801584172451,13.955858719641007,2.2959028424226298,3.8985523757884337,-7.29840823564577,-0.7367135990269162,5.696124048036074,-10.346498660293198,-15.724126944841814,0.6213952420602452,-0.46683541716357374,4.675454672021157,-3.136323243076795,8.145726825200729,2.6094376668368255,-4.799257030570557,-4.815369238698937,-6.563763971759914,-4.2980826036965345,4.754152200997881,0.8402987491474603,-3.8423837536556777,1.8635518531950326,11.110975145148265,-6.123687704997916,0.5815254871206543,4.646068546770569,2.112263475762335,-1.7644755145005404,-6.54118073514145,-4.2932369918424,-0.34796094082364926,7.044209438790371,-11.656263181152061,-5.86623818027352,0.22134072396334514,0.8027768216239334,-5.564932320799787,-7.599580536876218,-5.697634451576426,2.249530132835743,10.749212368646893,6.42917360149803,10.890183004267644,-2.189582208723321,8.354309016057474,-3.62124933913221,-2.754317662677262,-0.6665123108648743,14.173599089952596
-2.072591561821853,-10.475197368964219,-14.475758498668736,-2.1332546273297246,4.102049351410081,-8.146896469533235,-1.6873481292091932,-6.536070190602256,7.341065428970032,4.380009814737867,-6.166191121134147,3.073689254159692,4.429669935161122,-6.9647539139044765,2.355995667365604,9.770397174557056,10.817874255700097,8.04131987175179,9.228463253112974,3.317832935829478,-8.769604531880164,-3.494777485475794,0.6291422293781,-4.753743011484069,10.646816736818163,0.8798107417264442,5.351505958530681,1.8812715472925956,-1.2899404722129346,-4.320857179093538,-2.239039982011504,0.6701523577264787,-6.270344978781103,4.236246361588161,6.352195742620374,-1.92747822923865,-6.791754568124868,5.239579415996529,-3.68238540879015,10.591949389734959,1.9487009494427046,-3.9114542777802455,10.890183004267644,-1.6710630013923868,5.389596036709241,-12.2021065017662,-11.287995653402158,-2.4154738861840115,13.102032501663246,3.6144823236173824
4.9355677531293765,0.20081844630006418,4.480941639494032,4.427546112324011,-5.630205460666277,0.5551023261370345,-0.992560215775429,-0.04376481325325865,-3.396640464930316,1.873315723060084,-0.5393558114461325,-0.08228004314957493,9.736246972676954,7.7486909186502,3.945444764066245,0.6531678746121405,-9.81524835031653,2.985080675907224,-4.053578030945583,0.6325193920358201,-3.2372862099461086,-0.6498753425270567,-2.04511056591154,2.149398657289903,-0.2710395944963568,-0.13275241358533751,-1.1108758272844677,1.8290658645067257,0.15770107001178552,-5.766432323954138,0.1154729283073857,-0.40217835404552227,-0.7675241484865837,-0.9313027997957426,0.5951477116736664,-0.6880330876939602,-4.994882105706827,-1.618538748998791,0.721804696987679,-1.6016917354843574,-0.4036407691171079,3.690894666063829,-2.189582208723322,5.389596036709242,6.254897797943902,-6.727280730836219,4.992143579890076,0.1916223961635274,8.118251161435058,-1.6726251860803942
3.893080993535597,-1.9110170248308038,-9.914359387004946,-8.038967191733672,7.694311552120335,-0.12151227480088342,-9.73985186276257,-3.0196483115476744,0.8411562312162845,5.420232805595991,5.159118709259835,-5.0181309089724335,7.9359551455209,-2.0382644961128147,3.18603692469266,-0.9283890987627552,2.4368576392293413,4.583355203138558,1.6167343173051094,-2.7399993864544965,-8.220841427895849,-9.984798427181756,3.9900711585046476,1.2929971903319222,2.6361381472596657,-2.2392803560775496,11.041474104278443,-8.253673148144685,5.7666208461679656,-11.940110114348533,-6.5257756090361925,5.18851660864861,-8.449614402633223,-0.6962231043584007,1.3697804912906941,-3.382887989269081,-13.052657682146142,0.6463168595044366,-4.844446699800762,4.202278286378481,0.6444000828301288,-0.4517067704483084,8.354309016057474,-12.2021065017662,-6.72728073083622,-9.6201798982792,8.167720958577874,2.6829514982390443,4.490463578945118,-13.577090303340013
6.420241471839467,-8.107894188710528,-5.185798384174809,-10.618375529375525,6.895443413488781,11.627011701716185,-5.9343269507942225,4.839860916532821,11.135029692844316,0.44417754706923784,-4.7265923598006285,-7.202694466164088,9.698177509147937,-3.540245125374601,-7.324334453025856,0.28301472801867933,-1.856931248704796,1.4532060894520453,2.5663201600472387,-6.834832135071404,-1.1690020425476422,4.7148276770501605,7.407663039101487,-7.086982680624274,-5.624191586064397,-6.934078690020677,0.5024336836419052,-11.662055612863371,3.1638736198309116,-7.334050455476966,2.829658614006742,-4.190638864715831,-5.454615893948988,19.062070441112297,-1.5190744620189423,3.285824053108949,-7.174920254433317,-3.122433819840188,7.229970962003778,8.400233142863112,2.1746849867610782,-8.10160622455501,-3.621249339132211,-11.28799565340216,4.992143579890078,8.167720958577874,1.612620938620065,5.5874197945858635,-0.8646269486903986,-12.211216047805227
-0.6696266424163767,3.9094012092280463,4.275547784772961,-3.5545629635531797,6.537935189579145,-0.41381723614975674,1.9579840282978132,-0.11018990936066886,8.756440035339093,-0.9309218956077365,0.29932374956662566,0.7468002126480553,7.00267450504726,-1.224433157673201,-4.3552113880931875,0.5327684484137345,10.120425531348994,0.07745584229478208,0.5861844970103307,7.126057909825495,-5.050371259447424,0.46286792855813247,-6.02159190341552,8.426982282092313,-4.22612637996518,-0.5670756755902684,3.4912678663149617,-3.490370391263299,-0.37861228394465346,-0.6318341687416439,0.3540706772158497,-0.9011253968028338,-3.7067310401273805,1.9235431127296747,-10.204813445725051,-0.02456648795967664,1.3861942059416685,0.24622109150513047,0.43790145177544826,-3.8558446818959213,-0.5267086640663654,5.343997237794188,-2.7543176626772623,-2.415473886184011,0.19162239616352744,2.682951498239044,5.5874197945858635,5.005479358068868,2.5136281662716886,9.45210339687754
-5.1970452706209205,9.058744644924394,9.021585935573503,3.713933584055038,-5.408121088245079,-3.140482084916593,7.156679294282474,1.5349437204877068,-8.869705129206334,-4.961738399111608,-0.7002236091545272,-1.1642151321500913,-8.09850493696808,-2.2753475758155597,-0.15531657300695922,0.9108879598569115,-1.0463268096388947,-17.46807984852733,-11.482328483206128,8.519834128703556,12.008610025128652,6.027643344702637,-14.632061661903961,9.260465123194203,1.9146277352341678,-6.451161899790551,-1.5190629702899106,1.867908534768083,-7.061298595240832,12.16797276016482,7.657600177735944,-6.422874464005868,9.695894594003244,-5.315539929676453,-4.759913934065759,3.4112502204445425,13.624521466784397,-4.857869284892878,2.379006672114892,-8.156844286242572,-10.389247337637727,6.756044806681977,-0.666512310864873,13.102032501663247,8.118251161435056,4.490463578945117,-0.8646269486903989,2.5136281662716886,-2.304490382799626,-1.1856024156897402
-2.790217117767118,2.025943304782391,-5.556976223433294,-11.919614258338566,3.9496678131850516,-7.305251411905545,8.344761460258225,-5.273299713887582,8.915902184463416,-3.1682422268983492,6.2471875598767745,6.207478162055487,8.051104249220048,-8.136291147979716,6.9875181979027445,-0.16332536912749512,12.087627587080856,12.559437653240076,4.707870516421594,-4.378682877128476,-14.870173091748203,6.497139778793962,1.3154377263021755,-2.06510157079421,10.107304041708211,1.350229125485417,0.22419012617937417,4.854252798553034,4.424707926052527,0.38948357030247127,1.414990218059922,2.371926414359842,6.272770357186865,1.7154446755466757,7.328333828255733,5.277805220629904,-14.291672509832251,-7.148598294865156,-2.2000429049887775,11.829862479914578,-5.119852035356521,-10.914416204938997,14.173599089952594,3.6144823236173824,-1.6726251860803947,-13.577090303340013,-12.211216047805223,9.45210339687754,-1.1856024156897405,3.085513882896331
