n
50
c
-204.75540278383252 152.13281395573864 -187.9961963192227 -41.44078682063103 153.1111112532322 20.7735266573835 9.39705138951284 -14.225800963419996 -202.69544976923015 -7.232613059807411 158.48534703867486 161.50038300034336 3.4492512326673834 -199.1714037224171 182.1729561797766 -187.4008894646169 -11.35444397189584 -220.75345980313975 167.77151858442102 -9.283891571374848 184.51560924197696 183.5493840788296 -151.46283905764193 -2.8361838355547615 -222.22664498573172 -175.2287561501464 -187.50289494042568 176.85459982443106 -141.4104722619381 158.82270659273686 -220.01894171951767 181.3350469336355 145.10510733168164 175.48122779920146 -156.4149662406448 2.8684424552857655 140.8716055756931 -162.83836510173307 -9.183189211495613 4.158986137483222 188.3478461256229 15.312858860170643 -176.32473443452344 158.89330277273322 149.14404994687078 -4.211920007990166 -14.218842220547378 21.313095882857514 -192.70487617332174 -7.453972191872571
Q
5.754640928035892,8.08009399396154,1.330751341511594,8.652621212649105,14.050623103870247,3.6040211464504974,-1.2503125913414181,-1.3534863812699007,-9.187573960336815,-1.3555058252022865,2.0965967709342284,5.3667797922177005,8.212672370453882,-2.145778316155383,5.316154172877733,-3.7711877849630766,-6.998218877878704,-5.430937397839502,-0.8289902068211759,-1.2497707917104441,1.3600629043067451,3.2006073136938804,1.091828147489765,-0.6417089449888205,-10.936222281563174,-12.577631503386922,4.641617518050089,4.989255035096076,-6.4096881112101824,4.888447631194886,0.5022458225142602,1.4634220480453741,16.6334796393624,3.112231226626363,-10.674091247137545,6.723780710974039,8.884466377361207,-13.568468300562845,-4.92927083206515,-6.018139559502593,5.308429889729807,-10.665635153115437,-15.355046701488567,-1.708215500512702,3.2587720619130507,5.701602850891352,5.435977017102064,-1.597905090259835,2.7114044190521267,-0.02945026068233575
8.08009399396154,-1.8368090101006853,3.2235121819954995,1.5960551363643045,2.360230742611875,3.0030554659576087,-1.7734027641483772,-1.1968859995195453,0.7812815152642493,8.365853362717317,-8.04218787704393,-7.59960980943565,5.456488180780118,8.612921627287681,-16.57904294775097,19.09395512643047,-1.354974299140573,15.628585455331253,-4.483188200725531,1.2292045487333958,6.229771989674302,-17.884623808326914,-2.958278115532179,-2.039264128056072,8.129274953058731,14.903621121214773,5.83585623766021,-3.5056099217654797,3.112109710478436,-4.044185055880029,7.915951737743658,-3.668696364063326,-13.008924228429086,2.9651338601670276,0.9870416383532286,-7.080106944671051,-3.6994517161203815,1.8041404417544185,4.568200105174461,8.7318810438524,-9.48997839122181,1.6531716526796338,6.7681491212903575,-8.248494258314448,-0.7583586497964743,0.1894341857488684,-8.564224020538255,0.9348212843726957,3.0231880603205425,-7.877542376462364
1.3307513415115941,3.2235121819955,-4.028281911897482,1.3327421109137507,7.873927589533867,-1.8472270752369249,-2.432727984919557,6.182532301529038,-3.1431036349187282,1.3442443741705001,6.132201128165416,-6.099607469242891,-5.928581549433556,-4.717754289420448,8.07850132516449,1.3464934205861665,2.062088224788149,-2.3449618397544736,-2.604760733333749,-3.6734639371639517,9.13276636470062,7.7779350045965785,-10.286622864499389,0.9330756289335578,2.7286457381467777,-6.616876079453496,-8.866379833141867,-1.2411625469012724,1.290268971996786,4.766291593558456,-4.741293522782551,9.993047878906722,8.166805660298966,11.075119136450052,-6.139303151751396,2.6866613277112723,16.583966799199533,-5.236165545531671,5.216542344061621,-10.475723550313528,3.6387787034114267,5.376209341270917,0.4479146369723719,7.671830913250251,0.8157949725274947,-2.4026659645380275,-3.269822144052638,-7.9146134303084,-0.5588443829081329,1.2567356881545177
8.652621212649105,1.5960551363643047,1.3327421109137512,4.790858698013472,8.256813874114696,-0.5915578443211428,0.32278558330345314,0.40189847351663865,2.0503972390760294,-0.2309983877696108,-1.160547678835918,4.95989113680367,-0.2699285013757533,7.402804318194274,-0.7183756080715091,1.1626695453533125,0.4358059601341735,-3.2191767863972207,-7.292331086308938,0.18018360481978646,3.136963980195515,-1.3596261325297487,6.882536994779187,0.17543267511605914,2.5237806802826803,-6.9288977356201915,-4.879850190909316,2.830659790183003,4.6188565552442205,-2.2913186221763207,8.428447595291402,1.9700759744732308,-1.777387265187942,-2.7890219681955815,4.067572237014047,0.17729732648908147,3.6522957738385675,4.4727958560918,0.04981354273248695,0.14677397624510857,6.2534456704150125,-0.11384303361744158,1.8230909804121675,4.869162566985047,3.156580204634542,0.34155914942538335,0.3963213102558163,-0.06480316099451788,-0.4686941015630663,-0.017921256611071246
14.050623103870247,2.3602307426118756,7.873927589533868,8.256813874114696,4.550820296562788,-2.9193495109518643,0.8435161868624232,-3.6728878976486343,-0.12270947613157146,1.2942970697319411,0.4115805818696595,-7.328998086462443,-0.9453529584114921,2.509795295845066,-10.105532140597877,6.882482830433425,-0.3854753155434465,15.485711301475831,-4.500359879017787,-10.005625488442265,-13.497526073540792,-5.108631010590259,7.095333003093773,3.1301561556736917,10.017046930878458,1.851614002475323,-1.6985426440240328,-1.7408127668567839,1.0768490578494065,-2.4125682669147523,-1.826321106984019,0.6119309647801326,-10.918122939860677,-2.264790585973348,6.325928712652039,-2.8444564083364963,1.793902183179767,9.790990924108616,3.9990288172026016,2.5789035459895495,-5.320815996402049,-1.1364885641738138,3.4158079560628543,3.678365786290932,2.171493923955951,-0.39165380360704105,0.5102646774524301,3.8807994195434294,6.812034898871949,7.277463355092459
3.6040211464504974,3.0030554659576083,-1.8472270752369253,-0.5915578443211418,-2.919349510951862,5.2919678188629735,-0.2636822792235092,-0.11049418524573633,-0.867268469906814,0.4276770466535097,8.299779725520356,6.525921916912939,-0.9353277514135332,2.814302640744646,3.345133981058564,4.228643212489306,0.5257372848750281,-4.397175229328326,-0.17397152859502807,0.7466211961257587,6.7194259165942904,6.319542226773078,-3.2477812558425163,0.3993640737502301,-0.8253120999557915,3.5839097354011393,2.8354263198445286,-0.5789082035300652,-7.727591452516335,2.7977662158287115,-4.608990378706047,-3.032795799692694,-4.338736931323329,-2.7280375859360335,-4.046561223184151,0.18948176604512298,-0.3984752346640251,-6.496079903876338,0.24488591309818286,-0.3473191995604408,-1.2831685818701088,0.46071809591690155,-4.977395497290635,2.418825599615632,-2.474651244024189,-0.2209347403112083,0.4247499230384315,0.664751752067124,-1.063789683992422,-0.008425950910913194
-1.2503125913414173,-1.7734027641483763,-2.432727984919558,0.3227855833034533,0.843516186862424,-0.26368227922350845,4.392665327992992,0.5147931384637134,-1.1460221365423306,-0.5092124702381815,2.3067212059649234,-3.656619495427003,0.16153110934389273,5.681257863212177,-6.012029475768528,0.690608415321859,0.24886780376981307,5.654127682944188,3.9680082141707977,-0.01925106348676764,5.152993841027531,0.22959042147108344,-4.065280654486938,0.7916124449607659,-1.6758526611297773,1.0676816575377088,-5.970831978980092,-6.500873126173854,-4.805217547702317,-3.8247493148394556,-6.28889055735835,8.092776558014496,-1.7414889741827544,6.742475660003228,1.193838804679125,-0.586776290386487,4.317457670638795,5.450361432966341,-0.7404427977017034,-0.011048260257437326,-2.210949695375148,0.019969452838151103,-0.6273102569130045,2.196169540935421,6.748096447505141,0.0972052132230734,0.05562170110340481,-0.05967961145312928,-3.1447668842965566,-0.7364480782190277
-1.3534863812699014,-1.196885999519546,6.182532301529038,0.40189847351663915,-3.672887897648634,-0.11049418524573698,0.5147931384637132,5.113519060804534,5.14992722119545,0.7690585596546227,1.6709114891169201,1.6701376674286483,-0.7104538018634087,-3.2135688416981125,3.2209565752686276,6.337389130197258,-0.3106918888172401,2.317176211269743,8.16962653429155,-0.18543556742024458,-2.69171594137259,-7.085849993796639,-8.277710592926473,-0.7580590067321344,3.9057191834429767,-1.3090153020009772,-5.362809407299551,6.143020007226011,0.41396034917933233,-6.315200338181441,2.622466900163392,-0.3880437792712448,-3.4989196561805787,-3.549737973874202,6.5170128911483225,-0.3290115688025361,2.3718762408554204,2.6986063525624306,-0.7373685361228982,0.4598808622887947,0.029922249386701405,-0.6067892246589501,2.7476248690908287,-0.14347242345142314,2.177749469897812,-0.06703682993283411,-0.04732185041935155,0.4824290050931327,-6.42884626468187,-0.320532328248332
-9.187573960336815,0.7812815152642499,-3.143103634918726,2.0503972390760294,-0.12270947613157168,-0.8672684699068148,-1.1460221365423302,5.14992722119545,-10.509100000570346,2.9295551610433477,3.4246992518251913,12.278220055272358,3.184278197733982,0.008260779974625876,2.415775428594552,-7.254540997157374,-1.4010862481724722,-8.011397431350094,9.449954529245485,3.4035161457090357,5.130179119422473,6.304308497285088,-8.116594259040651,1.4405980660908033,-5.8225348642143695,-3.6694642728655675,-2.343220595479477,12.844192070360304,-0.4049744628135369,9.355895703061682,4.290819372472459,4.160776362578986,11.843998996930464,8.04165794511446,-4.354116944259133,2.210007834353981,-2.475059799943174,-10.999252189656097,-1.9675466726483288,3.585509559301759,7.1019591302709095,1.4702525756239737,-14.954114075430747,14.834365476496826,11.690440308130237,4.581682017067189,2.982049002502211,-3.455420173862076,-9.940138915016496,0.00636314260286408
-1.355505825202286,8.365853362717317,1.344244374170501,-0.23099838776961046,1.294297069731941,0.42767704665351025,-0.5092124702381828,0.7690585596546232,2.929555161043344,6.235118048066751,-0.7023386449205854,4.243793866869906,-0.5796106504006092,-6.767784702379951,-2.010662750596558,0.9753489620151541,0.49315240983881103,-3.2270871758113966,2.127183412141462,-0.7048865108279505,2.3620922880859982,-0.3333797351664369,-2.141972761078086,-0.03813203206136759,0.21199077567701097,1.358383859362511,0.7241333278988866,-1.040330032088868,-5.164778568580569,-3.0693688117921525,0.0013086999530423082,-1.4466806928140958,-0.8095824767976612,5.767962952888886,5.8656915869359665,-0.1794995863377149,8.986358231713941,2.095388591911506,0.19870201975687446,-0.5691434831719384,3.635219137544817,-0.8743143801243756,0.6708584650578379,4.1018814407764985,-1.080931991657067,0.2929583789164737,0.037021410128023624,-0.26111617365583717,6.790998065148997,-0.16833202442458747
2.0965967709342284,-8.04218787704393,6.132201128165416,-1.1605476788359161,0.41158058186965824,8.299779725520354,2.306721205964921,1.6709114891169203,3.424699251825191,-0.7023386449205855,-8.303229639533507,-8.553217933585765,-5.880643776518071,8.219604642100009,-3.2214644622866904,13.242223950587183,4.434813908200029,-0.3448314361122533,-6.509471920591585,-1.3834880620245757,0.6949088809370648,-16.865874781096487,5.451470158367047,2.042646727922136,-3.026889647690331,3.162395077135405,10.139400209689668,-12.140415027097019,-1.4835280624799538,-2.38757897436923,5.03096033060773,-13.453077547794921,-3.52880358505785,-17.90891626986972,5.452220684203985,8.959920666636556,2.863668274889276,3.911127697250757,3.2264011398089876,-1.8305037860727231,-1.7743937418681666,0.5650768162546926,7.199813898790783,-2.8174030388459217,-10.598270964870185,2.0654081106252113,-7.525537532447116,-1.2657863351740084,15.310412917160797,-0.16079403636712686
5.366779792217699,-7.59960980943565,-6.099607469242892,4.959891136803671,-7.328998086462443,6.525921916912939,-3.6566194954270035,1.6701376674286479,12.278220055272358,4.243793866869906,-8.553217933585767,-1.6704181398385263,0.7183782261713292,-5.911560322388792,-4.806797694068432,9.276126223271834,3.9837786990106916,12.293662108103307,-17.764211313983626,7.803921145488492,-2.369833255391902,-2.887527421856956,13.107814084434258,-1.0221894416537596,1.6684467505779788,8.352737148495194,1.2890231264042697,-10.591980583631155,15.13124024611225,-5.885821170146324,6.02103100567795,-7.591856151295359,-8.101651245275095,-5.088938617550936,3.322571095617253,0.08871198530316349,-4.77554383489122,2.9367812276271645,3.3897443065342703,-0.12522614065419366,-10.788457643315892,-1.0488325421835452,16.938769222516335,-8.954108111720316,-1.0073346793705968,-5.415847845289256,1.3480063341205766,6.024948297361452,10.940872405503997,-7.351910780442742
8.212672370453882,5.456488180780118,-5.928581549433557,-0.2699285013757533,-0.9453529584114931,-0.9353277514135343,0.1615311093438947,-0.7104538018634081,3.184278197733983,-0.5796106504006093,-5.880643776518071,0.7183782261713303,5.026721545574001,-0.8470925159037942,0.06976739166750986,1.9101169333522208,0.6619472656416097,3.0533106937622776,2.5959510648141633,0.24611950519377557,-1.806303318435885,-0.011867321717448476,-8.340456447778708,-0.14097990440884794,-2.1125272873174543,2.119154572657197,-1.8272643598258003,1.1289194302471013,-9.337447242982014,6.867899675068217,4.09735613125204,1.673769972714915,9.22665305881574,7.379607411277096,-0.9014395676229301,-0.20383668601457416,1.997644448205331,-4.156993495670434,0.047915480755474235,-0.21658119399125483,8.390259073382696,-0.10925939057497558,2.6886516310690425,-6.016974710954976,-0.18235117595701156,-0.22220970542509078,-0.2482653760231653,0.43831566670549454,3.977957735417436,0.40385770623879
-2.1457783161553845,8.612921627287681,-4.717754289420448,7.402804318194274,2.5097952958450658,2.814302640744646,5.681257863212178,-3.2135688416981125,0.008260779974625043,-6.767784702379953,8.219604642100009,-5.911560322388794,-0.8470925159037951,9.948167059687156,9.25005990742606,-5.6987236600614715,2.7585782284326736,-1.327417434926693,4.703036110449907,-9.920501284139698,9.840317651440063,14.979807425620114,-9.269569051385874,-1.0274951163519863,-7.725403882996184,-2.0994766410328234,-9.5041360129434,12.34595900722609,-9.928163297859381,7.321814739133957,-1.5966451450824242,14.358548655216424,11.084396127432258,-1.4551506464585136,-2.4881363963648875,-2.1128709508023977,6.616630374911121,2.6355466174519324,-2.7437106636655937,6.1480815143652325,9.12427643090639,-3.4768237767441224,-8.229508485917854,1.4664900882034897,4.316801706632378,4.758585469913693,-3.403410707686823,0.6718403369656853,-14.237221391460539,-9.388670194137143
5.316154172877734,-16.57904294775097,8.078501325164492,-0.7183756080715091,-10.105532140597877,3.3451339810585634,-6.012029475768528,3.2209565752686267,2.4157754285945527,-2.010662750596559,-3.2214644622866904,-4.806797694068433,0.06976739166750989,9.250059907426062,-2.016662203741772,3.1713696376614657,7.6188518063153765,9.081271804404395,-2.6926512846419284,2.0535170047621127,-6.032377425010924,-5.949679729782926,3.2671897727094508,1.951775445609244,4.465856895446329,-4.35666412085377,10.118507014981816,-2.8617664191314867,8.069007117320334,-0.5872948119128032,8.236269792929436,-4.844835865430765,-15.451822903137524,-1.4608658979797864,4.747731780976504,7.833080833277246,-9.561585927887437,-0.6081393565739753,-5.2541947391756025,5.258902403220608,-7.256636699839763,-0.8683727920756312,2.8693922047007643,-2.0417090803235434,1.0505066933871725,-4.594508761036433,8.606251705545752,-7.210850969136852,-1.7561667837881796,3.0419340865478786
-3.7711877849630766,19.09395512643047,1.346493420586166,1.1626695453533125,6.882482830433425,4.228643212489306,0.6906084153218591,6.337389130197259,-7.254540997157372,0.9753489620151535,13.242223950587183,9.276126223271833,1.9101169333522212,-5.6987236600614715,3.171369637661466,-5.138532137460328,-5.258635817402532,-2.0453385139195324,-0.18186698607794383,-4.890172121156735,-5.978416983992735,10.879525879463701,-9.176620625147567,-3.1640811229470973,-1.603056948210218,0.01692063602055094,1.6962756857805648,2.545019860543486,-11.995764149381026,-8.067305663387623,-9.92495052441928,0.10947620837997145,9.807806428797658,6.181994373576365,-7.048807110548696,-1.371514965490467,5.524533547225721,-12.527129863290932,-2.8147965478971937,-0.01839412483414904,7.879675770633799,0.15545265301956307,-1.1583017910701123,-0.9288771851708666,0.089442527090896,-8.581208432552314,2.3322407033152297,-1.8989581303328424,-5.348411558468343,4.735324850469022
-6.998218877878703,-1.3549742991405715,2.0620882247881482,0.4358059601341737,-0.3854753155434463,0.5257372848750287,0.24886780376981255,-0.31069188881723936,-1.4010862481724724,0.4931524098388119,4.43481390820003,3.983778699010693,0.6619472656416105,2.7585782284326736,7.6188518063153765,-5.258635817402535,4.018363273020605,5.006791523371581,-6.1683065689799434,-0.13086398834690172,-3.7833668999838617,-7.215303548032607,6.921012497088785,-0.12484635969010037,1.8478289972521251,4.263199864581605,-3.718299975134697,-4.52833714007559,-0.18735071114327206,-1.4990566269377752,-0.07554976486941767,-0.5766261998991704,0.9831805103803384,-7.55553792794295,-1.5970307503774952,0.12474834686988212,1.4094520003286661,-1.9441084011639758,0.09630459111865441,-0.17993509169963093,3.0281366926385944,0.5998416890173135,3.497086661516798,-2.209882900442802,1.3635168848494077,0.2390323424267241,0.01580972788882612,-0.3730999892891722,3.101931192283228,-0.595143463850067
-5.430937397839501,15.628585455331255,-2.3449618397544745,-3.2191767863972203,15.485711301475831,-4.397175229328326,5.654127682944187,2.317176211269744,-8.011397431350094,-3.227087175811395,-0.3448314361122522,12.293662108103307,3.0533106937622776,-1.3274174349266927,9.081271804404397,-2.045338513919531,5.006791523371582,-6.098529115710697,1.371425472159713,0.18325104116423452,-6.469500001536021,-0.3258717926006634,0.2029374541952751,-2.227041118362505,-0.5861521190739298,0.4222812050605933,-1.5718011074074456,8.7147033396446,-10.074106937148175,16.856112054089387,-15.242235831602505,5.455580399549429,0.3645628940832563,15.660101792859738,-3.0474359096973007,3.052158877301852,5.965149065239713,-1.4181154386552146,-1.29092456231295,-1.743677960790155,12.588706830386224,6.499648279730502,-4.338744185574873,7.4364004072254435,6.3364501517477745,2.3116848523781015,5.874741432999081,-1.4523665006383917,-10.862394628076274,-6.228633019320814
-0.8289902068211759,-4.4831882007255315,-2.604760733333749,-7.292331086308938,-4.500359879017787,-0.1739715285950285,3.9680082141707986,8.16962653429155,9.449954529245483,2.1271834121414614,-6.509471920591585,-17.764211313983626,2.595951064814164,4.70303611044991,-2.692651284641928,-0.18186698607794405,-6.168306568979943,1.3714254721597126,-3.521371743485118,0.22581312643691454,0.12788602589767883,-0.8273937762792556,0.10499783492181304,-6.873125005448367,1.7261793849161258,-2.015705802008744,11.621457927954772,-7.2606995637391485,3.2657553785428157,-4.854096288116725,-8.092372035205813,-7.825933603611293,-1.6698267757081433,-1.4221356514594226,8.03315548746622,3.858822227322559,5.619683454749273,4.344931275285569,0.44402790803637526,1.8483066779950488,2.9411099620139196,7.9778218780025965,0.11752503982641449,-9.51839153780238,4.466747490356094,2.50090471860016,9.395759166717069,-8.248247837314803,4.1338317825593265,-3.4375952078328744
-1.2497707917104461,1.2292045487333958,-3.673463937163953,0.18018360481978624,-10.005625488442265,0.7466211961257587,-0.019251063486768194,-0.18543556742024492,3.4035161457090357,-0.7048865108279511,-1.3834880620245762,7.803921145488492,0.24611950519377523,-9.9205012841397,2.0535170047621123,-4.890172121156735,-0.13086398834690244,0.18325104116423452,0.2258131264369143,5.40933173940232,2.7256362350744645,-3.392607504892349,2.018808083984106,0.2698716525537143,-2.1021960095990675,1.6832687126406487,8.527051418810652,-6.542442468033538,-1.3438354088343627,-0.6294287994053307,10.252795949309341,-10.346224054314039,7.956020961132455,2.482388300970101,-1.191787588885552,-0.19023851222874644,1.0649202785567935,1.659702811090408,-0.3214887376355147,0.752506191829162,0.9759501503777586,0.12339763470757675,3.2452662396963223,3.5742314577769587,6.606093469580346,0.42771552445285554,0.399280201752769,-0.9530384377910177,-0.6202944091031977,-0.2725124177533309
1.3600629043067447,6.229771989674302,9.132766364700618,3.136963980195515,-13.49752607354079,6.7194259165942904,5.152993841027531,-2.6917159413725926,5.130179119422474,2.362092288085999,0.6949088809370644,-2.369833255391902,-1.8063033184358845,9.840317651440063,-6.0323774250109246,-5.978416983992734,-3.7833668999838608,-6.469500001536019,0.12788602589768083,2.7256362350744645,4.931063445262911,-2.9839053780421994,6.938077202793314,-4.860847292262383,1.3268219296911938,6.404795796327769,8.075684016049138,-3.3447324181952043,12.452335306056845,-4.339761227460163,2.0041646415902674,-3.2475644027395405,-5.7555914795862195,-8.991876123174364,8.01489839506861,-4.070666331107965,-4.314572677639581,5.958957882977206,-0.3489573962803264,3.747511098855487,-7.409694922277379,1.3647109571745584,9.912758984523386,0.26379846567844667,0.4657697539453606,0.2945061743461824,-7.519762417807979,-1.1298838949298806,4.2172137091283,-1.1640116505332743
3.2006073136938826,-17.884623808326914,7.777935004596577,-1.3596261325297483,-5.108631010590258,6.319542226773078,0.22959042147108377,-7.085849993796639,6.304308497285087,-0.33337973516643693,-16.865874781096483,-2.8875274218569547,-0.011867321717447754,14.979807425620114,-5.949679729782926,10.879525879463703,-7.215303548032607,-0.3258717926006631,-0.8273937762792558,-3.392607504892349,-2.9839053780421994,5.77418318861921,-0.492167553272982,-5.84666015881844,2.879703944905418,13.259434867727572,8.001906847872599,-10.071702817744047,4.428684313743125,-7.069277094304787,3.3739768933584457,-7.857584609086638,-9.677830397931281,-14.923409401607778,-3.3983730067530336,-3.1872615080177176,-4.609363694957393,5.9830379884560205,4.446690731417608,1.053494770061732,-6.41340828564255,-3.6945573802752243,4.948953350625225,-5.225875897506204,-12.303429653689328,-3.3544101500778196,-2.2456767800042488,1.7777059603615393,5.950315864941659,-0.8146175234139588
1.0918281474897646,-2.9582781155321776,-10.286622864499389,6.882536994779187,7.095333003093774,-3.2477812558425145,-4.065280654486938,-8.277710592926473,-8.11659425904065,-2.1419727610780868,5.451470158367047,13.107814084434262,-8.34045644777871,-9.269569051385874,3.2671897727094503,-9.176620625147565,6.921012497088786,0.20293745419527487,0.1049978349218128,2.0188080839841054,6.9380772027933135,-0.49216755327298195,11.769383722430153,8.48243336856185,-5.740518341499193,-0.8851730989154608,-14.934027951535574,14.352773522675475,3.738683670281384,9.601954184883862,-6.0475429576918005,-0.22324054536432802,-1.6885531118364523,6.066822599273822,-1.9723583481268065,1.9430047751457813,4.099082093590432,0.534050496159764,0.8463150206063331,1.7848758641251037,-3.422342901548862,1.0572868592888813,-6.15325899834767,4.749098814557458,5.188499667908393,1.040306390216703,0.29309302522545355,1.0084120968612766,4.182518778121634,-3.1159088810431297
-0.6417089449888205,-2.0392641280560717,0.9330756289335577,0.17543267511605903,3.1301561556736917,0.39936407375023075,0.7916124449607653,-0.7580590067321346,1.4405980660908047,-0.03813203206136684,2.042646727922135,-1.0221894416537582,-0.14097990440884817,-1.027495116351987,1.9517754456092438,-3.164081122947098,-0.12484635969009965,-2.227041118362505,-6.873125005448366,0.2698716525537136,-4.860847292262383,-5.84666015881844,8.48243336856185,4.971727246045946,-2.384156476935818,3.2794855061614783,-3.220549245159612,1.7977935136314596,-3.1455781328832195,5.321787731652403,-1.4648634045277533,-4.127173473860637,1.947103149033156,0.5295676471700804,1.7395114736760535,0.512971910173619,7.907043213788782,1.7292018684542538,-0.9699972137491621,0.166906407355582,-2.558673192839823,-0.7464249024977276,2.5509860628221275,0.11514445099198967,-0.20951093263776366,-0.1459172984400675,0.13954442821404323,0.8881288981341461,-4.165950573890829,1.0292377422831203
-10.936222281563172,8.129274953058731,2.728645738146779,2.523780680282679,10.017046930878458,-0.8253120999557919,-1.6758526611297768,3.9057191834429785,-5.8225348642143695,0.21199077567701063,-3.0268896476903313,1.6684467505779792,-2.112527287317453,-7.725403882996184,4.46585689544633,-1.6030569482102182,1.8478289972521245,-0.5861521190739295,1.7261793849161267,-2.1021960095990675,1.326821929691194,2.8797039449054185,-5.740518341499193,-2.384156476935818,-0.33358223907235374,-8.864752842386821,5.483633848237709,1.1862717279483883,4.326328259154178,5.412713748705584,-0.2154748662212378,7.1066829225768755,6.129056092761702,1.0583046065871093,-10.256088334181783,-4.850782565586561,6.099539630019399,0.3867827070397377,0.2937856437271611,6.805170904224563,0.4506389506548286,7.372079951687059,-2.7830168756649085,4.8071701878257524,5.954606076242339,7.055305995872556,6.3323622324689515,-2.3898780393973533,-9.960828399037931,8.736733000915878
-12.57763150338692,14.903621121214774,-6.616876079453496,-6.928897735620192,1.8516140024753234,3.5839097354011393,1.0676816575377086,-1.3090153020009772,-3.6694642728655666,1.3583838593625113,3.1623950771354044,8.352737148495192,2.119154572657197,-2.0994766410328243,-4.356664120853772,0.016920636020550273,4.263199864581605,0.42228120506059297,-2.0157058020087444,1.6832687126406491,6.404795796327768,13.259434867727572,-0.8851730989154606,3.2794855061614774,-8.864752842386821,1.3635935726721158,-10.031493185555398,9.735578503796493,-2.4457528885039075,8.798606749236884,6.390984621751988,10.72906215489615,3.0515585933754075,5.08178210929621,-6.275323701188845,-5.801253949436589,3.146654263857532,-1.3011431908872337,3.3851430450050053,-7.644633125888972,3.4906295730692634,-8.541999645956446,-2.705502339089972,6.0840070002832265,-1.7246510261583343,-2.834406351010714,-3.925828463795641,-1.8532604429976136,0.9775523062430762,3.5038361153908926
4.64161751805009,5.83585623766021,-8.866379833141865,-4.879850190909316,-1.698542644024032,2.835426319844529,-5.970831978980092,-5.362809407299551,-2.3432205954794765,0.7241333278988867,10.13940020968967,1.2890231264042709,-1.8272643598258016,-9.5041360129434,10.118507014981816,1.6962756857805643,-3.7182999751346966,-1.5718011074074454,11.621457927954772,8.527051418810652,8.075684016049138,8.001906847872599,-14.934027951535574,-3.220549245159612,5.48363384823771,-10.031493185555398,10.611211552877911,8.029833764067975,-9.029569778654233,0.8230411116099786,-7.995603236015624,9.54145781743224,-4.5721227693809015,6.593753760316802,2.700072510523014,-8.81249328520967,3.9686980199589774,-14.086920122544537,-4.410230200088498,2.6836031100185433,-8.724525303876602,-3.0578192417356984,-5.766262357462312,11.74164630021774,0.07192723520835254,5.600830484795777,-10.118989560794265,3.348301122098127,0.9964903369273249,-1.8752629166467498
4.989255035096075,-3.505609921765478,-1.2411625469012724,2.830659790183003,-1.7408127668567839,-0.5789082035300657,-6.500873126173855,6.143020007226012,12.844192070360304,-1.0403300320888684,-12.140415027097019,-10.591980583631157,1.1289194302471033,12.34595900722609,-2.8617664191314867,2.5450198605434857,-4.52833714007559,8.714703339644599,-7.2606995637391485,-6.542442468033538,-3.3447324181952043,-10.071702817744047,14.352773522675475,1.7977935136314604,1.1862717279483888,9.735578503796493,8.029833764067975,-11.321107612394123,2.112362611277412,6.341502234988076,-1.7756710494566876,-13.795714193115387,-10.111010393768185,-5.145836740278068,5.9812457991360075,-1.2659271462017818,-5.284487541632991,-1.6378332016744444,1.7502983673976547,0.0037111293566827186,-4.520187972670864,0.4925415308143426,4.9598874259094226,1.4285590322196724,5.889763226841107,4.232062715677948,-1.0475132221086465,0.7199237344246462,-1.9878896113119424,-1.7702720152329654
-6.4096881112101824,3.112109710478436,1.2902689719967855,4.6188565552442205,1.076849057849407,-7.727591452516335,-4.805217547702318,0.41396034917933155,-0.4049744628135372,-5.164778568580571,-1.4835280624799543,15.13124024611225,-9.337447242982012,-9.928163297859381,8.069007117320334,-11.995764149381024,-0.18735071114327123,-10.074106937148175,3.265755378542816,-1.3438354088343627,12.452335306056844,4.428684313743125,3.7386836702813833,-3.14557813288322,4.326328259154179,-2.4457528885039066,-9.029569778654233,2.1123626112774114,-7.625339425494907,-1.5241764816433552,-16.166549388442466,0.6792809780824874,7.771313360275889,6.396824537038122,-9.078349247116227,-0.9627587864942297,11.652066134631031,-4.807481216155529,-1.9536370980253253,6.836180643310354,9.659328610876738,4.59036521051517,-3.798475676192378,3.0559357648924856,13.964445554991991,1.5891472802151927,0.21800848220949143,-2.1823557730920324,-18.532276646705125,0.6465660280542216
4.888447631194885,-4.044185055880028,4.7662915935584556,-2.2913186221763207,-2.4125682669147523,2.79776621582871,-3.824749314839456,-6.31520033818144,9.35589570306168,-3.0693688117921516,-2.3875789743692297,-5.8858211701463246,6.867899675068218,7.321814739133957,-0.587294811912803,-8.067305663387623,-1.4990566269377754,16.856112054089387,-4.854096288116725,-0.6294287994053314,-4.339761227460163,-7.069277094304787,9.60195418488386,5.321787731652403,5.412713748705583,8.798606749236884,0.8230411116099782,6.341502234988076,-1.5241764816433552,-3.2050815523706353,6.827851892166622,-12.523154571002037,-9.74743244572003,-1.5056613536232146,1.6348850625951408,-4.338830298978497,-0.4996533055532343,-0.038121726709701376,1.0346018047934749,6.702936350287765,-9.233508635907832,-5.956784360136911,5.6102049306145965,-1.350448258866448,5.738462982094474,-5.372896960072719,0.10004839361269663,0.5619374155644408,1.3396955018367827,-3.6194136117530245
0.5022458225142601,7.915951737743657,-4.7412935227825495,8.4284475952914,-1.826321106984019,-4.608990378706049,-6.288890557358352,2.622466900163392,4.290819372472458,0.0013086999530422805,5.030960330607729,6.0210310056779495,4.097356131252041,-1.596645145082423,8.236269792929436,-9.924950524419282,-0.07554976486941867,-15.242235831602507,-8.092372035205814,10.25279594930934,2.0041646415902674,3.373976893358445,-6.047542957691801,-1.4648634045277535,-0.2154748662212378,6.390984621751989,-7.995603236015624,-1.7756710494566876,-16.166549388442466,6.827851892166622,3.040976044165789,1.7047139640965692,-0.2848019295282096,-1.1827660030281635,-2.2268928693301846,-2.793809327312762,11.721399998050142,-2.3726599213234105,-0.04912318935044335,-8.826162957593235,5.346754048912783,-6.514338238295493,-0.8255094137040497,3.1871210754414534,4.709829423753833,-0.3318435235501449,1.3221586865288935,0.3915367061899442,-5.680441163440467,4.367880955260078
1.4634220480453746,-3.6686963640633254,9.993047878906724,1.9700759744732306,0.6119309647801325,-3.0327957996926944,8.092776558014494,-0.388043779271245,4.160776362578987,-1.4466806928140958,-13.453077547794921,-7.591856151295359,1.6737699727149153,14.358548655216426,-4.844835865430765,0.10947620837997127,-0.5766261998991707,5.4555803995494285,-7.8259336036112925,-10.34622405431404,-3.24756440273954,-7.857584609086639,-0.22324054536432847,-4.127173473860638,7.106682922576876,10.729062154896152,9.54145781743224,-13.795714193115387,0.6792809780824883,-12.523154571002037,1.7047139640965696,1.3819331783406126,-4.693519665351759,-10.571142524516391,9.944240341040583,-3.3801001650466866,-4.681094247095333,1.1396947398917703,5.70350029294763,8.108799113184833,-7.227872719896779,-2.119553223538778,-6.40300051147342,-0.8520087516323754,-1.5962029252563372,1.1589504724371664,-2.3756111956753534,1.6396997597009062,3.5631219498708777,0.1746352376201175
16.633479639362402,-13.008924228429086,8.166805660298966,-1.7773872651879417,-10.918122939860677,-4.3387369313233295,-1.7414889741827548,-3.4989196561805773,11.843998996930464,-0.8095824767976612,-3.52880358505785,-8.101651245275095,9.22665305881574,11.084396127432258,-15.451822903137524,9.807806428797656,0.9831805103803377,0.36456289408325593,-1.6698267757081444,7.956020961132455,-5.755591479586218,-9.677830397931283,-1.688553111836452,1.947103149033156,6.129056092761703,3.0515585933754092,-4.5721227693809015,-10.111010393768185,7.77131336027589,-9.74743244572003,-0.28480192952820926,-4.69351966535176,4.10346688057035,-20.024013139220344,9.52217969671128,-4.916519511643752,-2.75467994173455,14.286085829636747,-0.6978858885291066,4.970719353025887,-1.1523351782101479,5.763834364910941,8.132202738517398,1.6157130816423304,-10.84566332554971,-2.403581142927776,-3.040443814279789,-7.71076053805491,8.780963615741234,-7.0416147229104915
3.112231226626362,2.965133860167028,11.075119136450052,-2.7890219681955823,-2.2647905859733486,-2.728037585936033,6.74247566000323,-3.549737973874204,8.04165794511446,5.767962952888885,-17.90891626986972,-5.088938617550936,7.379607411277096,-1.455150646458514,-1.4608658979797864,6.181994373576365,-7.555537927942949,15.66010179285974,-1.4221356514594217,2.482388300970101,-8.991876123174364,-14.923409401607778,6.066822599273824,0.5295676471700808,1.058304606587108,5.08178210929621,6.593753760316802,-5.145836740278067,6.396824537038122,-1.5056613536232155,-1.1827660030281644,-10.571142524516391,-20.024013139220344,6.234420232561967,-0.2246317728265821,-0.48593751587459466,-2.6660146323355347,-2.86880857209763,0.027723331501657344,1.141654692062826,-16.01658419106879,-2.668809161781945,1.2689100344648088,-11.778400746377242,-5.016507563067741,4.414416848203282,-5.127931012546036,0.8518538557970975,-1.9866137241461406,8.108012293399543
-10.674091247137545,0.9870416383532286,-6.139303151751395,4.067572237014046,6.325928712652038,-4.04656122318415,1.1938388046791253,6.517012891148322,-4.3541169442591325,5.865691586935968,5.452220684203983,3.322571095617251,-0.9014395676229293,-2.4881363963648884,4.747731780976505,-7.048807110548697,-1.5970307503774945,-3.0474359096973003,8.033155487466221,-1.191787588885552,8.01489839506861,-3.3983730067530344,-1.9723583481268059,1.7395114736760533,-10.256088334181781,-6.275323701188846,2.7000725105230146,5.9812457991360075,-9.078349247116227,1.6348850625951405,-2.2268928693301846,9.944240341040581,9.522179696711278,-0.22463177282658198,-0.26766707176252424,0.6006994640573939,-3.9514647374894936,2.050648069196844,1.3878479372978951,0.5371046515147373,0.4410758446548203,-0.8718810281528445,-6.286492202957817,0.4044089730442194,7.987247984534698,-3.290243166231343,1.4670841226871207,2.7677569191536455,-15.683459348856257,7.530237838819432
6.72378071097404,-7.080106944671051,2.6866613277112714,0.1772973264890807,-2.8444564083364963,0.1894817660451228,-0.5867762903864875,-0.32901156880253657,2.21000783435398,-0.17949958633771357,8.959920666636556,0.08871198530316526,-0.20383668601457428,-2.1128709508023977,7.833080833277247,-1.3715149654904661,0.12474834686988168,3.0521588773018533,3.858822227322558,-0.19023851222874633,-4.070666331107965,-3.1872615080177176,1.9430047751457815,0.5129719101736192,-4.850782565586561,-5.801253949436589,-8.81249328520967,-1.2659271462017818,-0.9627587864942297,-4.338830298978498,-2.7938093273127627,-3.3801001650466866,-4.916519511643752,-0.4859375158745938,0.6006994640573944,5.300937206814865,-3.7289574666026186,0.396499516279043,-0.4574428175530347,-0.440257314024876,1.3918104107655949,-0.42560437844799104,4.368190513410242,-1.6635643739181931,-7.59006714958262,0.5403055145608151,-0.38407820140707327,0.3945265157080595,2.052738791426336,-0.6442863940342849
8.884466377361207,-3.699451716120382,16.583966799199533,3.652295773838568,1.7939021831797668,-0.39847523466402557,4.317457670638795,2.37187624085542,-2.4750597999431747,8.986358231713943,2.863668274889276,-4.775543834891219,1.9976444482053313,6.6166303749111215,-9.561585927887437,5.524533547225721,1.4094520003286655,5.965149065239714,5.619683454749274,1.0649202785567935,-4.314572677639581,-4.609363694957393,4.099082093590432,7.907043213788782,6.0995396300194,3.1466542638575317,3.9686980199589774,-5.2844875416329895,11.652066134631031,-0.4996533055532344,11.721399998050142,-4.681094247095333,-2.7546799417345493,-2.666014632335535,-3.951464737489493,-3.728957466602618,8.174516054207658,3.422844328436245,-2.594876193641865,1.1844380813642286,-1.464536298714489,-1.5139082575664888,6.111648046867621,2.045932058744713,-11.653813696184482,1.1284267587025985,-3.277801920467393,-2.422198319313462,4.6674626939446835,-10.057360449987911
-13.568468300562845,1.8041404417544182,-5.23616554553167,4.4727958560918,9.790990924108618,-6.496079903876337,5.45036143296634,2.6986063525624298,-10.999252189656097,2.0953885919115054,3.911127697250758,2.9367812276271623,-4.1569934956704335,2.635546617451933,-0.6081393565739749,-12.527129863290932,-1.9441084011639762,-1.418115438655215,4.344931275285568,1.659702811090409,5.958957882977205,5.9830379884560205,0.5340504961597632,1.7292018684542538,0.3867827070397386,-1.3011431908872342,-14.086920122544537,-1.6378332016744444,-4.80748121615553,-0.03812172670970243,-2.372659921323412,1.1396947398917703,14.286085829636747,-2.8688085720976306,2.0506480691968436,0.3964995162790431,3.4228443284362444,-7.354126689252673,2.3038473091891767,4.8153312308737135,-2.924431681005915,-5.407222195164658,-12.867440739145877,0.3023957576349916,-1.5164086234355751,-4.189123137233815,3.261187077395474,-5.2406386931262565,-11.990860085503806,-8.136714170837282
-4.929270832065152,4.568200105174461,5.216542344061621,0.04981354273248817,3.999028817202601,0.24488591309818092,-0.7404427977017021,-0.7373685361228994,-1.9675466726483282,0.19870201975687452,3.2264011398089876,3.3897443065342716,0.04791548075547514,-2.743710663665593,-5.254194739175601,-2.8147965478971932,0.09630459111865494,-1.2909245623129508,0.44402790803637604,-0.32148873763551467,-0.34895739628032585,4.446690731417608,0.8463150206063332,-0.9699972137491618,0.2937856437271613,3.3851430450050053,-4.410230200088498,1.7502983673976547,-1.9536370980253264,1.0346018047934753,-0.04912318935044291,5.70350029294763,-0.6978858885291075,0.027723331501657095,1.387847937297896,-0.45744281755303484,-2.594876193641865,2.3038473091891754,5.490609959814263,-0.6425576041784534,6.589949539793818,-0.07237457401956027,8.472610006262775,9.02967769884335,3.6240122301419597,-1.0996149443067018,0.3401305835086481,0.026885279180260013,4.561013121095261,0.459621657191709
-6.018139559502593,8.7318810438524,-10.475723550313528,0.14677397624510935,2.5789035459895495,-0.34731919956044127,-0.011048260257437104,0.45988086228879554,3.585509559301759,-0.5691434831719387,-1.8305037860727231,-0.12522614065419369,-0.21658119399125408,6.1480815143652325,5.258902403220608,-0.018394124834148817,-0.17993509169963132,-1.743677960790155,1.848306677995048,0.7525061918291623,3.7475110988554876,1.0534947700617316,1.784875864125104,0.16690640735558243,6.805170904224563,-7.644633125888972,2.6836031100185433,0.0037111293566831627,6.836180643310354,6.702936350287766,-8.826162957593235,8.108799113184833,4.970719353025887,1.141654692062826,0.5371046515147376,-0.4402573140248762,1.1844380813642288,4.8153312308737135,-0.6425576041784531,5.073369727482271,-6.731748718533198,-0.07869390238112794,-2.7875386375748246,0.7227142020824746,-2.5025257367055165,-0.34445204331980184,-0.324793881134545,-0.08006625826102187,-1.185748514874907,-0.3839439538699182
5.308429889729808,-9.48997839122181,3.638778703411427,6.2534456704150125,-5.32081599640205,-1.2831685818701086,-2.210949695375148,0.029922249386701294,7.10195913027091,3.6352191375448166,-1.7743937418681666,-10.788457643315892,8.390259073382696,9.12427643090639,-7.256636699839764,7.879675770633798,3.028136692638596,12.588706830386226,2.94110996201392,0.9759501503777579,-7.409694922277378,-6.41340828564255,-3.422342901548862,-2.558673192839823,0.4506389506548283,3.4906295730692634,-8.724525303876602,-4.520187972670864,9.659328610876738,-9.23350863590783,5.346754048912783,-7.227872719896779,-1.1523351782101483,-16.01658419106879,0.44107584465482025,1.391810410765595,-1.4645362987144894,-2.924431681005915,6.589949539793819,-6.731748718533198,-8.073237726611191,-5.037171079169293,6.779642281487999,-2.2620740373383565,1.7378018798643806,3.495926648742179,-2.2683882448896355,-6.543970381979203,4.4428757398269125,-5.456207111335359
-10.665635153115439,1.6531716526796325,5.376209341270917,-0.11384303361744297,-1.136488564173814,0.4607180959169014,0.019969452838150492,-0.6067892246589497,1.4702525756239753,-0.8743143801243758,0.5650768162546927,-1.048832542183547,-0.10925939057497613,-3.4768237767441224,-0.8683727920756327,0.15545265301956268,0.599841689017312,6.499648279730502,7.977821878002597,0.12339763470757553,1.3647109571745588,-3.6945573802752243,1.0572868592888802,-0.7464249024977281,7.372079951687058,-8.541999645956446,-3.057819241735698,0.4925415308143425,4.59036521051517,-5.956784360136911,-6.514338238295492,-2.119553223538776,5.76383436491094,-2.668809161781945,-0.8718810281528435,-0.4256043784479903,-1.5139082575664875,-5.407222195164659,-0.07237457401955992,-0.07869390238112745,-5.037171079169292,5.337001438282801,-4.328474449517782,-0.7769353382758472,-5.887082232126187,-0.30997415702967734,-0.29451445575708146,0.007607055827760334,-1.395051117169289,-0.8024662156100391
-15.355046701488567,6.768149121290357,0.44791463697237144,1.823090980412167,3.4158079560628547,-4.977395497290635,-0.6273102569130046,2.7476248690908287,-14.954114075430747,0.6708584650578373,7.199813898790783,16.938769222516335,2.6886516310690425,-8.229508485917854,2.8693922047007647,-1.1583017910701132,3.4970866615167995,-4.338744185574873,0.11752503982641421,3.2452662396963228,9.912758984523386,4.948953350625225,-6.15325899834767,2.5509860628221275,-2.7830168756649094,-2.705502339089972,-5.766262357462312,4.9598874259094226,-3.798475676192379,5.610204930614596,-0.8255094137040512,-6.403000511473419,8.132202738517398,1.2689100344648097,-6.286492202957816,4.368190513410243,6.1116480468676215,-12.867440739145877,8.472610006262776,-2.787538637574825,6.779642281487999,-4.328474449517782,4.03350087986463,9.19872640152999,-2.889748625867753,-8.04443979559143,0.8170628280285234,-2.742001397351626,-10.613797474444784,1.3619713136344596
-1.7082155005127027,-8.248494258314446,7.6718309132502505,4.869162566985045,3.678365786290933,2.418825599615632,2.196169540935421,-0.14347242345142314,14.834365476496826,4.1018814407765,-2.8174030388459217,-8.954108111720316,-6.016974710954975,1.4664900882034897,-2.041709080323543,-0.9288771851708663,-2.209882900442803,7.4364004072254435,-9.51839153780238,3.574231457776958,0.2637984656784468,-5.225875897506204,4.749098814557458,0.11514445099199064,4.8071701878257524,6.0840070002832265,11.741646300217738,1.4285590322196735,3.055935764892487,-1.3504482588664475,3.187121075441453,-0.8520087516323748,1.6157130816423302,-11.77840074637724,0.4044089730442194,-1.6635643739181936,2.0459320587447127,0.30239575763499116,9.029677698843349,0.7227142020824744,-2.2620740373383557,-0.7769353382758479,9.198726401529989,6.337840825819395,-10.64530876397251,-4.209599985573602,1.6876732895349151,6.590794197571764,14.709052518646605,5.801285703085896
3.25877206191305,-0.7583586497964744,0.8157949725274952,3.156580204634542,2.1714939239559508,-2.474651244024189,6.748096447505141,2.1777494698978113,11.690440308130237,-1.0809319916570663,-10.598270964870185,-1.0073346793705968,-0.1823511759570111,4.31680170663238,1.0505066933871732,0.08944252709089628,1.363516884849408,6.336450151747774,4.466747490356094,6.606093469580345,0.46576975394536024,-12.303429653689328,5.188499667908394,-0.20951093263776302,5.954606076242337,-1.7246510261583348,0.07192723520835231,5.889763226841107,13.964445554991991,5.7384629820944735,4.709829423753833,-1.5962029252563372,-10.845663325549712,-5.01650756306774,7.987247984534697,-7.59006714958262,-11.653813696184482,-1.516408623435575,3.6240122301419597,-2.5025257367055165,1.7378018798643806,-5.887082232126188,-2.8897486258677527,-10.64530876397251,-10.547834665175962,4.2534264179484556,4.328319117850699,1.9078905786989693,8.274268830066754,-1.017469854186853
5.701602850891353,0.18943418574886828,-2.402665964538028,0.34155914942538246,-0.3916538036070405,-0.22093474031120824,0.09720521322307407,-0.06703682993283344,4.581682017067189,0.29295837891647447,2.0654081106252113,-5.415847845289256,-0.22220970542509078,4.758585469913693,-4.594508761036433,-8.581208432552314,0.2390323424267241,2.3116848523781015,2.5009047186001605,0.427715524452855,0.29450617434618187,-3.354410150077819,1.0403063902167036,-0.14591729844006743,7.055305995872556,-2.8344063510107134,5.600830484795777,4.232062715677949,1.589147280215193,-5.372896960072719,-0.3318435235501451,1.1589504724371666,-2.403581142927775,4.414416848203282,-3.290243166231343,0.5403055145608152,1.1284267587025982,-4.189123137233816,-1.099614944306703,-0.34445204331980156,3.495926648742179,-0.3099741570296779,-8.04443979559143,-4.209599985573602,4.253426417948456,5.404119974206285,0.45880995926745427,-0.5393432271498584,0.14566484363607812,0.4070380238742388
5.435977017102064,-8.564224020538257,-3.269822144052637,0.39632131025581563,0.5102646774524309,0.42474992303843145,0.05562170110340525,-0.04732185041935166,2.9820490025022113,0.037021410128022625,-7.525537532447114,1.3480063341205768,-0.248265376023164,-3.403410707686824,8.606251705545752,2.332240703315228,0.015809727888826855,5.874741432999082,9.395759166717069,0.39928020175276946,-7.51976241780798,-2.2456767800042488,0.29309302522545433,0.13954442821404317,6.332362232468951,-3.9258284637956424,-10.118989560794265,-1.0475132221086472,0.21800848220949176,0.10004839361269546,1.3221586865288935,-2.375611195675353,-3.0404438142797887,-5.127931012546035,1.4670841226871203,-0.3840782014070727,-3.2778019204673923,3.2611870773954736,0.34013058350864833,-0.3247938811345452,-2.2683882448896338,-0.2945144557570809,0.8170628280285221,1.687673289534915,4.328319117850699,0.45880995926745455,5.466003824654885,0.03156520390410572,0.1309609934722631,-1.1169377234748388
-1.5979050902598348,0.9348212843726968,-7.914613430308401,-0.06480316099451852,3.880799419543429,0.6647517520671232,-0.05967961145312928,0.4824290050931327,-3.4554201738620747,-0.2611161736558374,-1.2657863351740075,6.024948297361453,0.4383156667054954,0.6718403369656851,-7.210850969136853,-1.898958130332843,-0.3730999892891724,-1.452366500638392,-8.248247837314803,-0.9530384377910178,-1.1298838949298806,1.77770596036154,1.008412096861277,0.8881288981341461,-2.3898780393973538,-1.8532604429976138,3.3483011220981274,0.7199237344246456,-2.182355773092032,0.5619374155644404,0.39153670618994363,1.6396997597009064,-7.7107605380549105,0.8518538557970975,2.767756919153646,0.39452651570805913,-2.4221983193134617,-5.240638693126256,0.026885279180260506,-0.0800662582610217,-6.543970381979204,0.007607055827760945,-2.7420013973516264,6.590794197571762,1.907890578698969,-0.5393432271498588,0.03156520390410544,4.875250715154218,-1.3331188246187535,0.09336188419396363
2.7114044190521254,3.0231880603205434,-0.558844382908132,-0.46869410156306707,6.812034898871949,-1.0637896839924215,-3.144766884296556,-6.428846264681869,-9.940138915016494,6.7909980651489965,15.310412917160797,10.940872405503997,3.977957735417436,-14.237221391460539,-1.7561667837881787,-5.348411558468343,3.101931192283228,-10.862394628076274,4.133831782559326,-0.6202944091031981,4.2172137091283,5.950315864941659,4.182518778121635,-4.165950573890829,-9.96082839903793,0.9775523062430773,0.9964903369273248,-1.987889611311942,-18.532276646705125,1.3396955018367835,-5.680441163440467,3.563121949870877,8.780963615741234,-1.98661372414614,-15.683459348856257,2.0527387914263353,4.6674626939446835,-11.990860085503805,4.561013121095261,-1.1857485148749065,4.442875739826912,-1.3950511171692894,-10.613797474444782,14.709052518646605,8.274268830066754,0.14566484363607743,0.1309609934722623,-1.3331188246187526,7.406155291056583,3.281810581644975
-0.029450260682335694,-7.8775423764623635,1.256735688154518,-0.01792125661107158,7.277463355092459,-0.008425950910913027,-0.7364480782190271,-0.320532328248333,0.006363142602864413,-0.16833202442458767,-0.16079403636712652,-7.351910780442743,0.4038577062387907,-9.388670194137143,3.041934086547878,4.735324850469023,-0.5951434638500676,-6.228633019320813,-3.437595207832875,-0.2725124177533311,-1.1640116505332743,-0.814617523413959,-3.1159088810431297,1.0292377422831207,8.736733000915878,3.5038361153908912,-1.87526291664675,-1.7702720152329652,0.6465660280542216,-3.6194136117530245,4.367880955260078,0.17463523762011712,-7.0416147229104915,8.108012293399542,7.53023783881943,-0.6442863940342857,-10.057360449987913,-8.136714170837282,0.45962165719170966,-0.38394395386991836,-5.456207111335359,-0.8024662156100397,1.3619713136344596,5.801285703085895,-1.017469854186853,0.40703802387423804,-1.1169377234748388,0.09336188419396374,3.281810581644974,5.2374721275445175
