n
50
c
-20.72093280098483 -202.24835929449645 -12.224551725919753 -158.3976995657596 207.8116743662208 -215.29380907600333 184.03840660769353 -10.196619564951032 -16.12147079139391 182.31719922608747 -16.945666068485647 177.13843506821598 9.678636503051404 -149.44362428103986 19.018689794115552 194.34901059033405 -11.366060986210142 24.97925376814421 19.34536366027651 11.354588364506881 -7.89549186824004 -204.15655419367073 150.70342871915173 -223.71539210763476 -161.67902449900885 18.977994976073692 229.68316081053894 -144.40970613433166 -26.340188768345712 200.3511999440475 -200.06174591961036 204.59576799953956 29.718865344210716 201.28622405825107 209.06713228387017 156.599936147354 -181.70066505818227 -27.01672946718401 210.43614367679115 -204.73473083338448 -10.93216661805162 -220.65433745818692 192.65591388003128 -173.82492734901447 -13.178929915009977 165.24279121641854 171.7223941397726 -51.951583122998734 -1.229057668433685 214.8325691113995
Q
4.578540755352724,5.936986347775805,-0.12170372418027808,-6.660062962644143,-1.6122440593427219,-5.393955516543645,-5.638487537822982,-0.1266009196479968,0.6619889246307248,6.221036787916982,-0.33693971775561404,-1.1952909575516095,0.17225589868454816,4.6859133687557915,0.23072380456550934,5.129606740692055,0.7431300551368161,-0.7974975097335221,0.16217918655703895,0.2451167838810535,-0.08726640795028617,-7.525046746725786,8.372036601227759,7.992208037282548,7.054251075412745,-0.2627980346260581,0.09063568256213606,-2.818949744761715,-0.37267246741309545,-5.157323451657866,3.2788293254756082,4.649096937294371,0.1676318112591451,-1.6472524041686103,-1.5892024964843114,3.7214301580146194,8.194354006834546,0.09766299918005633,-8.342984485109902,4.981808827606925,0.25043606650475764,-3.1366702714299026,-3.148228917647989,-0.7637155640365404,-0.5413943839371465,-6.424523964645725,0.28855898760679966,1.2008907585232635,0.385649307247223,0.9958724834396633
5.936986347775804,11.641663363704893,-3.1397315620928588,-10.796913476805663,16.295115875125184,-4.345643410788616,13.106374567500117,6.034577220084662,-2.4695486003076086,5.692247961355621,3.9962241519536725,3.941233529089627,-1.0409259201853915,-13.064436993928588,-5.896601336962929,3.4094078836787163,-2.1826452300934007,-4.481104155088949,-4.565879961331001,-4.386333558163206,2.7413569630097783,-7.677890784520515,5.7274713533509924,-1.6799226694874898,0.9425035506808513,-0.3433369217427062,-6.225827172084838,-8.638003988068078,3.9819086701675297,-3.571080599933504,-5.179132293419224,11.561314184794316,-3.9751117597024037,7.5634841365601995,-0.4422496711508192,10.120356734002955,-4.633823755761351,-3.113641921860445,5.356845791809208,1.1393470125306404,0.12130004116623094,-7.5220794015831345,1.4736014769580899,-5.703166637757757,-0.7846764175159726,0.6922887273211725,13.079887501125205,-0.03187295618178959,-1.420685220129541,5.059838629519241
-0.12170372418027758,-3.1397315620928588,4.820879580758173,2.250755731091791,-0.6056015258337926,-0.2335883852688565,-8.437019116411111,0.6293389762920911,-0.1536375861808581,-3.7289178308914366,0.38092551786960543,-6.584191375848853,0.1986566412049291,-3.7512398778908445,0.5123677750231305,-3.9606134375267885,0.1764755550145265,-0.16671264082914025,0.22948705811557113,0.31663493248114394,0.0377439452604483,-0.1290287683438368,-1.7633710858704719,-2.295188945078632,-6.658643650391609,-0.2455098148830829,9.084317921646916,9.332770560356177,0.5276431827030424,4.346521129314594,4.964171925139618,4.771848968957087,-0.5080421352804684,-8.24751605222416,2.665431069257057,1.256039966599142,2.525958060807028,-0.6460492369792376,-0.9161132363101273,-4.466613351899915,0.09886165176020739,3.168864507990156,7.4307810583984955,6.792523473125048,-0.4289596555993258,-4.774326625475308,-8.975808006049578,-0.47480878623240513,-0.32818675222503346,-0.606668071465615
-6.660062962644145,-10.796913476805663,2.2507557310917914,9.436820240097102,0.9229896970463974,-0.9584727407433393,-2.3196197444623086,-2.5247596990455525,0.21502622454184003,8.327225783484288,-2.0840010017417514,1.4612165761307296,-4.435511180012198,-6.854726867063631,-3.2996997813150717,2.2784501452098835,-7.123735475785942,-8.84330705992426,-4.7588837610355,-0.6643559912518491,1.4690789391315588,-6.240190770121955,5.413321024372381,-6.1476284449148295,-10.3746482236009,4.275661700693351,8.19400749642856,-10.391361820240851,6.621070409322836,-2.573773390989178,-9.40002263672907,17.04079030807767,-7.390642330303167,3.4693532534213625,11.69345026590017,-0.833265469395923,-10.059766882156449,-4.011827888074774,6.873416310138217,-8.103656269861599,7.346500507673262,-5.146987721098899,9.960532710470533,-9.85983577449641,4.749928005900485,9.690096470799244,8.493446062421981,9.286166360739088,0.4905100689042602,7.795469240839024
-1.6122440593427205,16.295115875125184,-0.605601525833793,0.922989697046397,0.9914696680126536,9.286939124290846,6.351801747260119,1.8963447983502335,6.639244179026862,4.76151568226363,-4.659006478970801,-6.856459655145261,7.994412341417629,3.9239383397076093,0.08693574609458621,-5.387904857181537,1.7790258283151763,-8.562081070930121,-2.608579305668508,-4.349499267297801,-0.7074141713604969,-3.6489718240529854,-11.780712880108364,1.9716243929429187,5.088679179188528,-1.1495403682044898,-7.434439379453575,12.333730636718634,0.15162334508096043,-15.83245355684662,-1.4730317908274724,-11.544004080879951,0.14085731473056431,-5.123656283242877,-15.18455029620797,-5.345610084950977,14.32766074581368,4.787123165032071,-9.460497993680619,0.8305069020684626,-4.189475236594,6.1551413033164355,2.5891919760169997,-0.606319066852067,-2.3306912919114944,-0.7476598813463213,-11.403754254534787,7.11473407720626,3.1251332333345,3.9761457268592517
-5.393955516543645,-4.345643410788616,-0.2335883852688565,-0.9584727407433409,9.286939124290845,-5.336435507584204,4.255752902676168,-4.384779837649672,9.64267889983989,8.355156701932176,-2.128505620267497,-8.168716209253061,-0.9317576414329212,-9.51894075520409,1.1283112574671006,2.9895109360300993,10.056309576511902,-0.9625131505356541,2.4066090255062553,-5.942078308765119,-4.412643505240956,-8.934298334983183,3.586461036347714,-2.560844467926551,-10.833897367480143,-4.3174279521561125,-0.5563718864007489,-15.28447410452936,0.503300905527163,7.365953484242349,-5.917857599063679,12.601752148433066,5.853691972424818,0.295662970134297,8.174714374335464,-0.31842804606347364,1.0462361616767428,3.865827982814791,5.504876013834823,-7.246459292615761,9.105539491067812,-3.0587000881601805,1.6914730532570843,-4.10767923042854,1.187862393982865,6.697620161636455,-1.8336875490722828,5.9162654162165245,-5.698825744396009,7.168547340170415
-5.638487537822984,13.106374567500117,-8.437019116411111,-2.31961974446231,6.351801747260119,4.255752902676168,9.220734260944369,-6.352890224780215,1.261062406430768,-13.918840398743274,-6.0209799480443165,-0.6592084726279068,-3.9785141519898963,3.4797694685754736,0.5300442672632332,-5.901553100976143,3.168105317457232,-1.0589789865838286,1.4874627498465904,-0.2787735687879222,2.8213940254067986,7.789422908843183,-1.7349667140543883,1.6001294047232362,3.5207932154983457,0.3472303161406956,-1.9356703612455024,-0.6428501410560752,4.0253179112320066,-6.949264055572773,4.679811151471569,-6.594691821393232,-0.8782174222169865,-4.902345075373442,-5.016988559504217,-6.354246858343474,4.3255899268810305,5.66512941105832,-2.6181003919898713,1.417392863610429,1.3798992726879522,4.7359010391814955,-1.9731140082767284,2.84141146794715,-4.237801254120872,-1.5849178815581735,-16.391903737240206,0.571604005740521,1.2062410243765727,-5.642622900824685
-0.12660091964799713,6.034577220084662,0.6293389762920902,-2.5247596990455503,1.8963447983502335,-4.384779837649673,-6.352890224780216,4.893066138936246,0.2021423270901335,-4.6869297979872675,-0.2512876963504387,0.9447629666075031,1.1369682688977558,2.6327699990752067,0.5008448869979194,-0.312939852752669,0.14334621701346728,0.20833321092378998,0.11425307098131615,0.1291077578869259,0.2646681603139485,5.193277700252872,-1.4443684985315839,0.2979080870284989,-3.6645530809981928,-0.13110354659174228,-5.063708523482293,2.5443443779068353,0.08304032025987773,-1.8824913924781828,2.126719023089585,-0.7683716464851407,0.42281953375031267,2.9504803407559046,9.2994390499883,3.440043364744902,4.248438361568874,-0.10048912420255474,-4.593292397971419,-4.311996424052744,1.1082517288588234,-1.020772127414589,1.8581022510356553,0.14220663093317265,0.3604116600473116,-4.3873069414944,4.760309437173992,-0.7060520006513364,-0.05748159437491002,-0.8557120016677963
0.6619889246307257,-2.4695486003076077,-0.153637586180859,0.21502622454183928,6.6392441790268615,9.642678899839888,1.2610624064307685,0.20214232709013324,5.221683521810398,-9.125368134942839,-0.14116592636272812,-0.8434283922821694,0.6127105519486283,1.3357422298275359,0.30750102562601755,6.1685525044862874,0.018718097278268453,-0.4388852554489835,0.3894671610054601,0.16435048200362923,-0.5160428410222733,3.7248650361574995,-7.159077413224887,-4.120831853119931,-2.782915408552853,-0.14234519683244962,-6.389909405977303,-1.74414678924195,-0.49870941306916383,6.891377394709753,-2.57095734815062,-3.5186060619564747,0.03136670587452706,-6.306774152688895,-6.672473842957836,5.843590782442388,-3.0054850767389323,0.26488393908211716,7.8043060016766574,1.8229450822247613,-0.5388031277407432,7.444725034116517,-1.3423949270172302,4.275839814825209,0.1155904873914918,-4.162284855397828,-2.4266769873446523,-0.9237640402042685,1.3790595217282688,-6.229336111633863
6.221036787916981,5.692247961355621,-3.728917830891436,8.327225783484288,4.761515682263629,8.355156701932176,-13.918840398743273,-4.686929797987271,-9.125368134942837,-10.629630227925908,-2.223807685793829,-7.394675823866015,2.8122666300803445,0.13618321354168167,-7.137936580337797,-6.974064447057735,1.4156416098306606,-2.3121198499527598,7.185447548602464,6.789240909515365,1.3454452582513199,17.900273704455014,-8.554382509752193,7.1014548508009145,10.37576408105705,-0.399896292437407,-7.285111912168512,0.008805466843913923,-5.362361819075307,-1.6084213447084093,-2.846721079023691,0.1392178833156561,-7.527101984635555,-8.974007943484656,-3.6286718611433217,-2.6280494284037568,8.208522883115421,-0.7557235988379108,1.9073822064075963,11.649738458649583,-7.03254150512541,7.65957427054073,3.1730857825862033,10.410377491764445,2.4908713833869527,2.8141186887878744,-16.848723957079525,2.7585066096723283,3.7119384176330548,-13.642160078053921
-0.33693971775561393,3.9962241519536725,0.3809255178696057,-2.084001001741752,-4.659006478970801,-2.1285056202674966,-6.020979948044317,-0.25128769635043846,-0.14116592636272707,-2.223807685793829,5.16212254698641,4.364200520049727,-0.5855548218955544,5.948225463632462,-0.13913533107899356,3.2129088551199816,-0.12672054088677087,-0.20804348338214496,0.7128656323628434,-0.059136342721582524,0.7048077550072763,-5.820177344476785,3.8072441125907592,7.564510590790225,1.1905081533286876,-0.6239741839445245,3.9069380585805282,0.8958324278587043,0.4325244494263416,0.6334488365470204,-0.5475529790881264,-1.73237057370065,0.11916234692848215,8.899354372364401,-8.94829986623458,6.668868401612038,0.43258933786338527,-0.09676594433333219,-0.7290398785979813,0.5334253704898779,0.6329238415068659,-1.8258877613661304,-0.28443630044601703,4.586902278704617,0.12536830891038325,6.120113037813906,-3.972272490049117,-0.17396088059968062,0.2851791402817591,-0.4486006058718972
-1.1952909575516082,3.9412335290896277,-6.584191375848852,1.4612165761307296,-6.856459655145261,-8.168716209253061,-0.6592084726279064,0.9447629666075033,-0.8434283922821688,-7.394675823866016,4.364200520049727,11.55346247028342,-0.3978149485039678,12.102252092682605,-0.8339244903258076,-3.4852170273357834,-4.172449956646945,7.548566555854371,8.947703067464271,0.5250267639704382,3.6581148712698854,11.86436548694669,7.068671797614197,-5.938926660527221,2.3438093605708796,-2.690095275378831,4.521459551775236,13.40219893927296,-0.08657169902974426,-0.5230060627340327,7.538083850429646,-2.4555729875153895,-2.826010109251367,-3.9704686929325987,-3.0304927180745374,-6.873741152566323,9.615770704927849,2.7016513044048276,2.262455174261562,11.655594196366565,-2.3001571953050557,3.383906487582768,2.8006487235896316,-5.348962510875724,-2.7268401204408734,-3.3631790031744107,-1.7829754916965794,-2.3674498176784597,-5.823662938792887,-9.850376139040678
0.17225589868454771,-1.040925920185391,0.19865664120492865,-4.435511180012198,7.994412341417628,-0.931757641432922,-3.978514151989896,1.136968268897756,0.6127105519486283,2.812266630080344,-0.5855548218955533,-0.39781494850396826,5.469209462254938,-6.637548703971763,0.14612590442369022,-7.4976964857629405,-0.203377210807325,0.5165242498441609,-0.33146643960330974,0.4295633330419814,0.39310508643658504,-1.8021181813020355,-2.2090771613498013,-3.2946579663783337,0.3660082496080178,-0.8354333926456396,-5.611729832047955,-4.557265485296722,0.663054247493839,3.1504009389067864,6.247932191949806,-1.2701104825942398,-0.11241813733232942,5.101590312133133,0.14328286162179382,1.419462648019414,-2.399160660662461,-0.4693039600778556,0.8359439549316126,2.78037425807454,0.42658187214293775,2.4088052642127096,-2.253544912706373,0.733555928505496,-0.22661935180736678,1.55951165910574,3.985585842726269,-0.46531591990166615,-0.7119000952349923,1.4907855608390772
4.6859133687557915,-13.064436993928588,-3.7512398778908436,-6.854726867063631,3.92393833970761,-9.51894075520409,3.4797694685754736,2.632769999075207,1.3357422298275363,0.13618321354168222,5.948225463632463,12.102252092682605,-6.637548703971763,-6.46815478446992,-5.87476413900549,8.075041490541022,-2.361690646123464,-0.9156552033383396,0.059817140832256976,3.391931006329389,5.074748177140754,-10.38622102008464,7.094349840456044,-1.5585329594813082,-13.074610169788535,-3.0153913618324344,8.019706411808096,-5.916944516531315,3.757880682891738,4.275206537462753,-11.99561929279177,5.028137947076555,-6.419476601183538,5.459473895637755,7.668598160313122,9.473817277992234,-8.305618692319843,1.8536262045206033,0.40486771318996506,-3.3916408134707043,3.4217616255106202,-0.9358946450047252,6.4994063496575425,-14.63363071566795,-2.521485753136448,0.7954207779547859,9.703610229779581,9.141166597629516,-2.127857633515523,0.44105864522313953
0.2307238045655089,-5.896601336962928,0.5123677750231298,-3.2996997813150717,0.08693574609458754,1.1283112574671008,0.530044267263234,0.5008448869979211,0.3075010256260174,-7.137936580337797,-0.13913533107899378,-0.8339244903258074,0.1461259044236899,-5.87476413900549,4.7250835790742105,3.62638765700442,-0.4351738035259347,0.7159055419232148,0.2331967833439298,0.1950807991684127,0.5789075079338373,2.9199814279751832,2.2417934833664015,3.2809112920578514,1.0861902262233083,-0.05741916364425792,-6.375643864364067,-6.957361696468534,0.3740727676256399,9.229073648926185,-6.214237134505423,-1.2345758169257393,-0.6804976408728063,2.68232051705881,7.591967848214778,-0.2975673163487895,-4.405241354647089,0.3021359490868489,-1.7236611188271356,3.9296127927349582,-0.10125080502550404,0.7207958019628989,-3.5664847353815796,-0.965189279532158,0.10829108153001488,-2.2886824746667944,1.8320797575984442,-0.3249292790610758,-0.2078553604642312,4.855648340475604
5.129606740692054,3.409407883678716,-3.960613437526788,2.2784501452098835,-5.387904857181537,2.989510936030099,-5.901553100976143,-0.3129398527526697,6.168552504486287,-6.974064447057735,3.2129088551199816,-3.485217027335783,-7.4976964857629405,8.075041490541022,3.62638765700442,-0.06842354243768867,7.7909809010176865,-7.175012218643001,0.031915802949044725,-1.4535504548238998,3.8288978016957564,6.614111788996774,-4.241833363864972,10.33577770281659,1.949265486197538,-3.12345371013385,-0.1988054033637257,1.0398919782386895,-6.080478774192051,1.6903001885659596,4.194065145393463,-6.093554918189673,-1.8641531846102954,-5.29080610839214,-8.787254167423102,-7.287652544593501,-0.28750227237051773,-4.781023045691681,-2.560253332314992,8.240154682659641,-3.610022865704634,6.000034763247687,-4.678744459935645,4.87802933008502,2.203977454167041,-0.49553875786478474,-8.700784643718935,-2.603938742197065,9.065807821454833,-9.554428604423437
0.7431300551368155,-2.182645230093401,0.17647555501452716,-7.123735475785942,1.7790258283151759,10.056309576511902,3.1681053174572313,0.14334621701346806,0.01871809727826701,1.41564160983066,-0.12672054088677087,-4.172449956646946,-0.20337721080732596,-2.361690646123463,-0.4351738035259354,7.7909809010176865,4.120422940846285,0.2862454355225754,-0.33902977593201056,-0.6825205609138068,0.11843352613625174,-3.8665199889428505,-2.713132349238606,5.43765747478866,7.317996674794132,-0.20731650587386385,3.581215500784509,6.72219206752167,-0.03754349852223893,-1.1647251015996238,-5.232554938999933,-3.4484705597769123,-0.12789096294868862,1.8074324482837556,3.660006777315458,-8.151911090751302,5.344554117799145,-1.053823878761635,6.4722286317119915,-4.155518368129583,-0.0238131132688022,-1.5597436574111647,0.07913167648433726,0.18191777501748652,-0.6290782061879489,-1.1558196489914887,0.39680137406637184,0.41662178002315564,-0.29854439947382483,-8.986192910943094
-0.7974975097335211,-4.48110415508895,-0.16671264082914075,-8.843307059924262,-8.562081070930121,-0.9625131505356553,-1.058978986583829,0.20833321092379098,-0.4388852554489838,-2.31211984995276,-0.20804348338214596,7.548566555854371,0.5165242498441607,-0.91565520333834,0.7159055419232141,-7.175012218643002,0.2862454355225761,4.961924006131763,-0.16489206024084913,-0.1463719427050323,0.2822062460901445,-8.32409696393126,4.159193330199829,2.492714266119213,7.314776864341978,0.4122768568385216,-7.305066140399786,0.7642431349854704,0.22293871059841464,7.7484165458470216,-2.516550850215081,0.6597994825415078,0.2356616204839186,-5.377571639384124,1.0523644113166888,5.7314891685381655,0.504940098447626,-0.7395966747234444,6.613992383801455,1.8487168323382481,-0.018409966984731838,-10.117836348190076,9.400713291538748,-1.2770933941276186,-0.1751506600754782,1.9982470513514037,0.201128006965813,-0.4424079243698089,0.011821539207148235,4.364270785894242
0.16217918655703878,-4.565879961331002,0.22948705811557024,-4.7588837610355,-2.608579305668509,2.4066090255062553,1.487462749846589,0.11425307098131685,0.38946716100545953,7.185447548602464,0.7128656323628433,8.947703067464271,-0.3314664396033109,0.05981714083225653,0.23319678334392946,0.03191580294904495,-0.33902977593201156,-0.16489206024085,4.727877467353583,-0.008186700128789526,-0.5136271827829385,-1.5862254842848436,0.9652424663625419,-0.35179179591524334,0.8424653818809451,-0.29999806073590174,-0.5224602338803889,-7.916841276357333,-0.5954654638144219,-3.9593796500116625,-2.2713408053179105,0.629595160591415,-0.20477923777870055,6.661850514538118,-0.7709561138102614,5.317672936701184,0.5009767563420058,0.7050781315762565,4.25448174308452,-5.012523621485418,0.2766804589913414,-3.6365587121116425,-7.740703084438563,3.115531455336442,0.5533345257615458,-2.012335960243824,3.084563985497547,0.030552893641628873,0.4104177893704731,-1.613418653359191
0.24511678388105373,-4.386333558163206,0.31663493248114366,-0.6643559912518491,-4.3494992672978,-5.94207830876512,-0.2787735687879216,0.1291077578869253,0.16435048200363078,6.789240909515363,-0.05913634272158165,0.5250267639704371,0.4295633330419828,3.391931006329389,0.1950807991684126,-1.4535504548239009,-0.6825205609138068,-0.14637194270503318,-0.00818670012878947,3.7441436387577154,0.44541090297519903,-3.087454589029662,-2.330626433756461,-7.332134377596353,0.3153032481545315,0.27290348082176696,-4.742896362536724,2.8210194047592414,-0.034402041701441566,-3.492256477572415,-3.061637592904076,-2.4783846608224884,0.11362134784860989,6.907267759045859,9.192011738137333,1.6084148194515238,-0.2874565461030666,-0.20848986339317266,-6.804802511460759,1.877143057331102,-0.3140699306487502,-2.3320839941091265,-1.4054720823646436,6.1810388617462575,-0.7137915436164448,-3.9795157233988454,-4.348112579019255,0.29228820498492575,-0.5928461534048819,0.8094230400562731
-0.08726640795028562,2.7413569630097783,0.03774394526044805,1.4690789391315582,-0.7074141713604967,-4.412643505240957,2.8213940254067986,0.26466816031394874,-0.5160428410222734,1.3454452582513192,0.7048077550072763,3.6581148712698854,0.3931050864365847,5.074748177140754,0.5789075079338374,3.8288978016957556,0.11843352613625124,0.2822062460901451,-0.5136271827829383,0.44541090297519914,4.426385587854799,-2.252958143278778,-6.71962895198054,-3.2912998019785795,-5.747897170275687,0.554252883338539,6.8423155751479365,-1.3841022500324016,0.8769130625445488,-4.872327290591405,2.371990030380192,9.529045386638156,-0.22989795784113365,-8.316745872065098,4.05864423503048,-0.07158985483611069,1.362296571401207,-0.5094523403514996,6.473515340995229,6.982111689197408,0.08669147765171065,7.769849661704748,-2.6838011535119097,-6.789047485138684,-0.5804818106158209,9.119327694392302,-0.0554794529459966,-0.6153197075954737,-0.177382707079616,0.6430003424213483
-7.525046746725787,-7.677890784520515,-0.12902876834383759,-6.240190770121954,-3.6489718240529854,-8.934298334983183,7.789422908843184,5.193277700252872,3.724865036157499,17.900273704455014,-5.820177344476786,11.864365486946689,-1.8021181813020357,-10.386221020084639,2.919981427975183,6.614111788996775,-3.86651998894285,-8.32409696393126,-1.5862254842848442,-3.087454589029663,-2.252958143278779,-1.4313357941041076,-0.5877982528574537,-2.9288075176782957,-1.61547032173767,-5.057116866174304,9.454733438231575,-4.072112647532137,-5.583428238726707,12.256761660951446,-16.493960118690254,-3.8493394302963355,0.7988128402953486,-5.016403032086595,-4.172863023848949,12.16600558676804,7.219332165476237,6.008939588314471,7.303301767351055,2.7090377344718073,-2.2816090193137986,4.0627497658867,-2.580428129387146,3.3351200152699647,2.325919027344805,9.294856548216702,-4.645700478828248,-0.5764222595655878,5.932944814262144,0.9935137150042563
8.37203660122776,5.727471353350992,-1.7633710858704708,5.413321024372381,-11.780712880108364,3.586461036347715,-1.7349667140543883,-1.4443684985315834,-7.159077413224887,-8.554382509752193,3.807244112590759,7.068671797614197,-2.209077161349802,7.094349840456043,2.2417934833664033,-4.241833363864973,-2.7131323492386064,4.159193330199829,0.9652424663625419,-2.330626433756461,-6.719628951980539,-0.5877982528574534,-3.662053489865672,11.853077641670716,6.218818550085421,0.32888824016460466,-14.226704159934387,5.432649569006086,3.048024884703759,-10.374102513857457,0.3525943315304907,1.2248719432720785,5.550978271153947,-3.9947182200843123,-12.334963569812123,-10.483056250597915,5.270306371034278,5.148363039165517,-5.3455648078935925,12.311861537783056,2.6029201998623486,5.819485796012042,-7.83487509614011,4.350475217176551,4.326753253773713,-4.560365428112437,1.0133857339713321,5.816774671726506,-2.928781526946049,-11.746205569714238
7.992208037282548,-1.6799226694874905,-2.295188945078631,-6.1476284449148295,1.9716243929429176,-2.5608444679265507,1.6001294047232368,0.2979080870284981,-4.120831853119931,7.101454850800914,7.564510590790225,-5.93892666052722,-3.2946579663783337,-1.558532959481308,3.2809112920578523,10.335777702816591,5.437657474788661,2.492714266119213,-0.35179179591524323,-7.332134377596353,-3.2912998019785795,-2.9288075176782953,11.853077641670716,-8.404002414605834,-1.144924754710626,2.3827412443090807,-2.723953568847849,-2.124910199836654,5.765188569125727,5.229749482707055,9.123223699429879,4.225435414930248,0.09033597152500872,-4.019887243396699,17.002817093093704,1.2963468482162182,-7.350781523295479,2.308090028263749,8.065196732312964,-1.412496563882183,-3.474118243327025,-6.455517811177186,5.82656116272238,-2.70145164986594,5.945978537052056,7.902302177572115,4.9350619845955155,8.95404963614722,0.8070408355850811,4.323159518381006
7.054251075412743,0.9425035506808507,-6.65864365039161,-10.3746482236009,5.088679179188527,-10.833897367480143,3.520793215498345,-3.664553080998193,-2.782915408552853,10.375764081057051,1.1905081533286883,2.3438093605708796,0.3660082496080179,-13.074610169788537,1.0861902262233083,1.9492654861975365,7.317996674794132,7.314776864341978,0.8424653818809459,0.3153032481545325,-5.747897170275687,-1.61547032173767,6.218818550085421,-1.144924754710626,7.263861781401462,-9.969541773133448,1.1264261376741316,0.23781485562791788,10.540335834005026,5.466286180580558,-1.8540313751730368,8.203119145671081,-2.0340438416196145,10.700518865762648,-7.5424088736270996,4.101795532346663,-1.3242812423673769,7.828751810695686,8.178758332637384,-17.413380163958323,-3.7560577621034876,1.2153550119709289,9.302363890929605,-12.125408953873507,-5.5634181642721305,8.902001114372638,8.1081835126056,0.7182464713701076,-8.600454859103518,11.478124559906982
-0.26279803462605755,-0.34333692174270725,-0.2455098148830822,4.275661700693351,-1.1495403682044896,-4.317427952156112,0.34723031614069594,-0.13110354659174212,-0.14234519683244973,-0.39989629243740543,-0.6239741839445249,-2.690095275378831,-0.8354333926456404,-3.0153913618324335,-0.05741916364425759,-3.123453710133851,-0.20731650587386377,0.41227685683852144,-0.2999980607359019,0.27290348082176663,0.5542528833385385,-5.057116866174303,0.32888824016460494,2.3827412443090807,-9.96954177313345,5.4675937119678855,2.787135325518287,3.0582362990844576,-0.9552463600711549,-3.833846523784469,-0.1454464725732405,-2.403323259737887,0.5578374016468288,-7.764862875866013,-0.9301670783196092,0.6573418791032132,-1.7669582591515618,-0.1052262674193962,7.605787053450713,-2.2742711151008628,0.23274942262992226,4.597158183018201,6.233254227575694,-7.755933761818372,-0.27484626871487616,-2.136975285340087,-0.4231483760507646,0.09095167295776596,-0.6062415897815872,9.254777242548744
0.0906356825621365,-6.225827172084837,9.084317921646916,8.194007496428561,-7.4344393794535755,-0.5563718864007483,-1.9356703612455015,-5.063708523482292,-6.389909405977303,-7.285111912168512,3.906938058580527,4.521459551775235,-5.611729832047955,8.019706411808095,-6.375643864364067,-0.19880540336372515,3.5812155007845092,-7.305066140399788,-0.5224602338803873,-4.742896362536725,6.8423155751479365,9.454733438231575,-14.226704159934387,-2.7239535688478496,1.1264261376741318,2.787135325518287,-13.218020401434211,5.981217150621198,-9.29813000243469,-9.279633034411852,-4.891739550765063,-6.789308974182073,-0.3109569885836807,-10.858288835384453,-11.64919155630395,-4.126681746481661,-0.876995299537413,-2.590511942887653,-4.968835534292712,0.8891650495650535,-5.360983447254319,8.815324770498082,-10.86127493494747,10.726637947474197,-5.053880909160508,-8.528568407418232,-2.068721676336123,-6.392492462408374,-9.214346010787983,-3.5926064778239444
-2.8189497447617144,-8.638003988068077,9.332770560356177,-10.391361820240853,12.333730636718633,-15.284474104529359,-0.6428501410560759,2.5443443779068353,-1.7441467892419515,0.0088054668439137,0.8958324278587045,13.40219893927296,-4.557265485296722,-5.916944516531315,-6.957361696468534,1.0398919782386884,6.722192067521669,0.7642431349854704,-7.916841276357332,2.821019404759242,-1.3841022500324014,-4.072112647532137,5.432649569006087,-2.1249101998366533,0.23781485562791804,3.0582362990844594,5.981217150621198,14.25903621042106,-1.9639207999268768,8.266327795218501,-7.432864118884443,3.256353893223067,-0.5028616564672329,10.782852993345953,-3.298174107639542,-3.1991914396567593,-9.129962813592966,-4.280905947060016,3.387732627354439,-2.0088947139008697,3.117585634697015,0.39731092552220604,2.294118398193531,-7.70873781923167,-6.941863132564311,4.664956030498711,-1.2014024962580065,2.171431944917094,5.690520698270135,4.063920489881521
-0.37267246741309434,3.9819086701675297,0.5276431827030423,6.621070409322836,0.15162334508096165,0.5033009055271629,4.0253179112320066,0.08304032025987773,-0.4987094130691638,-5.362361819075305,0.4325244494263415,-0.08657169902974468,0.6630542474938381,3.757880682891737,0.37407276762563946,-6.080478774192051,-0.03754349852223793,0.22293871059841383,-0.5954654638144211,-0.03440204170144223,0.8769130625445479,-5.583428238726707,3.048024884703758,5.765188569125726,10.540335834005026,-0.9552463600711554,-9.29813000243469,-1.963920799926877,4.279447580590429,1.1146497182862967,1.1034854231796707,6.682796347199718,0.0437318699393881,-1.136847615048222,2.440995384093443,-3.7638401909548254,-1.4493937061397777,-0.2640028868758111,-3.7465847483863053,-3.6023421147856944,0.009471945644237645,-3.638051023722242,-0.5125672841731234,6.106211210711642,0.14756797107853914,-3.0790820189042067,-5.33447482966677,0.020012652231272174,0.0032842360752332045,0.2606296330165779
-5.1573234516578665,-3.571080599933503,4.346521129314594,-2.5737733909891785,-15.832453556846618,7.3659534842423495,-6.9492640555727725,-1.8824913924781823,6.891377394709754,-1.608421344708409,0.6334488365470197,-0.523006062734032,3.150400938906786,4.275206537462754,9.229073648926187,1.6903001885659599,-1.1647251015996236,7.748416545847022,-3.9593796500116634,-3.4922564775724148,-4.872327290591405,12.256761660951447,-10.374102513857455,5.229749482707056,5.466286180580557,-3.8338465237844703,-9.279633034411853,8.266327795218501,1.114649718286297,1.7236726993005078,-0.27385245641888334,-8.040059616616107,4.94950962555725,-6.344463761814482,-7.293442822637632,3.0376045512446983,6.619580501473276,-4.852386678490712,-2.758985281842105,0.9121563697695029,-3.1431738633684683,5.024388818569601,-2.7636197261662896,10.526284497829245,3.846564667818002,-3.424565415160167,-14.1060930164239,0.7403038265750987,5.245307953648676,-8.576624257507136
3.2788293254756073,-5.179132293419224,4.964171925139619,-9.400022636729071,-1.4730317908274722,-5.917857599063679,4.6798111514715695,2.1267190230895854,-2.570957348150619,-2.8467210790236916,-0.5475529790881268,7.538083850429645,6.247932191949806,-11.99561929279177,-6.214237134505422,4.194065145393464,-5.232554938999932,-2.516550850215081,-2.2713408053179096,-3.0616375929040767,2.371990030380192,-16.493960118690254,0.3525943315304916,9.123223699429879,-1.854031375173038,-0.14544647257324073,-4.891739550765063,-7.432864118884442,1.1034854231796705,-0.273852456418883,-1.0036093858319983,7.871044278332823,1.1051591285077562,2.457013743282059,0.841252897845757,11.34673315402341,-12.353185647228418,1.4661891940200933,-2.803618967731501,3.677873469157495,-5.7219145605893384,-6.60018463178851,2.1321655442245877,-14.115686101816507,1.1549612824927555,1.60709294635546,2.5001884098759417,6.576765802398072,-4.59925123761983,7.276697421314123
4.649096937294372,11.561314184794316,4.771848968957087,17.04079030807767,-11.544004080879951,12.601752148433064,-6.594691821393232,-0.7683716464851416,-3.518606061956475,0.139217883315657,-1.7323705737006496,-2.455572987515389,-1.270110482594239,5.028137947076554,-1.23457581692574,-6.093554918189673,-3.448470559776911,0.6597994825415079,0.6295951605914141,-2.478384660822488,9.529045386638156,-3.849339430296335,1.2248719432720776,4.225435414930248,8.203119145671081,-2.403323259737886,-6.789308974182073,3.2563538932230673,6.6827963471997185,-8.040059616616109,7.871044278332823,-5.040955344055327,-3.0447681926535277,-5.272348512053098,-16.1188474943115,-6.567163081767689,4.400151395928137,-5.598695993884198,-1.8154638810962775,2.927224680839365,1.2377155353493605,4.751505594869265,-4.676246091672787,6.311708983617797,1.0347209114827627,-4.220593381393182,-3.8687329657921588,-3.1598884920536103,-6.836206083521471,2.9413543581111496
0.16763181125914461,-3.975111759702404,-0.508042135280468,-7.390642330303166,0.14085731473056468,5.85369197242482,-0.878217422216987,0.422819533750312,0.03136670587452767,-7.5271019846355545,0.11916234692848209,-2.826010109251367,-0.11241813733233058,-6.419476601183536,-0.6804976408728074,-1.864153184610296,-0.1278909629486903,0.23566162048391792,-0.20477923777870052,0.11362134784860889,-0.22989795784113295,0.7988128402953492,5.550978271153948,0.09033597152500927,-2.034043841619614,0.5578374016468283,-0.31095698858367976,-0.5028616564672332,0.04373186993938792,4.9495096255572495,1.1051591285077553,-3.0447681926535277,5.048194905599319,5.035474624853343,-4.920760777391442,-2.323140842581447,-5.908198335875838,0.3941480067536489,-0.5091694348733289,-8.566755482260872,0.47681529083929286,-3.2069225031679363,4.280141916131388,-3.8645277643124283,0.2758796961810119,4.395263288292659,9.851896694550044,0.7997630587177835,0.1287054863225426,0.6061313956279953
-1.6472524041686092,7.5634841365601995,-8.247516052224162,3.4693532534213625,-5.1236562832428785,0.2956629701342963,-4.902345075373443,2.950480340755904,-6.306774152688896,-8.974007943484656,8.899354372364401,-3.9704686929325987,5.101590312133133,5.459473895637754,2.682320517058809,-5.290806108392139,1.8074324482837563,-5.377571639384123,6.66185051453812,6.907267759045859,-8.316745872065097,-5.016403032086594,-3.994718220084312,-4.019887243396699,10.700518865762648,-7.764862875866014,-10.858288835384453,10.782852993345953,-1.1368476150482227,-6.344463761814481,2.45701374328206,-5.272348512053098,5.035474624853343,3.8019993462800343,-15.796879574218178,-5.140294514775908,13.720959543534574,-3.245972120583293,1.371181466123844,-1.1705821374552958,2.023920675660352,8.69687130921617,-16.30050566548323,5.259030338565119,-2.8254582170051536,1.6566617733279323,-1.429819138665417,-0.9436281400189969,4.349026680592129,-1.605804120546173
-1.5892024964843103,-0.4422496711508186,2.6654310692570564,11.69345026590017,-15.184550296207968,8.174714374335464,-5.016988559504217,9.2994390499883,-6.672473842957836,-3.628671861143321,-8.94829986623458,-3.030492718074538,0.14328286162179305,7.668598160313121,7.591967848214777,-8.787254167423102,3.6600067773154583,1.052364411316688,-0.7709561138102607,9.192011738137335,4.0586442350304806,-4.172863023848949,-12.334963569812121,17.002817093093704,-7.5424088736270996,-0.9301670783196078,-11.649191556303949,-3.298174107639541,2.440995384093443,-7.2934428226376316,0.841252897845757,-16.1188474943115,-4.9207607773914415,-15.796879574218178,-5.288815457492346,-5.09386750550839,4.796915721366647,-4.328196393456995,0.6086152870728254,3.128157161741526,6.652091932761291,4.822341573253153,9.136232469619353,2.2864426834835343,3.1838959378133005,-4.420034404554309,-0.35402189490782543,-2.617630982251295,8.595118119939526,2.2781333903081014
3.721430158014619,10.120356734002954,1.2560399665991422,-0.8332654693959234,-5.3456100849509784,-0.31842804606347386,-6.354246858343474,3.4400433647449016,5.843590782442388,-2.628049428403754,6.668868401612038,-6.873741152566322,1.4194626480194141,9.473817277992234,-0.29756731634878997,-7.2876525445935005,-8.151911090751302,5.731489168538165,5.317672936701185,1.6084148194515238,-0.07158985483611247,12.16600558676804,-10.483056250597915,1.2963468482162188,4.101795532346663,0.6573418791032131,-4.126681746481661,-3.1991914396567602,-3.7638401909548254,3.0376045512446996,11.34673315402341,-6.5671630817676885,-2.3231408425814477,-5.140294514775907,-5.09386750550839,7.527806461593371,-3.417712341909649,-5.080737285405371,-11.151813369854748,-2.712823943011881,3.41468757870794,17.46245949924641,2.2203984121425413,2.546354751768779,5.885246687796526,-2.8733470181658447,-8.542996650060147,1.8158302564448947,6.263706086433563,-1.7438448871875285
8.194354006834546,-4.633823755761352,2.525958060807027,-10.05976688215645,14.327660745813679,1.046236161676742,4.32558992688103,4.248438361568874,-3.005485076738931,8.208522883115421,0.43258933786338477,9.61577070492785,-2.399160660662461,-8.305618692319843,-4.405241354647088,-0.2875022723705176,5.344554117799145,0.504940098447626,0.5009767563420064,-0.2874565461030659,1.3622965714012072,7.219332165476236,5.270306371034277,-7.350781523295479,-1.3242812423673762,-1.7669582591515627,-0.8769952995374122,-9.129962813592966,-1.4493937061397784,6.6195805014732745,-12.353185647228416,4.4001513959281375,-5.908198335875838,13.720959543534576,4.796915721366647,-3.4177123419096493,0.5364127118877446,1.205137220450739,4.5593544480081585,6.997553091536341,0.12197782266194657,4.01366066001361,5.259695336969083,4.604844590466055,3.649984492393186,7.639896910827625,4.279203350498912,-4.831503611085444,8.310790449744268,-0.755101115728276
0.09766299918005558,-3.113641921860445,-0.6460492369792374,-4.011827888074774,4.78712316503207,3.865827982814791,5.665129411058321,-0.10048912420255474,0.2648839390821175,-0.7557235988379112,-0.09676594433333217,2.7016513044048276,-0.46930396007785585,1.8536262045206038,0.30213594908684893,-4.781023045691682,-1.0538238787616356,-0.7395966747234433,0.7050781315762558,-0.2084898633931732,-0.5094523403514994,6.008939588314471,5.148363039165517,2.3080900282637495,7.828751810695685,-0.10522626741939606,-2.5905119428876535,-4.280905947060016,-0.2640028868758113,-4.852386678490712,1.4661891940200928,-5.598695993884197,0.3941480067536486,-3.2459721205832928,-4.328196393456995,-5.080737285405371,1.2051372204507387,3.6042396290675187,4.630760286606891,0.9691058046076209,0.3296983585130419,4.422351196844826,-4.75105778400564,7.8243012347725855,0.08089942502792496,-2.180727283977679,3.6076869543188326,0.15664702303496675,0.22993661390187325,-4.480607570607148
-8.3429844851099,5.356845791809208,-0.9161132363101273,6.873416310138217,-9.460497993680617,5.504876013834823,-2.6181003919898704,-4.593292397971418,7.804306001676658,1.9073822064075963,-0.7290398785979815,2.262455174261563,0.8359439549316121,0.4048677131899652,-1.7236611188271345,-2.5602533323149923,6.472228631711992,6.613992383801456,4.25448174308452,-6.804802511460759,6.473515340995229,7.303301767351056,-5.345564807893593,8.065196732312964,8.178758332637384,7.605787053450714,-4.968835534292711,3.387732627354438,-3.7465847483863044,-2.758985281842105,-2.803618967731501,-1.815463881096277,-0.5091694348733292,1.3711814661238437,0.6086152870728262,-11.151813369854752,4.559354448008159,4.630760286606889,-15.346446471287177,2.04386622153846,1.665093490545707,-0.7509717485952053,-7.300825907814286,7.5148348580010635,0.3478357990985297,4.617933303144149,4.248998705668417,-2.521811052162064,-1.7185568262708681,-4.8579333849854365
4.981808827606925,1.1393470125306395,-4.466613351899913,-8.1036562698616,0.8305069020684621,-7.24645929261576,1.4173928636104283,-4.311996424052744,1.8229450822247606,11.649738458649583,0.5334253704898773,11.655594196366565,2.78037425807454,-3.3916408134707043,3.9296127927349587,8.240154682659643,-4.155518368129583,1.8487168323382457,-5.0125236214854185,1.8771430573311023,6.982111689197408,2.7090377344718077,12.311861537783056,-1.4124965638821836,-17.413380163958326,-2.2742711151008628,0.8891650495650535,-2.0088947139008697,-3.602342114785695,0.9121563697695036,3.677873469157495,2.927224680839365,-8.566755482260874,-1.170582137455296,3.1281571617415262,-2.712823943011882,6.997553091536341,0.9691058046076217,2.043866221538459,8.55793266477085,3.350359816266499,1.4047411071606504,-2.1211646275104807,-6.006815251127363,3.3012185387122064,5.06262088058393,2.3313881806661136,4.209432292250967,5.818080256048356,3.7705484150721733
0.25043606650475625,0.12130004116622917,0.098861651760207,7.346500507673262,-4.189475236594001,9.105539491067814,1.3798992726879524,1.1082517288588227,-0.5388031277407441,-7.032541505125408,0.6329238415068663,-2.3001571953050552,0.4265818721429374,3.421761625510621,-0.1012508050255041,-3.6100228657046327,-0.023813113268802644,-0.018409966984731463,0.2766804589913411,-0.3140699306487502,0.08669147765171106,-2.281609019313798,2.602920199862349,-3.4741182433270237,-3.756057762103488,0.2327494226299226,-5.360983447254319,3.1175856346970154,0.009471945644237478,-3.1431738633684674,-5.7219145605893384,1.2377155353493614,0.4768152908392925,2.023920675660351,6.652091932761291,3.4146875787079405,0.12197782266194701,0.3296983585130421,1.6650934905457075,3.3503598162665,4.48374328077183,-1.4075985996258673,-6.866156022106083,-1.2544760511279045,-0.09336925332803349,-1.6947104539607674,1.072822128334125,0.15838193473490336,-0.3603710877906129,-8.01311414138542
-3.136670271429903,-7.5220794015831345,3.168864507990155,-5.1469877210989,6.1551413033164355,-3.0587000881601805,4.7359010391814955,-1.0207721274145891,7.444725034116517,7.659574270540731,-1.82588776136613,3.3839064875827676,2.408805264212709,-0.9358946450047249,0.7207958019628999,6.000034763247687,-1.5597436574111643,-10.117836348190078,-3.6365587121116425,-2.332083994109127,7.769849661704747,4.0627497658867,5.819485796012042,-6.455517811177186,1.2153550119709284,4.597158183018201,8.815324770498082,0.39731092552220615,-3.638051023722242,5.0243888185696015,-6.60018463178851,4.751505594869264,-3.206922503167937,8.69687130921617,4.822341573253153,17.46245949924641,4.01366066001361,4.422351196844826,-0.7509717485952052,1.4047411071606515,-1.4075985996258675,5.928556783703162,9.0204556093065,-19.01420810331255,1.879602056823951,5.415855563077317,2.723867928175273,5.422585072205872,-2.9320191690781767,10.39703661169461
-3.148228917647989,1.4736014769580899,7.430781058398496,9.960532710470533,2.5891919760169997,1.6914730532570839,-1.9731140082767284,1.8581022510356555,-1.3423949270172313,3.173085782586204,-0.2844363004460171,2.800648723589631,-2.2535449127063734,6.499406349657541,-3.5664847353815805,-4.678744459935645,0.07913167648433694,9.400713291538747,-7.740703084438563,-1.4054720823646432,-2.6838011535119097,-2.580428129387146,-7.83487509614011,5.82656116272238,9.302363890929605,6.233254227575693,-10.861274934947469,2.2941183981935316,-0.5125672841731232,-2.76361972616629,2.132165544224587,-4.676246091672786,4.280141916131388,-16.30050566548323,9.136232469619353,2.2203984121425413,5.259695336969083,-4.751057784005641,-7.300825907814285,-2.1211646275104816,-6.866156022106084,9.0204556093065,-14.446818191164825,-9.200278147933895,6.770288920620554,-8.0258120275464,-11.195242905445722,-3.2698784738537445,-1.4191416241450021,-6.1975812139313335
-0.7637155640365407,-5.703166637757757,6.792523473125048,-9.859835774496409,-0.6063190668520662,-4.10767923042854,2.8414114679471503,0.1422066309331732,4.2758398148252095,10.410377491764445,4.586902278704617,-5.348962510875724,0.7335559285054959,-14.63363071566795,-0.9651892795321582,4.87802933008502,0.1819177750174874,-1.2770933941276184,3.1155314553364417,6.181038861746258,-6.789047485138683,3.335120015269965,4.350475217176551,-2.7014516498659407,-12.125408953873507,-7.755933761818372,10.726637947474197,-7.70873781923167,6.106211210711642,10.526284497829245,-14.115686101816507,6.311708983617797,-3.8645277643124283,5.259030338565118,2.2864426834835343,2.546354751768779,4.604844590466055,7.8243012347725855,7.514834858001063,-6.006815251127363,-1.2544760511279045,-19.014208103312548,-9.200278147933895,-1.2996073082733366,2.368450651739991,4.14300005779912,10.232069612234474,2.478276928148709,-3.0455566766315756,-2.768788530069999
-0.5413943839371469,-0.7846764175159736,-0.42895965559932625,4.749928005900486,-2.330691291911494,1.187862393982865,-4.237801254120872,0.36041166004731046,0.11559048739149203,2.490871383386952,0.12536830891038345,-2.7268401204408725,-0.22661935180736736,-2.521485753136447,0.10829108153001421,2.2039774541670414,-0.6290782061879499,-0.1751506600754782,0.5533345257615466,-0.713791543616445,-0.5804818106158203,2.3259190273448045,4.326753253773713,5.9459785370520555,-5.5634181642721305,-0.27484626871487616,-5.053880909160509,-6.941863132564312,0.1475679710785387,3.846564667818002,1.1549612824927546,1.0347209114827631,0.27587969618101194,-2.8254582170051528,3.1838959378133014,5.885246687796525,3.6499844923931866,0.08089942502792447,0.3478357990985296,3.301218538712205,-0.09336925332803436,1.8796020568239507,6.770288920620552,2.368450651739991,5.167314811386987,-6.247486737459423,-0.21852321975772443,0.554475393611324,-0.5684582416155836,-7.416407029364489
-6.424523964645726,0.6922887273211736,-4.774326625475308,9.690096470799245,-0.7476598813463218,6.697620161636456,-1.5849178815581735,-4.3873069414944,-4.162284855397829,2.8141186887878744,6.120113037813905,-3.3631790031744107,1.5595116591057394,0.7954207779547868,-2.288682474666793,-0.4955387578647845,-1.155819648991489,1.9982470513514037,-2.012335960243824,-3.979515723398846,9.119327694392302,9.294856548216703,-4.560365428112438,7.902302177572116,8.902001114372638,-2.136975285340088,-8.52856840741823,4.664956030498712,-3.0790820189042067,-3.424565415160167,1.6070929463554606,-4.220593381393181,4.395263288292659,1.6566617733279319,-4.420034404554309,-2.873347018165845,7.639896910827625,-2.1807272839776783,4.617933303144149,5.06262088058393,-1.6947104539607676,5.415855563077316,-8.025812027546399,4.14300005779912,-6.247486737459422,6.766836792869803,-6.258921635294736,-4.027328542857299,-0.14868519001287578,-9.909601778893409
0.2885589876068003,13.079887501125205,-8.975808006049578,8.493446062421981,-11.403754254534787,-1.8336875490722822,-16.391903737240206,4.760309437173991,-2.4266769873446523,-16.84872395707952,-3.972272490049117,-1.7829754916965803,3.9855858427262687,9.703610229779583,1.832079757598443,-8.700784643718936,0.3968013740663716,0.20112800696581212,3.0845639854975464,-4.348112579019255,-0.05547945294599624,-4.645700478828248,1.013385733971333,4.9350619845955155,8.1081835126056,-0.4231483760507647,-2.068721676336124,-1.2014024962580057,-5.33447482966677,-14.106093016423898,2.5001884098759417,-3.868732965792159,9.851896694550044,-1.4298191386654173,-0.35402189490782576,-8.542996650060148,4.279203350498912,3.607686954318833,4.248998705668417,2.3313881806661145,1.072822128334125,2.7238679281752725,-11.195242905445722,10.232069612234474,-0.21852321975772515,-6.258921635294736,10.355968029004142,3.9675228019773874,-1.8586009341711913,-10.489299637904415
1.2008907585232629,-0.03187295618179062,-0.4748087862324055,9.286166360739086,7.114734077206261,5.916265416216525,0.5716040057405213,-0.7060520006513367,-0.923764040204268,2.75850660967233,-0.17396088059968126,-2.36744981767846,-0.46531591990166704,9.141166597629516,-0.32492927906107627,-2.6039387421970654,0.4166217800231562,-0.44240792436981113,0.030552893641628165,0.2922882049849257,-0.6153197075954746,-0.5764222595655887,5.816774671726506,8.954049636147218,0.7182464713701076,0.09095167295776468,-6.392492462408374,2.1714319449170936,0.0200126522312708,0.7403038265750986,6.576765802398072,-3.1598884920536108,0.799763058717784,-0.9436281400189966,-2.6176309822512946,1.8158302564448947,-4.831503611085443,0.15664702303496747,-2.5218110521620645,4.209432292250966,0.1583819347349027,5.422585072205873,-3.269878473853745,2.4782769281487087,0.5544753936113243,-4.027328542857299,3.967522801977387,4.776800194943867,0.9507405307276982,9.892008642946692
0.3856493072472238,-1.4206852201295406,-0.3281867522250329,0.4905100689042594,3.125133233334501,-5.698825744396011,1.2062410243765722,-0.05748159437491063,1.3790595217282693,3.711938417633056,0.2851791402817594,-5.823662938792887,-0.7119000952349923,-2.1278576335155237,-0.20785536046423092,9.06580782145483,-0.2985443994738237,0.011821539207147236,0.41041778937047385,-0.5928461534048819,-0.1773827070796169,5.932944814262143,-2.9287815269460475,0.8070408355850807,-8.600454859103518,-0.6062415897815869,-9.214346010787983,5.690520698270134,0.0032842360752325384,5.245307953648676,-4.59925123761983,-6.8362060835214695,0.12870548632254225,4.3490266805921305,8.595118119939526,6.263706086433564,8.310790449744266,0.22993661390187348,-1.7185568262708681,5.818080256048357,-0.3603710877906131,-2.9320191690781785,-1.4191416241450021,-3.045556676631575,-0.5684582416155844,-0.14868519001287595,-1.858600934171191,0.9507405307276984,5.282553614446561,-4.492621867397097
0.9958724834396628,5.059838629519242,-0.6066680714656151,7.795469240839024,3.9761457268592517,7.168547340170415,-5.642622900824685,-0.8557120016677967,-6.229336111633863,-13.64216007805392,-0.448600605871897,-9.850376139040678,1.4907855608390763,0.44105864522313803,4.855648340475603,-9.554428604423437,-8.986192910943096,4.364270785894242,-1.6134186533591912,0.809423040056273,0.6430003424213482,0.9935137150042569,-11.746205569714238,4.323159518381006,11.478124559906984,9.254777242548743,-3.592606477823944,4.0639204898815215,0.26062963301657793,-8.576624257507136,7.276697421314124,2.9413543581111496,0.6061313956279957,-1.605804120546173,2.2781333903081014,-1.7438448871875285,-0.7551011157282763,-4.480607570607148,-4.8579333849854365,3.7705484150721738,-8.013114141385422,10.39703661169461,-6.197581213931333,-2.768788530069999,-7.416407029364489,-9.909601778893409,-10.489299637904415,9.892008642946692,-4.492621867397098,7.116847881366368
