n
50
c
-173.17075311352642 -177.19086834965867 -174.6575283531136 -164.5584327532907 8.881183166142996 212.99999485350295 39.46684379177225 -184.03778598979312 26.700068151823945 -198.9276445393784 139.30424189865315 -12.850818731016908 -17.214550985859816 152.48245269966986 -112.06130277715148 -5.294255344323828 -7.2090723958693745 157.73790044516034 -201.3445904917897 -1.532268525311605 -7.294049611736353 143.24011655550393 155.39642773527922 -13.630857773154325 134.71488184342786 11.783426710635558 -194.50443697939124 244.41619876623778 -17.724885576535428 -219.07829357374013 193.59505938471145 -160.99599009505997 -1.6655120323960566 -194.65051814695244 108.33469295303978 -167.07018080113107 -212.62859744202595 -151.97689582087582 -179.32279036704227 111.9047217586585 211.7784786380543 14.43961243888657 -137.41855280409473 -171.1361361139908 -10.154683860586951 1.0690099313604757 14.324122797630626 4.090705909991276 197.86216232413045 127.85342514199804
Q
-3.2425107138215328,-17.228787881180416,-1.8002517118379866,-3.0052265753748753,-0.25376595123343676,-0.3800582086659047,-5.070083670935364,-1.0812230371665372,-1.9321764164123554,-7.256774095447934,8.788116369379146,-3.57899390071516,2.6573397798399085,2.7540666890823817,-10.389392347147846,2.305088692449043,9.371680912108506,-3.847929402411369,-10.461931853944131,-2.215056529018009,-2.1965867046502265,10.11384329511471,17.256084928684906,3.0021186892230833,7.863203396683618,-0.12250595856912361,-13.50368517416538,2.6804345155096847,7.134191940755123,2.2934932274122137,-6.518668974933246,-1.190222875754713,1.9492397674126156,-0.29046225930706393,2.328727194209656,-9.98359673383094,0.9606415497860917,3.8160265999727625,3.907139578197764,4.99940274156222,3.5447517777179853,5.412426946138908,-13.792721030386495,-10.155251524730053,1.8959328681818448,2.570188831074246,0.6245967473318363,1.312910251635533,-5.506820273014043,-3.052739893684925
-17.228787881180416,1.2637970786627957,-1.1387987421330774,-12.181735943166819,-5.946381330824783,9.697440444033711,-2.7365302062078176,-10.191890978221933,-3.61092883908829,-13.916429550009298,9.018448907069047,2.00557768669437,3.6642347505618797,8.72904904655809,0.7014629390985496,5.633535037735802,-1.0480994878868652,5.104797662062416,6.7019786780091675,8.163847276792922,-6.7372673443241675,8.972682631400723,5.207773759903289,8.47298033032302,-0.4659529373887112,8.572317705554761,-3.200402333587675,-0.010099846844010996,8.452581228634921,-7.099950415628659,11.079137050454367,-15.128453035811981,0.45236096104482715,-0.6672746077353306,5.237096246821942,-0.09620009055047096,-9.883095549061174,-11.608251385611915,-2.7443258240043353,15.606257469501784,9.483748889602113,-0.1737371161527269,-1.0490991077496479,4.250086736824594,-0.06311322862361424,-2.739900111811557,-0.38786350208939635,-8.370783557564653,4.93584165788666,0.308888410638531
-1.8002517118379875,-1.138798742133077,-5.9492811258231315,-15.213370566536357,-1.6736604552959873,14.021154710027831,-8.362794594981914,7.30866021187262,-6.140646518464388,-8.246483990848894,9.278831174175698,0.07564125472696565,-6.61407583764427,-2.0007488919490473,-4.403329347665877,-4.681761060331851,4.442998692369599,2.3714540164747646,1.5197068817629544,-5.557488508005303,-2.489397224964705,5.636327470188236,7.664865553691034,0.0307240634105852,8.270339999813366,-7.29845148767722,-4.589877981091548,-2.2610314134237983,7.824298611647042,-4.746684119248787,4.155015933649523,-4.264281422747916,-9.04602738500414,-8.293937620036827,1.4460859356431293,-4.973506589811675,9.037282173555303,-9.572956887224617,-6.318896009287924,4.310395122429255,10.067866114934933,-1.6189871575328731,-4.366707683595427,0.9507821986886983,6.260792765664658,1.8760649225565365,1.0257368658033923,-2.1810705453514396,15.02096392349939,7.644482143840408
-3.005226575374876,-12.181735943166817,-15.213370566536355,0.6956819359906206,2.359039882620477,5.225508948403966,-0.443922335672558,-6.2571404219367635,-2.3341164502451757,0.030534694294359177,1.9417332595416945,5.1371926986063485,7.4960598834265575,7.498191366691953,1.7650003594014687,4.916232807378382,-4.959116772765858,6.688165386517145,4.085619544205275,0.13725658741993155,-2.8592704735823475,4.488586164131627,4.415424783419393,-5.669446021286556,8.943027702043914,-0.18221999704548897,5.865218446857841,1.7802407906129187,0.6913967205517446,-2.1676925714837534,13.282250636397071,-3.890308758557965,-2.782056729930054,-5.210367028760129,-1.87368290095249,-6.102321190813532,-2.821272040235494,-5.8657276816327695,0.29847407955639516,2.0937435346319515,-0.3413417640687455,-2.659578644865123,-10.059846479914453,-9.285023837340015,-0.3287149803522021,3.386887319577802,-2.2269141009584534,-4.603070384297747,4.88069708276654,2.4797766750676136
-0.25376595123343626,-5.946381330824783,-1.673660455295988,2.3590398826204773,3.9472285939717415,-5.941453237605924,-0.21598766091059862,3.3764292222621153,-0.4980196591255611,-0.7146059243581636,3.8412571832043443,-0.11057219003468999,0.14786594780762718,2.191432789326398,-3.064245320578487,-0.2063587507304508,0.05348454710362932,-7.313756289955695,-3.083463893986312,-0.5356603658209614,1.3375987692086628,-4.972748729048128,-7.000823596321051,0.2073536338290044,-0.08452841906868674,0.35820068638972963,-7.99685191144089,3.4532379761940706,-0.06318632394007213,2.40181601323866,-1.8467682488043347,0.9376206447614124,0.5406012863359597,-1.5530354805338809,-4.323946792771711,5.938267647243672,6.589459400202326,-3.567405657276096,1.8205235648172688,-0.303763280642557,-2.5789215217743826,-0.9153498622963746,-5.764658920076362,0.08741126072011296,0.6312641984253646,-0.045884758147465066,-0.3353451453235362,0.282239054226858,-1.9387087302388193,-5.198654845537056
-0.3800582086659043,9.697440444033711,14.021154710027833,5.2255089484039665,-5.9414532376059235,-6.370359545401938,-2.3227247796962343,6.422166685504691,-5.1528786440199275,8.302359174526677,2.438862201034464,7.655175179649806,2.452339899431634,-6.616948088947847,1.9152977564241815,-1.7052326612121766,1.1710886052879237,-2.2423539640487,-1.1936284574850544,-4.585791020558856,-7.665479221381779,-0.9491915438589633,-7.361346433167731,-3.025985654151281,-13.730320922630536,-8.546306620246122,9.096532784176937,-5.082887121908415,-3.874288877730672,-3.4067691793481343,-15.746787866431482,7.920456775258861,8.624696640893225,2.0467911380802013,4.324833452220908,3.505941919129479,-7.781530142985411,3.7723985751962226,0.659105177035926,-16.734986040675768,-1.0983881026926392,-0.3659880375243354,1.9281139428671565,11.025279748510362,-1.2819489160801765,5.451240021057503,-1.284350164505235,-3.6165371179745147,-2.8261687077481703,7.005175306162087
-5.070083670935364,-2.7365302062078185,-8.362794594981914,-0.443922335672557,-0.21598766091059768,-2.322724779696233,5.129329075217829,-2.653999399233266,0.2562056934186448,-6.281646034991707,-1.427605193357505,0.047822412185691304,-0.7782890122645335,-4.615892217929454,-1.6186600768993853,-0.3185421204731216,-0.7924745818164557,-3.5183012721710436,-1.1541820194318366,-0.3527724358779105,-0.06270216393473779,-6.34469105018196,4.810095964872866,-0.5076201607993914,0.368620127963202,-0.13516963118698622,0.5551056663488365,-5.5799901601389905,-0.33187169125258864,0.8982082065145773,-6.936894377095521,-6.447667147112216,0.16763722545248666,-2.7835245452961113,0.1938061822600523,0.961424426514288,-3.1946116813544556,3.712505511386836,-2.7084061907476484,-1.6056351431105194,-2.3806246049655115,-0.4221048058159776,-3.648124740701716,0.4471525162297083,-0.7235198688066926,-0.011602613589097102,0.15446402687885818,0.5585419140005794,0.246461440938615,6.109165403123489
-1.0812230371665374,-10.191890978221933,7.3086602118726205,-6.257140421936764,3.376429222262115,6.422166685504692,-2.653999399233267,13.66220180917647,-6.423812084944184,-4.499773665668169,-3.989704215987113,-0.19273481346991567,0.8809929147453008,14.856983674193959,-7.529931907966855,-7.740909220026329,2.1440947333184104,7.002786949345996,0.4557315306958012,-4.022764569698823,2.3226027849524726,9.647990230569974,4.39542261820645,1.2405993910391049,12.967933525506746,9.379828805594327,-2.2978684833074845,-0.12638470707672106,-2.580950912364626,2.681435315605982,-0.043484312949480824,-9.410221958647625,-7.509728952515426,-2.826270646354813,2.0510078917321395,2.886038373038285,-6.690285335633355,-16.094514033742925,-5.964768320862664,15.912785806741732,12.767371836389376,2.218926963669198,-13.770806414611997,-3.7724876271973042,-2.5115977101729645,-7.8084494208735915,-5.1169789573060225,0.01813521222546264,8.937802914361262,3.2107388312793264
-1.932176416412356,-3.6109288390882903,-6.140646518464386,-2.334116450245176,-0.49801965912556123,-5.1528786440199275,0.25620569341864474,-6.423812084944182,5.0332188601322,9.60188056735945,5.5802694637988335,0.22454164750361666,-0.596728250910236,-1.019788486900456,-6.204183759686854,0.4787100346804973,-0.3074819910310731,-0.21279136919919228,-9.571060974033584,-0.7676942750530372,0.2144750479363379,-4.043904389045355,0.28048310928569087,-1.0910243718930785,-3.109996006083744,-0.22814552019698864,6.056977225452759,-1.7913343467539655,-0.11790662168771737,-3.849249668214447,1.5605890685073978,-0.7185270957524831,-0.850376277943441,2.8845229263433994,1.1774440783248317,-1.2210534709062726,5.95180866905094,-5.0315388256398546,-2.963779506549454,-4.978321847766752,2.5352012230919927,0.21818978745775586,-3.825893483223697,2.8366410858731492,-0.42135172066106663,-0.2867024617703372,-0.06739212134283677,0.38144926999789996,-0.8260828839036443,1.2884684368745603
-7.256774095447935,-13.916429550009296,-8.246483990848894,0.030534694294358733,-0.7146059243581643,8.302359174526677,-6.281646034991708,-4.499773665668167,9.60188056735945,2.3424583421115486,7.707521715540504,-5.485745332122901,3.852914168626404,-0.05981409177223601,-9.833376138543146,5.053271730491392,-0.3556204773133004,-4.608368881627772,-2.278679404901638,-0.5104412984741977,2.1726972116076446,-0.5358582527026219,-4.372574982894136,1.969297230852032,6.1132135369339995,1.5113389263575634,-2.080716361042727,9.146039624638721,-3.389566461056466,3.28182502064267,7.618537092028782,6.974117811552245,4.281555584201045,-0.3334395227809972,0.4894018729623878,9.731263588287845,-2.432504662321176,-2.3926169909669555,-2.8984007951193753,8.306662000702195,3.9778235809655977,-2.8304825562033376,-9.35524489993405,-1.6621365411719813,-7.553576857989536,-1.2305862890151065,-8.13042192532122,3.133637719382911,8.724913792655938,2.1606355171833536
8.788116369379148,9.018448907069047,9.278831174175698,1.9417332595416938,3.8412571832043447,2.4388622010344627,-1.4276051933575054,-3.9897042159871114,5.580269463798833,7.707521715540505,-5.080221842440724,-0.08862090153308566,-2.4219209773956165,-3.5026986795925,14.455499961926254,-3.33517231410859,-0.20060041588219413,-5.790791034820425,4.749105815283736,-1.7329520001668453,-2.5523804173641578,-3.2758651483117176,-2.0715896992697282,-0.773936713125284,-2.9739281111478935,-9.216213390729237,3.6080302344932416,-2.359974349758209,-6.8865936508714825,11.600320516666855,-1.220311207507604,-0.5726198104675351,-3.2229655751916986,4.973798606617997,-11.480458551467917,4.742480480795387,7.3135701440860466,5.568024752350508,12.411814412683517,-2.9626283087996685,1.1566787395626696,4.4229004910118155,15.501667602363067,6.823774998545261,-1.1412502240102902,-0.839831498712901,-3.9877308964585887,0.9590180781769553,-0.1716667344343864,-1.0242530834669428
-3.578993900715159,2.0055776866943686,0.07564125472696542,5.1371926986063485,-0.11057219003468982,7.655175179649804,0.0478224121856919,-0.1927348134699154,0.22454164750361777,-5.4857453321228995,-0.08862090153308533,3.833230347685536,0.16319922918683583,-0.783677167953907,5.576854546549868,0.11062473371073711,-0.33218837069020846,0.22552751489637068,-0.931930648917676,0.040120953503475165,0.15770121016868338,-0.9447969874281048,-0.3045950078981734,0.07901542653473015,-0.5050419120373253,0.21680930364390713,-0.9651650414923406,5.0654317416605545,-0.031078268170472934,0.16735776935278612,-9.415275408193976,5.016371292695773,-0.3087551956969969,-2.464933443272403,4.399569325411865,-1.309646114168034,-1.455555952553397,3.863498735115833,-0.19346693521413227,-5.635482584123926,-6.579400924658351,0.5365997767276794,9.734815647465965,-5.401709997901592,-0.1101983920574413,-0.16193624316872823,-0.5491491459907083,0.14839445017022035,5.531852297094503,8.153157110636174
2.657339779839908,3.66423475056188,-6.614075837644268,7.496059883426558,0.14786594780762663,2.4523398994316343,-0.7782890122645332,0.8809929147453011,-0.5967282509102361,3.8529141686264055,-2.4219209773956165,0.1631992291868356,4.900515500986849,-4.413312461215679,-2.1709255800392357,-0.47704128018900227,0.4632971607294667,3.921245778624963,5.225234848021986,0.0797249546660348,0.6645166269394132,-0.0720437117775603,7.808160344176808,-0.7118299275132614,-5.175932412979482,0.0065335117650218155,2.8544970162909364,-2.3570921674737226,0.19457489856499732,3.545106898966944,1.779568519811102,-4.1378904205257125,-0.028020757896787207,1.6787587999036933,-0.1501919407060722,-1.8594798218913013,-0.04217021648944716,-0.34870547356797865,1.1922074031868057,1.8741707633838531,1.3860425754764558,0.4159091692809309,1.9336838083790375,-5.833733956254811,0.9337146118889255,-0.20264715194087968,-0.7051213261813439,-0.9383899612072855,-6.2593804637556945,-6.228049006238496
2.7540666890823813,8.729049046558089,-2.000748891949049,7.498191366691953,2.191432789326398,-6.616948088947847,-4.615892217929455,14.856983674193959,-1.0197884869004559,-0.05981409177223607,-3.5026986795924993,-0.7836771679539067,-4.413312461215681,-2.007189201096285,4.799846380271394,-1.0908860403711893,-1.9565995705272408,-3.6382237414147602,5.632770132760313,3.705060147189804,5.822089488513959,-4.4791787924687245,-5.684424867419363,1.4869616615197097,-3.562890140278231,-2.9609529081129753,2.983606886176777,-15.804789539063576,-2.5524336539231123,6.775269074354457,1.943992522620697,13.8036956979261,0.808990987278118,10.876548883279776,-8.573366209522979,2.184507558864082,15.31588037830019,4.050747624601403,13.852483972189434,-9.08716747881646,-3.9223953780998406,4.001889326489735,7.3220509146466775,-1.2066640188951139,5.595027470663759,-5.459191226546639,2.209354110835118,-4.638434680752522,-6.644096987536907,-14.570989439997353
-10.389392347147846,0.7014629390985495,-4.403329347665877,1.7650003594014678,-3.064245320578487,1.9152977564241809,-1.618660076899385,-7.529931907966857,-6.204183759686853,-9.833376138543148,14.455499961926256,5.576854546549868,-2.1709255800392357,4.7998463802713935,-5.918031123306549,-0.47433937628382783,0.4419445807012664,14.129607842173925,-12.01553548185408,-2.270622606989938,-2.912367415947299,5.970482271334739,-6.247411476281805,1.6079126238894352,-6.571345198181126,-0.88094805484122,-7.7160299677105195,-1.100880514466934,-2.944880777522221,5.138063137241929,8.876131887478921,-5.913014627268391,-4.473774429095261,-4.556996836747807,15.15162094999294,-11.926200953759768,-11.22972408940271,-6.888266703518907,-9.928200264368522,11.022219530874754,-2.9078206121781935,-2.664250892455145,0.7808121446480003,-14.456007284977058,3.1008793170114233,-6.990038344245977,-1.4856353104565265,-4.613702086871228,12.186316807037295,0.6565148553162328
2.3050886924490426,5.633535037735804,-4.681761060331851,4.916232807378382,-0.20635875073045085,-1.7052326612121773,-0.31854212047311997,-7.740909220026328,0.4787100346804972,5.0532717304913914,-3.335172314108589,0.11062473371073678,-0.4770412801890017,-1.09088604037119,-0.47433937628382783,3.4018261295716004,0.002932964965824736,-2.803604062582358,-1.539980950479464,0.1078782168779891,0.36775401136018826,-1.105663366445898,-7.358104977701101,0.1672673946602112,4.7349135742919755,-0.4450006071436431,3.2169847287988387,4.626683914650088,-0.1443078401138872,4.440489707204283,-10.436550207710674,6.777841117231371,-0.4160907244043644,-2.4601729569508524,2.684183862804298,-9.461270638268783,-2.7659630142796896,-3.9004091420363567,4.320845956287409,-5.504182437596742,-1.2753851462410166,0.38723245664278794,1.1011422037296208,0.8465255218929526,-0.19820615099886146,-0.26157438082167517,0.31636814806783375,0.5891430935552004,-7.592018252328876,2.2851447681739603
9.371680912108504,-1.0480994878868641,4.442998692369598,-4.959116772765858,0.053484547103629376,1.1710886052879235,-0.7924745818164549,2.144094733318412,-0.3074819910310742,-0.35562047731330015,-0.20060041588219546,-0.3321883706902081,0.4632971607294664,-1.9565995705272403,0.441944580701265,0.0029329649658250134,4.673294502690927,3.159384720585691,1.4803744780727714,0.30574862230845723,-0.32484322648204395,5.500421494509014,-1.6235753301152176,0.4512900651612733,-0.22640717471829547,-1.3341116729254416,-2.4258199062256947,-1.677639994967607,-0.04031632671309693,-7.70806100155999,-5.064635674575196,2.078298215521514,0.533979036880259,-9.640945453184155,-5.428468517414149,0.3300129001277835,-1.8535669707966345,4.194543913085387,4.880072491505846,-5.920505992279854,-0.8420675047596656,0.09123199627541262,-0.9385311511803833,4.872367615890058,0.22038150485793126,-0.27345255390427525,0.016915500249412352,-0.45341825616903453,0.58633559845296,0.20810506702341702
-3.8479294024113697,5.104797662062417,2.3714540164747646,6.688165386517145,-7.313756289955696,-2.242353964048702,-3.518301272171044,7.002786949345998,-0.21279136919919206,-4.608368881627772,-5.790791034820425,0.2255275148963708,3.9212457786249635,-3.6382237414147593,14.129607842173924,-2.8036040625823575,3.1593847205856904,-9.081337521905237,2.645556065998502,-2.3682596678278895,7.618059718140207,-7.721128260034751,-6.863183814263603,1.825179718096399,-1.130108961565783,6.753687215347545,8.368504740557057,-3.6961749447579555,0.2090485854968035,12.116074602132192,-8.313630083282723,11.956310833403311,0.4975860759756619,0.7041514714137025,-5.957362593059394,7.9836870745039095,5.8399044642936495,16.97158899434186,1.6876691808917454,2.376281760665517,-14.592975360037657,7.019542683143707,5.9801139759300455,1.3780128139052388,3.689837696790729,1.9233610514364328,-5.5936102546627255,8.881064174848236,-2.4465545333458216,2.6730021863889926
-10.461931853944131,6.7019786780091675,1.519706881762954,4.085619544205274,-3.083463893986312,-1.1936284574850533,-1.1541820194318357,0.45573153069580075,-9.571060974033584,-2.278679404901639,4.749105815283735,-0.9319306489176762,5.225234848021986,5.632770132760312,-12.015535481854082,-1.5399809504794657,1.4803744780727714,2.645556065998502,2.070381157636106,4.440000500953607,9.09101344841573,2.2214651909358842,12.060214777409259,-1.1632262902900714,10.844643918186895,1.4989006783291976,-6.392967066112919,7.485862007236657,-2.924196551289716,-10.86032744598015,8.291678771906389,-12.439572925767408,5.488620736269926,7.403829228616689,11.8031096878915,-0.46654492901003697,-6.349963431108443,-3.4428321282382646,-1.373108716572485,14.177901237406392,1.9057945054766658,0.6785120767731014,-4.483486445919753,-19.747517744878778,5.066858187390498,0.8647168406575748,-2.244661124088091,5.469832689720497,9.626495819407857,1.7092403102183455
-2.2150565290180095,8.16384727679292,-5.557488508005304,0.13725658741993074,-0.5356603658209607,-4.585791020558855,-0.35277243587791085,-4.022764569698824,-0.7676942750530369,-0.5104412984741985,-1.7329520001668437,0.040120953503477,0.07972495466603446,3.705060147189805,-2.2706226069899387,0.10787821687798904,0.30574862230845806,-2.368259667827889,4.440000500953608,4.9814601135093515,-0.5923028544623129,4.667054971799823,6.1727767799464885,0.1293246037127621,2.513489483039075,-0.5957536610320466,7.361305519323905,4.4998953699963655,-0.30949461141154844,9.44808365087315,2.054449172776241,-4.352055856889282,-0.2533783400234161,-3.2491536930228397,-2.0208507022841085,1.6085017980703977,-5.154331029355024,-1.7931568587405515,-1.6898543748480486,5.136510798830511,2.7842394075883723,-0.5682370614809508,-5.227617791158526,2.9357736814440782,0.005382692166714831,-0.5566845540386366,0.3872975609650876,0.22742747641154937,-1.0535206972759847,0.13834006548865263
-2.1965867046502265,-6.737267344324168,-2.489397224964705,-2.8592704735823475,1.3375987692086615,-7.665479221381778,-0.06270216393473789,2.3226027849524753,0.2144750479363373,2.1726972116076455,-2.5523804173641578,0.157701210168683,0.6645166269394132,5.822089488513959,-2.9123674159473,0.36775401136018837,-0.32484322648204356,7.618059718140207,9.091013448415731,-0.5923028544623127,5.1154366431783425,-1.1331339406199088,6.1136591476991216,0.8331467877562686,2.036742531684199,0.5116050605461321,8.9196385235101,-4.511193962006002,-0.39568551948822317,-9.51850592230534,-4.026604956024316,-2.4158396208293538,0.39731685533641536,5.305661411093339,8.329897834284388,0.09674375048872194,5.245499176330163,-4.546531160860258,5.4428452246311405,-2.3854759483484385,-2.7984802797164576,-0.30924471161275613,0.7986294770672959,-0.4844511670846462,-0.014713837184258338,0.23594705395807425,-0.10736753016729761,-0.16410071713418828,3.969304362774845,3.7119025118375077
10.113843295114709,8.972682631400723,5.636327470188236,4.488586164131627,-4.972748729048128,-0.9491915438589628,-6.344691050181961,9.647990230569976,-4.0439043890453545,-0.5358582527026228,-3.275865148311717,-0.9447969874281038,-0.07204371177756075,-4.4791787924687245,5.970482271334739,-1.1056633664458986,5.500421494509013,-7.721128260034751,2.221465190935885,4.667054971799824,-1.1331339406199075,-8.064280626025452,-5.558078488349522,-2.193171490910692,-9.298970598495414,1.1819915959602538,5.5206840434035644,-15.812971411239818,-8.138248755764726,-1.4618412229130162,-2.9061335562376813,-2.7850000848875043,1.9390986432246708,-1.2858464195960384,-4.829862557000566,8.577533591377348,1.3068084300595992,10.816539273844949,7.278800352557847,-2.1423969516651247,-2.8648483820046033,9.2984881046054,4.913543763612321,13.291658120366714,-1.2880433515989917,6.486429667498598,5.300585041529958,-2.313284002699267,-11.3949836878619,-3.7867444949924
17.256084928684906,5.207773759903289,7.664865553691035,4.415424783419393,-7.00082359632105,-7.361346433167731,4.810095964872866,4.395422618206451,0.2804831092856916,-4.372574982894136,-2.071589699269727,-0.3045950078981725,7.808160344176807,-5.684424867419363,-6.247411476281804,-7.3581049777011005,-1.6235753301152172,-6.863183814263602,12.060214777409259,6.17277677994649,6.1136591476991216,-5.558078488349522,-1.4495166281027547,-6.2112669363086725,-1.6340539353994687,-0.7348571137406373,12.162802572038213,-6.947692544454648,0.41496679983748624,-4.033526195549991,-7.099356129748076,6.952044342361453,0.6776008809255764,-0.015814241643361315,-7.038677528922509,2.6275314873069484,6.033266555897293,0.7159207405182735,2.8756973953049254,-3.013435303790499,-4.230364213228557,0.8495534128487738,10.457155995603934,8.690137310007907,2.9520516722601973,-4.398368613044689,-2.064463829275257,8.444325526036385,-7.6178412382441945,-15.955727921515846
3.0021186892230824,8.472980330323018,0.030724063410586172,-5.669446021286556,0.20735363382900296,-3.02598565415128,-0.5076201607993915,1.2405993910391053,-1.0910243718930774,1.9692972308520327,-0.7739367131252841,0.0790154265347314,-0.7118299275132611,1.4869616615197105,1.6079126238894355,0.167267394660211,0.4512900651612739,1.8251797180963985,-1.16322629029007,0.12932460371276255,0.8331467877562692,-2.193171490910693,-6.211266936308671,5.207223465140507,-2.5956690269136473,0.5285516698739556,-0.7183367483784209,0.9551528451907265,-0.41277504432218526,4.447272411515126,0.0015977021062064112,2.9023414169868404,-0.2595151557525862,-0.7982127361449867,2.636747024275424,2.9398798140844122,-2.483069786431008,-5.57662720169085,7.425025767232297,9.608986627207226,-7.859761882049975,-0.4060878709775557,-5.196546903195554,2.130928080951077,-0.40853699345602235,0.23953917275840386,-0.47721518448512734,0.061703080672629085,0.9259474268121397,-3.667548361403103
7.863203396683617,-0.465952937388711,8.270339999813366,8.943027702043914,-0.08452841906868708,-13.730320922630536,0.368620127963201,12.967933525506746,-3.109996006083744,6.1132135369339995,-2.973928111147893,-0.5050419120373247,-5.175932412979482,-3.5628901402782316,-6.571345198181127,4.7349135742919755,-0.22640717471829558,-1.1301089615657827,10.844643918186895,2.5134894830390757,2.0367425316841996,-9.298970598495412,-1.6340539353994683,-2.595669026913646,-4.099578608760856,3.6066624021294933,9.639465441027385,-8.644975785256992,5.7775413529970665,2.5325518403539933,-0.5403529776277392,-2.3498529408445954,2.1515294629763964,0.3715512536957368,-6.287270276317312,-1.4573878280981596,7.029358261593575,7.412590026067916,7.90238076141633,-16.989214659517657,-9.847454386751362,2.0920904346653204,4.161139794502038,11.19025648534406,5.4638144735454235,-0.11053776388288883,9.746101485132069,-4.67111595736946,-1.732678666172147,-7.013558273826125
-0.1225059585691241,8.572317705554761,-7.2984514876772195,-0.18221999704548902,0.3582006863897288,-8.546306620246122,-0.13516963118698636,9.379828805594327,-0.22814552019698853,1.511338926357563,-9.216213390729237,0.21680930364390705,0.006533511765022704,-2.960952908112976,-0.8809480548412194,-0.4450006071436423,-1.334111672925442,6.753687215347545,1.4989006783291983,-0.595753661032046,0.5116050605461315,1.1819915959602538,-0.7348571137406377,0.5285516698739557,3.6066624021294933,4.46758953331317,-3.254871643324856,2.778491545950624,0.4973975294083982,1.9088608797212023,-6.714902298990679,1.2205448904620848,-0.2126638519220698,-6.858772240760148,7.092473163560383,-7.559000052079133,-1.656745256202896,3.7632222346317126,2.1881319448586822,4.291985155059464,2.120681919100574,0.22772555861908816,-5.362872663553299,-9.926667356092445,0.6084396353120666,0.7680065608541883,-0.36903230388370467,0.31271408142804313,2.239270922130719,-0.49618677510354503
-13.50368517416538,-3.2004023335876743,-4.589877981091548,5.865218446857841,-7.996851911440891,9.096532784176937,0.5551056663488365,-2.297868483307484,6.056977225452759,-2.080716361042728,3.608030234493241,-0.9651650414923403,2.8544970162909364,2.983606886176778,-7.71602996771052,3.216984728798839,-2.4258199062256955,8.368504740557055,-6.392967066112918,7.3613055193239045,8.9196385235101,5.520684043403563,12.162802572038213,-0.7183367483784212,9.639465441027385,-3.2548716433248566,-6.514650826738505,-3.3495419772478163,-2.0864780937159986,-9.098126841170302,0.559514693895699,4.836291800669348,-7.586744156777498,-4.535227410827808,-0.7730728030218597,-3.944445869484353,-3.1172961374063552,-16.90171846530835,-10.012287838485696,10.374546082556797,-4.922979085922913,-5.481071670200592,-9.041014966583706,5.937363094781521,-4.79316502658418,2.8915078444253792,9.231781173804244,2.8846991507404325,5.725801069581875,11.808953529867402
2.6804345155096843,-0.010099846844010663,-2.2610314134237983,1.7802407906129194,3.4532379761940706,-5.082887121908415,-5.57999016013899,-0.12638470707672123,-1.791334346753966,9.146039624638721,-2.359974349758209,5.065431741660555,-2.3570921674737226,-15.804789539063576,-1.1008805144669336,4.626683914650089,-1.6776399949676097,-3.6961749447579564,7.485862007236657,4.4998953699963655,-4.511193962006002,-15.812971411239817,-6.947692544454648,0.9551528451907269,-8.644975785256992,2.778491545950624,-3.3495419772478163,0.29101398321534333,-6.638638084210196,2.1762291204983226,-3.3735228760884244,7.45545430781177,-7.798171095900329,1.09207250318671,1.014595335175316,12.067872856344001,4.826364859061371,12.519302181209408,1.1666081062895755,-10.140294841053931,-12.618249789785857,1.361482139049869,6.691959913848107,-1.6188233115275334,-3.739853497717547,-7.353686612216079,4.220619728995388,-1.763166928057276,-1.8715467966459707,-4.8562067743949955
7.134191940755124,8.452581228634923,7.824298611647042,0.6913967205517453,-0.06318632394007209,-3.8742888777306717,-0.3318716912525886,-2.580950912364626,-0.11790662168771715,-3.389566461056466,-6.8865936508714825,-0.03107826817047383,0.1945748985649966,-2.5524336539231123,-2.9448807775222217,-0.14430784011388575,-0.04031632671309657,0.20904858549680383,-2.9241965512897172,-0.3094946114115493,-0.3956855194882237,-8.138248755764725,0.4149667998374863,-0.41277504432218526,5.7775413529970665,0.49739752940839893,-2.0864780937159986,-6.6386380842101955,3.748370086893077,1.4800059349816372,-0.7632957581133627,5.479815559253091,0.45353431018261714,-1.0280544118340866,6.188804696407477,0.35790972470303317,4.110491688107152,-4.9421013127957645,-1.6520416447232786,-7.902335047928214,2.922123806298915,-0.4061410619352795,5.564726120902915,-4.952530887737684,0.08017346399569614,0.523792752218851,0.36738802918319163,-0.012786269174264175,-2.9077850401868686,7.2065205219164605
2.2934932274122137,-7.09995041562866,-4.746684119248787,-2.1676925714837534,2.401816013238661,-3.406769179348134,0.8982082065145774,2.681435315605981,-3.849249668214446,3.2818250206426693,11.600320516666855,0.16735776935278623,3.545106898966943,6.775269074354457,5.138063137241929,4.440489707204283,-7.708061001559988,12.11607460213219,-10.86032744598015,9.44808365087315,-9.51850592230534,-1.4618412229130162,-4.033526195549991,4.447272411515125,2.532551840353993,1.908860879721202,-9.098126841170302,2.1762291204983226,1.4800059349816377,4.144798038415104,7.769329640768822,-9.576916396924998,0.27432491080813215,-7.409214848332745,10.146370150408615,-14.14930321901798,-0.1051451613615963,-0.8444153342099643,2.061453612444328,9.586418890446799,7.772351247368472,-4.936970210596259,-10.046978245671722,-1.159408041904321,-3.1533200327755493,-6.097101885766272,-2.186664421213539,0.3377303917281159,-4.603621235510448,9.980474121852744
-6.518668974933246,11.079137050454367,4.155015933649523,13.282250636397071,-1.8467682488043342,-15.746787866431482,-6.936894377095522,-0.043484312949480075,1.5605890685073973,7.618537092028782,-1.2203112075076037,-9.415275408193976,1.7795685198111022,1.943992522620698,8.876131887478921,-10.436550207710674,-5.064635674575197,-8.313630083282725,8.291678771906389,2.0544491727762413,-4.026604956024316,-2.9061335562376813,-7.099356129748076,0.0015977021062059116,-0.5403529776277384,-6.714902298990679,0.5595146938956985,-3.373522876088425,-0.7632957581133628,7.769329640768821,3.9494464578079738,0.4070366543063231,2.865519488555975,1.7421061031143679,-4.778924733542386,13.303368624237116,5.785354920342997,-0.12646203432392444,-4.799899853095039,-4.381126498703098,-10.049779641136213,-3.6568405631704803,7.039412156522754,3.4881064064711707,4.651915318613414,2.633354757132088,4.359274971502526,3.0891923486145805,-0.6226347298760335,9.23156265786232
-1.1902228757547122,-15.128453035811981,-4.264281422747916,-3.8903087585579668,0.9376206447614128,7.920456775258862,-6.447667147112216,-9.410221958647625,-0.718527095752482,6.9741178115522455,-0.5726198104675346,5.016371292695773,-4.1378904205257125,13.803695697926099,-5.913014627268392,6.777841117231372,2.078298215521515,11.956310833403311,-12.439572925767408,-4.352055856889282,-2.415839620829353,-2.7850000848875034,6.952044342361454,2.902341416986841,-2.349852940844596,1.2205448904620855,4.836291800669349,7.455454307811769,5.479815559253092,-9.576916396924998,0.40703665430632285,-5.635460595723116,-3.4165601097515785,-5.273733325352539,11.954604883876677,-4.453207523770775,0.115921361488448,-9.343238633434638,-2.360502544098935,2.5524827097738503,-2.4803352153033584,1.4293899429161494,-3.433467507810599,-8.123008113343978,3.1364323347952396,-0.4892356101215447,-5.871335694457403,7.026506475264898,4.089337642957295,11.501992385712697
1.9492397674126143,0.4523609610448276,-9.046027385004137,-2.7820567299300536,0.5406012863359597,8.624696640893225,0.16763722545248647,-7.509728952515426,-0.850376277943441,4.281555584201044,-3.222965575191699,-0.30875519569699683,-0.02802075789678793,0.8089909872781177,-4.473774429095262,-0.4160907244043638,0.5339790368802575,0.49758607597566273,5.488620736269926,-0.2533783400234161,0.39731685533641453,1.9390986432246702,0.6776008809255762,-0.25951515575258505,2.1515294629763955,-0.2126638519220692,-7.586744156777497,-7.7981710959003285,0.45353431018261614,0.2743249108081324,2.865519488555976,-3.416560109751578,3.8108194736296177,7.139723764025009,2.6583844318156817,3.1821542839975456,-0.40670056114600933,8.897365497315352,0.5093529612991087,-4.390694240325378,4.424104458550287,-0.363222877226532,-1.8409511022316134,3.170733704662464,-0.08652795511278122,0.010658016303981444,0.35639873300580505,0.8778243783758272,-3.7518930066716036,2.663138414397518
-0.2904622593070645,-0.667274607735331,-8.293937620036827,-5.210367028760129,-1.5530354805338806,2.0467911380802013,-2.783524545296112,-2.8262706463548124,2.8845229263434007,-0.333439522780997,4.973798606617999,-2.464933443272402,1.678758799903692,10.876548883279776,-4.556996836747808,-2.460172956950852,-9.640945453184155,0.7041514714137022,7.403829228616689,-3.249153693022839,5.305661411093339,-1.285846419596039,-0.01581424164336176,-0.7982127361449876,0.3715512536957367,-6.858772240760149,-4.535227410827807,1.092072503186711,-1.0280544118340864,-7.409214848332745,1.7421061031143679,-5.273733325352538,7.1397237640250095,8.4799767905225,8.05464046909693,-0.19937474386391982,2.691429163020827,0.57049326424,-14.878777181262578,9.325464329687524,7.727641757085602,-1.46737844573645,1.0772356201895619,-1.057364519973837,3.8948961510890783,1.0260456083492282,0.8663212165398901,-3.4746597798598824,11.18627410521809,3.205576537573331
2.3287271942096552,5.237096246821942,1.44608593564313,-1.8736829009524896,-4.323946792771713,4.324833452220909,0.19380618226005117,2.0510078917321404,1.177444078324833,0.4894018729623876,-11.480458551467917,4.399569325411865,-0.1501919407060719,-8.573366209522979,15.15162094999294,2.684183862804298,-5.4284685174141485,-5.957362593059394,11.8031096878915,-2.020850702284107,8.32989783428439,-4.829862557000565,-7.038677528922509,2.636747024275425,-6.287270276317311,7.092473163560383,-0.773072803021859,1.0145953351753145,6.188804696407478,10.146370150408615,-4.778924733542386,11.954604883876677,2.6583844318156826,8.05464046909693,-3.8769008146139594,-1.6448672066571288,12.052866587716688,13.357834352711283,5.586832340830884,-15.883303574560431,-11.10446196531137,3.0992981371612442,18.206601244514577,9.462511269795796,-2.9145209398844307,4.748993253205732,-10.092087671933434,4.587682757981765,-12.296492332766059,-10.804370448233604
-9.98359673383094,-0.09620009055047027,-4.973506589811675,-6.102321190813532,5.938267647243671,3.5059419191294805,0.9614244265142888,2.8860383730382866,-1.221053470906273,9.731263588287847,4.742480480795388,-1.3096461141680347,-1.8594798218913018,2.184507558864081,-11.926200953759768,-9.46127063826878,0.3300129001277838,7.9836870745039095,-0.4665449290100371,1.6085017980703977,0.096743750488722,8.57753359137735,2.627531487306948,2.9398798140844136,-1.4573878280981591,-7.559000052079133,-3.9444458694843534,12.067872856344001,0.35790972470303317,-14.14930321901798,13.303368624237118,-4.453207523770773,3.1821542839975447,-0.19937474386392004,-1.6448672066571293,-9.585024946759638,0.7004762394835315,-2.6716042975195746,-15.979279176402585,4.564928728194349,1.6710881941364217,0.01929800074633381,-2.1817164525412087,-6.772960828504723,-10.299460731323213,1.9597855152871528,-6.06173055721862,0.8768592284861944,3.317008982876285,11.926434858564749
0.9606415497860922,-9.883095549061174,9.037282173555303,-2.8212720402354945,6.589459400202326,-7.78153014298541,-3.194611681354456,-6.690285335633353,5.951808669050939,-2.4325046623211746,7.3135701440860466,-1.4555559525533972,-0.04217021648944841,15.31588037830019,-11.22972408940271,-2.765963014279689,-1.853566970796634,5.839904464293649,-6.349963431108443,-5.154331029355023,5.245499176330162,1.3068084300596006,6.033266555897293,-2.4830697864310083,7.029358261593575,-1.656745256202895,-3.117296137406355,4.826364859061371,4.110491688107151,-0.10514516136159657,5.785354920342996,0.1159213614884469,-0.40670056114600994,2.691429163020827,12.052866587716686,0.7004762394835312,1.0705977899216164,-5.682770043371441,-15.809608085066252,5.05546676607507,7.621296444602143,-4.5627140512621,-11.534652583350548,-0.28857500979238926,-0.5050651420784144,1.5032428100002995,-3.0666924417485566,6.587539325990998,-3.430274478503845,6.445968393154272
3.8160265999727625,-11.608251385611917,-9.572956887224617,-5.865727681632771,-3.567405657276096,3.7723985751962212,3.7125055113868366,-16.094514033742925,-5.031538825639854,-2.3926169909669555,5.5680247523505075,3.863498735115832,-0.34870547356797776,4.050747624601403,-6.888266703518907,-3.9004091420363567,4.194543913085387,16.97158899434186,-3.442832128238265,-1.7931568587405518,-4.546531160860258,10.816539273844949,0.715920740518274,-5.57662720169085,7.412590026067916,3.763222234631713,-16.90171846530835,12.519302181209408,-4.9421013127957645,-0.844415334209965,-0.12646203432392483,-9.343238633434638,8.897365497315352,0.5704932642399996,13.357834352711283,-2.6716042975195746,-5.682770043371441,-3.2206689834765037,1.1777009869895525,15.324290452836777,-0.18079254636526343,1.6236126409912033,-15.664994193394667,7.077127491667941,-4.762074469915773,7.650355781388839,-1.6276779411685016,-2.389447679921589,-4.122428854922729,10.493982260848899
3.907139578197764,-2.744325824004336,-6.318896009287924,0.29847407955639427,1.8205235648172688,0.6591051770359269,-2.708406190747649,-5.964768320862665,-2.9637795065494545,-2.898400795119376,12.411814412683517,-0.1934669352141325,1.1922074031868055,13.852483972189434,-9.928200264368522,4.320845956287409,4.880072491505846,1.687669180891746,-1.3731087165724856,-1.6898543748480481,5.4428452246311405,7.278800352557846,2.8756973953049254,7.425025767232297,7.902380761416329,2.1881319448586822,-10.012287838485696,1.1666081062895761,-1.6520416447232784,2.061453612444328,-4.799899853095039,-2.3605025440989356,0.5093529612991093,-14.878777181262578,5.586832340830883,-15.979279176402585,-15.80960808506625,1.177700986989552,4.5576086519570875,18.012153838536772,2.3778076728162256,3.36263914521377,-5.920064707669824,0.1248383246858149,8.206192629543617,-0.12267533297139277,1.2516235815105714,-7.755757883493473,0.23670567014073618,3.425261030897032
4.99940274156222,15.606257469501784,4.310395122429256,2.093743534631952,-0.30376328064255775,-16.734986040675768,-1.605635143110519,15.912785806741732,-4.978321847766753,8.306662000702197,-2.962628308799668,-5.635482584123926,1.874170763383853,-9.08716747881646,11.022219530874752,-5.504182437596743,-5.920505992279855,2.3762817606655178,14.177901237406392,5.136510798830512,-2.3854759483484367,-2.1423969516651247,-3.013435303790498,9.608986627207226,-16.989214659517653,4.291985155059465,10.374546082556796,-10.140294841053931,-7.902335047928214,9.586418890446797,-4.381126498703098,2.55248270977385,-4.390694240325378,9.325464329687524,-15.883303574560431,4.564928728194349,5.055466766075069,15.324290452836777,18.012153838536772,3.7975265666067,-12.176201477242227,5.1312166384878,4.425509847083101,9.34589004337939,-0.1761948335395488,-7.664315055805648,3.7240385843896826,4.72366099231875,-0.8586769193913517,-9.224942454816354
3.544751777717985,9.483748889602113,10.067866114934933,-0.34134176406874495,-2.578921521774382,-1.0983881026926392,-2.3806246049655115,12.767371836389376,2.5352012230919936,3.9778235809655977,1.1566787395626692,-6.579400924658351,1.3860425754764556,-3.92239537809984,-2.9078206121781927,-1.2753851462410164,-0.8420675047596655,-14.592975360037656,1.9057945054766645,2.784239407588373,-2.7984802797164567,-2.8648483820046025,-4.230364213228557,-7.859761882049973,-9.84745438675136,2.1206819191005746,-4.922979085922912,-12.618249789785857,2.922123806298915,7.772351247368472,-10.049779641136212,-2.4803352153033584,4.424104458550287,7.727641757085603,-11.10446196531137,1.6710881941364215,7.621296444602144,-0.18079254636526337,2.377807672816226,-12.176201477242229,4.444426582563489,-7.193333784342014,-2.9854809461129417,7.309238503486769,0.4584609744245527,-3.2003105354052956,0.47116612994040974,-4.831157909465491,-4.5590777962766245,-9.005270558483828
5.412426946138908,-0.17373711615272558,-1.6189871575328736,-2.659578644865123,-0.9153498622963747,-0.3659880375243364,-0.42210480581597737,2.2189269636691975,0.21818978745775597,-2.830482556203338,4.422900491011815,0.5365997767276786,0.41590916928093186,4.001889326489735,-2.6642508924551453,0.38723245664278705,0.09123199627541345,7.019542683143707,0.678512076773103,-0.5682370614809511,-0.3092447116127554,9.2984881046054,0.8495534128487734,-0.4060878709775557,2.0920904346653195,0.2277255586190875,-5.481071670200593,1.3614821390498686,-0.40614106193527993,-4.936970210596258,-3.65684056317048,1.4293899429161487,-0.3632228772265321,-1.4673784457364503,3.0992981371612447,0.019298000746332755,-4.562714051262101,1.623612640991204,3.36263914521377,5.131216638487801,-7.193333784342014,4.470483350582982,-1.4161573772437899,-2.7739199523852225,0.3210373860307357,0.5229407096313679,0.5135270546493557,-0.2548355077233111,-2.5375825229822198,3.9302164096888346
-13.792721030386495,-1.0490991077496483,-4.366707683595426,-10.059846479914453,-5.764658920076361,1.928113942867156,-3.648124740701716,-13.770806414611997,-3.8258934832236955,-9.35524489993405,15.501667602363067,9.734815647465965,1.9336838083790386,7.3220509146466775,0.7808121446480003,1.1011422037296206,-0.938531151180383,5.9801139759300455,-4.483486445919752,-5.227617791158526,0.7986294770672973,4.913543763612321,10.457155995603934,-5.196546903195554,4.161139794502038,-5.362872663553299,-9.041014966583706,6.691959913848106,5.5647261209029155,-10.046978245671722,7.039412156522755,-3.4334675078105987,-1.8409511022316136,1.0772356201895614,18.206601244514577,-2.1817164525412087,-11.534652583350548,-15.664994193394667,-5.920064707669824,4.4255098470831005,-2.9854809461129417,-1.41615737724379,-6.830217398925477,-2.7745677824648514,6.067744805148881,0.9359037901948435,-0.14661688481643914,0.9577518884063333,9.671135762706275,13.381499812366357
-10.155251524730053,4.250086736824594,0.9507821986886985,-9.285023837340015,0.08741126072011329,11.025279748510362,0.4471525162297086,-3.772487627197304,2.8366410858731497,-1.6621365411719824,6.823774998545261,-5.401709997901592,-5.83373395625481,-1.2066640188951139,-14.456007284977058,0.8465255218929522,4.872367615890057,1.3780128139052392,-19.747517744878778,2.9357736814440782,-0.48445116708464686,13.291658120366714,8.690137310007907,2.130928080951076,11.190256485344058,-9.926667356092446,5.93736309478152,-1.6188233115275337,-4.952530887737684,-1.1594080419043205,3.4881064064711707,-8.123008113343978,3.170733704662464,-1.0573645199738377,9.462511269795796,-6.772960828504723,-0.2885750097923896,7.077127491667942,0.12483832468581407,9.34589004337939,7.3092385034867675,-2.7739199523852225,-2.774567782464851,3.401551469129421,2.267068795707476,-3.521107585905601,7.632893408017205,-1.0222830538454826,-2.070566343576576,9.285747573769912
1.8959328681818446,-0.06311322862361383,6.260792765664658,-0.3287149803522023,0.6312641984253634,-1.2819489160801765,-0.7235198688066917,-2.511597710172965,-0.4213517206610663,-7.553576857989537,-1.1412502240102904,-0.11019839205744275,0.9337146118889253,5.5950274706637595,3.100879317011426,-0.19820615099886207,0.22038150485793095,3.689837696790729,5.0668581873904985,0.005382692166714442,-0.014713837184259046,-1.2880433515989922,2.952051672260197,-0.40853699345602246,5.4638144735454235,0.6084396353120669,-4.79316502658418,-3.7398534977175473,0.08017346399569625,-3.1533200327755484,4.651915318613414,3.136432334795239,-0.08652795511278227,3.8948961510890787,-2.91452093988443,-10.299460731323213,-0.5050651420784144,-4.762074469915772,8.206192629543617,-0.17619483353954818,0.4584609744245526,0.3210373860307361,6.06774480514888,2.267068795707476,4.541576656687047,0.12255179732504229,-0.16477474685655547,0.13642674155080436,-3.6728582196905015,7.581921471436447
2.5701888310742467,-2.7399001118115565,1.8760649225565365,3.3868873195778018,-0.04588475814746573,5.451240021057504,-0.011602613589097255,-7.8084494208735915,-0.286702461770337,-1.2305862890151067,-0.8398314987129006,-0.16193624316872873,-0.20264715194087957,-5.459191226546639,-6.990038344245977,-0.2615743808216744,-0.27345255390427514,1.9233610514364337,0.8647168406575746,-0.5566845540386367,0.2359470539580732,6.486429667498597,-4.39836861304469,0.2395391727584037,-0.1105377638828891,0.768006560854188,2.8915078444253792,-7.353686612216079,0.5237927522188505,-6.097101885766271,2.6333547571320883,-0.48923561012154515,0.010658016303980607,1.0260456083492286,4.748993253205733,1.959785515287153,1.5032428100002995,7.650355781388839,-0.12267533297139277,-7.664315055805648,-3.200310535405296,0.522940709631369,0.9359037901948428,-3.5211075859056016,0.1225517973250421,4.697641490354719,0.7038564194758836,-0.5512459021537468,-0.7748968566422265,6.237835570052148
0.6245967473318359,-0.38786350208939635,1.0257368658033927,-2.226914100958454,-0.33534514532353593,-1.2843501645052338,0.15446402687885852,-5.116978957306022,-0.06739212134283679,-8.13042192532122,-3.987730896458588,-0.5491491459907084,-0.7051213261813437,2.2093541108351173,-1.4856353104565265,0.31636814806783464,0.016915500249413407,-5.5936102546627255,-2.244661124088091,0.38729756096508844,-0.10736753016729757,5.300585041529958,-2.0644638292752573,-0.4772151844851267,9.746101485132069,-0.3690323038837056,9.231781173804244,4.2206197289953895,0.36738802918319163,-2.1866644212135395,4.359274971502526,-5.871335694457403,0.3563987330058059,0.8663212165398904,-10.092087671933434,-6.06173055721862,-3.066692441748556,-1.627677941168502,1.2516235815105714,3.7240385843896835,0.47116612994040963,0.513527054649356,-0.14661688481643925,7.632893408017205,-0.16477474685655508,0.7038564194758838,4.243357332146964,0.2920949339015628,-1.513791704854953,-3.5208800350139846
1.3129102516355324,-8.370783557564655,-2.18107054535144,-4.603070384297748,0.2822390542268581,-3.6165371179745147,0.55854191400058,0.01813521222546277,0.38144926999789985,3.1336377193829112,0.9590180781769558,0.14839445017022013,-0.9383899612072863,-4.638434680752522,-4.6137020868712275,0.5891430935552011,-0.45341825616903475,8.881064174848236,5.469832689720498,0.22742747641154937,-0.16410071713418856,-2.313284002699268,8.444325526036385,0.06170308067262875,-4.67111595736946,0.3127140814280443,2.884699150740433,-1.7631669280572764,-0.01278626917426462,0.3377303917281157,3.0891923486145814,7.026506475264898,0.8778243783758264,-3.4746597798598824,4.587682757981766,0.876859228486194,6.587539325990999,-2.389447679921589,-7.755757883493473,4.72366099231875,-4.831157909465491,-0.25483550772331043,0.9577518884063334,-1.0222830538454823,0.1364267415508047,-0.5512459021537458,0.29209493390156316,4.685338559706534,3.1014449159386372,0.23864217657726944
-5.506820273014043,4.93584165788666,15.02096392349939,4.88069708276654,-1.938708730238819,-2.826168707748169,0.246461440938615,8.937802914361262,-0.8260828839036438,8.724913792655936,-0.1716667344343863,5.531852297094504,-6.2593804637556945,-6.644096987536906,12.186316807037295,-7.592018252328876,0.5863355984529596,-2.4465545333458207,9.626495819407857,-1.0535206972759852,3.969304362774845,-11.3949836878619,-7.6178412382441945,0.9259474268121388,-1.7326786661721478,2.2392709221307188,5.725801069581875,-1.871546796645971,-2.9077850401868686,-4.603621235510447,-0.6226347298760326,4.089337642957295,-3.7518930066716045,11.186274105218091,-12.296492332766059,3.317008982876285,-3.4302744785038453,-4.122428854922728,0.2367056701407354,-0.8586769193913526,-4.559077796276624,-2.5375825229822193,9.671135762706276,-2.070566343576575,-3.6728582196905024,-0.774896856642227,-1.5137917048549532,3.101444915938638,-5.5944370219267405,-0.7657649053338611
-3.0527398936849237,0.30888841063853045,7.644482143840408,2.4797766750676127,-5.198654845537055,7.005175306162085,6.109165403123489,3.210738831279327,1.2884684368745598,2.160635517183354,-1.0242530834669432,8.153157110636174,-6.228049006238497,-14.570989439997353,0.6565148553162328,2.2851447681739607,0.20810506702341802,2.6730021863889926,1.7092403102183447,0.13834006548865363,3.7119025118375086,-3.786744494992401,-15.955727921515846,-3.667548361403103,-7.013558273826126,-0.49618677510354503,11.808953529867404,-4.8562067743949955,7.2065205219164605,9.980474121852744,9.23156265786232,11.501992385712697,2.663138414397518,3.2055765375733314,-10.804370448233604,11.92643485856475,6.445968393154272,10.493982260848899,3.4252610308970315,-9.224942454816356,-9.005270558483828,3.930216409688834,13.381499812366357,9.285747573769912,7.581921471436447,6.237835570052148,-3.5208800350139846,0.23864217657727022,-0.7657649053338603,-0.5397388442673767
