n
50
c
-157.9096237867834 190.32064109547017 -170.88707663286968 -191.10865639226756 -170.74522717853688 8.934057688689595 -184.1710940424243 -187.59311578801254 -9.52325321791572 21.384704526402178 -163.46835299271726 -173.43223715915255 150.193475717888 31.98084499665397 2.4470453625170325 -28.16001677056132 -16.793414397014146 -122.91534549508017 143.5553356933005 -164.98775821860804 13.46882767643087 -201.04934561161696 -189.77432682276594 -213.6163462852159 160.58546416266168 141.3457323876803 147.21565847180204 -164.7064562017806 151.10723398367068 146.0051146347564 151.7412764549836 143.0576180676632 -167.6092377900354 10.967657106634023 15.329962669836945 -164.76712279552592 14.218941974794483 188.64780901753147 -162.73680372083396 -19.10516832692038 6.186261734127289 25.08844535423991 204.5993417309944 148.255422690257 181.65840187463147 -9.380278391273647 -158.44236304774736 152.95986724529615 44.28499776226543 31.019845969123686
Q
-12.014042069159949,1.6132211174385267,0.19801468600572691,-0.015829683216275314,-2.0424171263978566,-1.1865987207149287,-5.419656489092932,-5.438768204328747,-5.7692598026217885,0.08040642717600442,3.0352915895405985,-0.9516493339060828,6.551667074155423,-0.7238074528587467,-0.4251152038930978,1.2296681381504744,0.8648813311893822,-15.569415433306844,4.15871425105888,-12.804083997837626,2.7501908800222354,-0.4499178107296362,3.6639352729427257,-7.203479181706336,12.117548154074926,10.16684141257699,9.874028330425357,4.515725012939264,3.0336385350258523,12.234079498538101,4.490340756769434,17.08908747770228,-11.828241138363053,-2.960929337730194,-0.5688467885607638,-8.336131982476077,-1.2980582466202917,-3.0882624313462994,1.9919974815416377,0.6015413081546147,-0.2587490581377999,0.3059957111067976,-2.693980781531273,-1.8784609767533642,6.647629588154621,-0.5562988751268934,-8.425972028479741,-2.1864743492847403,-7.246240645397251,0.9846985871385276
1.6132211174385258,-5.59495122849156,7.553588500941285,5.4164998144831955,15.831194186886927,1.8903735926888645,-1.8977460441861276,3.740481695704262,0.09474682149676644,-8.593538578845179,1.9496073090478394,11.183248818268789,-10.909354690563188,-4.694412408424789,5.106745921159179,-1.122391227934535,-2.273953575703517,2.797013317584981,-6.027536814383202,-5.40100875164027,-7.907917857297522,3.1811843486897873,9.646113149598344,0.07676803487679529,-8.351309419815955,1.147746162657293,-4.26730690007958,5.718905215163732,-0.721709592670625,-8.060495491786293,-2.909513029067153,-9.238464079062236,5.321673766850826,4.518123274128868,-7.76922801772841,10.801510779876292,4.124543951897194,-0.20433694410338032,7.01506223441528,-6.587088728239687,4.2190038582251566,1.7820413852066248,-9.13645433737421,-11.293995799669577,-4.001149005260449,3.1319913217264497,4.20212664675604,-8.419719849884922,-5.23483048423941,1.5543692863126013
0.1980146860057257,7.553588500941285,9.577078381442586,-9.378752691322328,-13.704149408371977,-2.8580845636002588,8.085959381923084,6.215013591528536,1.7258354536930562,-4.607458735128429,-3.2717234371081787,-12.704331106601694,11.119060429740179,-8.927378358038494,5.067182436189852,1.6000500659402432,4.574437177174564,-3.972881704594114,-1.0711623549909748,-14.701797736394086,-8.124141441254237,4.514284312316608,-3.410838245065174,-4.02277109324639,2.1501770730107883,8.809086243946737,-2.0417617802728087,-12.772188765823406,4.584238407644347,12.140778637161594,5.344099448650071,3.693570438820528,-12.180246520289788,5.665755517308192,-7.929802274785691,0.2843674559887558,4.571692672729378,19.758577296893954,-9.63699653128675,5.386750101311673,0.9128411013336961,-1.16460605188296,-3.468656149064937,10.222778444822566,-3.6256201473160066,3.395639417721252,-3.5573676069391906,2.2768409539263645,-5.259549075831202,-4.616358741972013
-0.01582968321627609,5.4164998144831955,-9.378752691322328,13.689115957830172,-1.3631790305341698,3.792569189037893,0.07984240390368758,-0.3517018335034928,0.3638422874286257,-1.9274538548596385,-7.258070499237693,2.345936837394103,4.75505856002801,6.355953954739407,-2.9596396267333978,1.2111305807523696,-1.8289904235124586,0.818904012805715,3.2345660525454214,-2.844895354767796,3.6339453267429898,1.954697235044859,-6.789589695788268,-5.008383959730531,7.358316181387215,-0.3782621385032068,6.166226533980023,-6.417976266166127,9.979451276709279,9.635151131014192,14.592422411672137,9.213318906275777,-8.37269502564138,3.654482336533042,2.65241202407677,-6.951270571005539,-0.2999727489769403,-1.8883843720013844,-3.4668051297576152,-2.166859031228365,-0.6758210723290674,-1.2721521628962313,0.7002113774074319,9.029722004780046,-3.472374291160649,-2.4316657217358584,-6.780352535341668,15.877633227525079,-1.7366122827529702,5.262586933344121
-2.042417126397855,15.831194186886929,-13.704149408371977,-1.3631790305341702,-1.4102848567553403,5.486740955831524,-6.33611612165735,-0.12775505079537375,-4.992355984564729,-9.580261028461663,-12.427592858563703,6.075047554793568,0.16634850224293113,6.165928228122728,-2.983863543635758,6.287317156986178,-8.148154723670123,-12.366726650318515,6.519116522609254,4.277938593424152,-6.442647321292157,-2.359523748200029,-13.803352160955935,8.835007598838644,8.351657037483433,7.666247811191746,1.8899695926830018,1.2690280098334523,8.957330519516828,5.34200653938267,8.870039322681814,2.9408196082155533,-6.7431021120164045,-0.7019670494982622,-6.453512954305387,-3.5401145032610164,6.212174497552881,3.0050763781186665,-11.89866867734886,7.973718638443254,-5.655546459632096,6.527970850176308,2.6710202342243052,4.676653519992032,2.9637712449738314,6.638864047595221,-8.289693078278454,11.474313413509826,1.1853321865115598,-3.481945459643761
-1.1865987207149282,1.8903735926888643,-2.8580845636002588,3.7925691890378923,5.486740955831525,5.384249569512159,2.846005650134454,-0.39354451423007264,0.13042134458427188,-0.21107632722369818,1.4217074506559206,-4.079576468476891,-0.7024984309744977,0.34229989073414224,1.319875280618622,-0.08632577580764855,0.13451322822226108,-3.4715433007276895,8.58559521054051,0.6091219654726152,-0.3913108642525218,4.921671265396503,-9.94261614438718,-4.903698228162866,3.9784497314398104,4.259156786126023,1.003141351637579,0.6153499258500418,6.768926094125154,-2.2370938856666207,3.7803398655435654,2.5414492105514173,-3.7784127594515455,0.08410676287570107,-0.4712056870923288,-1.9893818313347769,0.25861443242778204,0.005388864575353036,-9.213055060769872,-0.47112649663293327,0.5893484850052315,-0.6979089460319039,-8.129436933986524,0.3428119882845714,-6.160791285891719,0.06274988941925874,8.570009819987652,-1.5161625774836396,-0.3553642735969849,0.11392669095524449
-5.419656489092932,-1.897746044186129,8.085959381923084,0.0798424039036878,-6.33611612165735,2.8460056501344546,-13.537424954544228,-2.9142447541099235,-2.987867903178385,0.4649583991643087,-2.949700824810302,-3.5737492384781344,7.5930866308500615,-10.290816866445088,-0.23390981992661697,-1.8212687636534075,-3.093204956606946,-3.5392456666932848,6.448684323852965,2.8357040852770568,3.5631623648806885,-4.404078097318359,-0.8970730040066548,4.768765851746681,1.9506110637470107,8.83787199489001,12.494018526411189,-13.385297376514457,-1.3655575968845888,9.772710751472585,7.244150102287906,16.00498781012429,-6.676975390271587,0.7961074969296954,5.859200888638983,-15.245859955307555,-0.08653403327709708,6.024303561702248,-1.775258133524442,5.040686230106548,1.3570295514246016,-2.746594361050429,17.02087914551174,6.627142684786621,6.840574613717403,5.8242964789362075,-9.897237693663843,6.870355270826402,-1.1633926968977546,-1.0282547699972344
-5.438768204328746,3.740481695704263,6.215013591528537,-0.3517018335034936,-0.12775505079537197,-0.39354451423007214,-2.9142447541099226,-2.396829985906666,-1.7515483859732597,-5.017770350783754,-17.08085386033605,-7.878658032534781,2.922783261270712,4.2811454587492195,-7.6699015751592,-4.295777949963838,0.6696283429027368,-8.67165316759506,11.925143576202572,-0.3085405936003367,6.537757223396662,5.848307680398187,-9.440784671699554,1.5554129700691992,3.5831050517311223,7.202339400334926,13.361965934040109,-3.241190359169307,8.804275792013287,-1.310869776076317,8.413321211888416,4.6552894451324836,-3.9173390116010665,-0.6661911395878684,-4.258791825302716,-6.836776149501963,2.2086364502309936,3.683176355475653,-1.6971748008580798,4.6356426711157,-4.93603785992717,-0.6726116714949427,5.876001614197005,16.419933147981055,7.041975053857939,-1.654016681638377,-7.949708458642347,6.310108955475669,-1.886669458988538,0.5025392116996057
-5.7692598026217885,0.09474682149676572,1.7258354536930571,0.3638422874286261,-4.992355984564729,0.13042134458427235,-2.987867903178384,-1.75154838597326,4.0168868821098425,-0.09780000782847775,1.9579651375177534,10.485651717827992,4.898652028244023,-0.16005863768995565,0.0968875898532704,-0.3268586021919868,0.30064359488003517,-3.412788603701874,6.535553749568175,-2.2527744256585915,-0.388986015353762,1.3434391259879281,2.7393343988927814,2.973282082824234,7.867596121314735,-0.055026595230993625,-4.46349941873659,5.718833629677033,3.3885594732726423,0.47806528994108244,0.4784947212182991,-3.504801250909023,2.920093376238881,-0.42704605629452963,0.21173895058136982,-3.485253503096945,0.6150580224324216,-2.255995528536553,-4.424235854203591,0.0455842714489752,0.8102230741209839,0.39127204791845155,0.31121274352723305,3.3911867260657025,1.7980726625827959,-0.057609487040385654,5.671084478108129,6.442284840920297,-0.6485454850427111,0.1530703428463877
0.08040642717600366,-8.593538578845179,-4.607458735128428,-1.9274538548596383,-9.580261028461663,-0.21107632722369657,0.46495839916430803,-5.017770350783753,-0.09780000782847717,4.683656282269111,-2.1848588537136178,1.3335519450757507,1.1245234515471867,-0.37967286493792807,0.6080327311533837,0.1343931262985013,0.03362193010058134,1.8362746805987444,-8.130184720964868,0.15395667234599164,0.1704767326404143,6.301855491830254,-4.886832869882494,-5.563125204948929,4.733583837404959,1.1175852860367659,-0.8604058466324622,-6.891850136173431,-4.493387592410209,-2.1209450599153605,-0.8870979355656096,0.4293736341499903,-0.41638245212133257,-0.8079761971829615,-0.06640791941252056,7.14816938928472,0.20417536207332448,0.10017493714343932,8.020531958348197,0.25738224307990976,-0.23379620550854485,-0.6041516791640646,1.546258737948246,1.984960937185957,-1.6543961792860977,-0.3811519678302311,-6.712442408448859,-2.0042422942171294,0.3427787438921529,0.08125722633758492
3.0352915895405994,1.9496073090478407,-3.2717234371081783,-7.258070499237694,-12.427592858563703,1.4217074506559206,-2.9497008248103023,-17.08085386033605,1.9579651375177536,-2.1848588537136173,1.2162740866372719,3.220826653850156,13.659927111478389,2.845563635063702,7.129891118745717,-3.4082031614676005,2.079645772123344,-4.299456242531795,4.035153766876304,1.479061821684446,0.2403142633284241,3.254750033576302,-7.701938600064636,-10.253373925349827,1.1643495622626356,1.093867713504975,11.33718377758078,-15.568923448112477,8.450352257804559,15.27888515609134,-3.1721123672315192,5.481595955897565,-0.8659468291497336,-3.614893095670963,-3.7737388708179695,-11.471587910816577,-2.384179461532519,-1.1076362608908985,-4.894118557384958,2.8514320724192888,-1.2574228604229198,1.0385434860718759,-1.8881061382772988,4.842383083009914,4.4233336319145735,4.367079377924454,0.9591786312734658,6.795482373607195,-2.7518122135820917,-4.74129608036848
-0.9516493339060829,11.183248818268787,-12.704331106601693,2.3459368373941034,6.075047554793567,-4.079576468476891,-3.573749238478134,-7.878658032534782,10.485651717827992,1.333551945075751,3.2208266538501547,-0.9381105539065251,3.3730730126013793,-7.627227898182681,2.0621607430910185,2.667355986643212,3.845725768405538,-6.3306901847414085,-1.0935156476829593,-4.850449632535141,-0.08660124142588105,-9.393384898776022,-0.753218495936121,-0.03397241493924197,7.687735116597967,8.561224256904206,2.913023497362754,1.8983017472600758,-1.8880415079389181,-6.214835402254033,0.7997978721657306,2.6907994696528252,-14.623463366121532,-9.316189302578328,0.29584159660391685,-14.862251371204598,-1.5620108871303144,3.0492166974589603,-6.146101150789107,1.5262931321714601,4.345981546633082,-5.19910321332808,0.8619792748818391,4.675888816495891,9.066112247562536,4.534601399148723,-8.670721403976131,1.7259608804918405,-7.111709976512224,0.5063425793107286
6.551667074155422,-10.909354690563186,11.119060429740179,4.75505856002801,0.16634850224293207,-0.7024984309744984,7.593086630850061,2.9227832612707116,4.8986520282440225,1.1245234515471874,13.659927111478389,3.3730730126013784,-2.9405424519559107,-7.235899963318469,-10.403041298155548,-5.583398952051627,3.6783725831230116,-2.716724268852222,-5.159785112758751,-2.640691154423572,2.669459331936132,0.9206848545464164,16.2279010435071,-3.4679221643839844,8.407172807971193,6.134992718099816,-1.0604898186635583,8.859634558252901,-15.83722339120634,1.3429881360927869,-1.9023376854042167,-5.936418458390333,12.777081357101007,-1.3310772201773435,-0.07128025073692956,10.522466946226714,0.4236382606738298,-10.956089143751203,2.8479086506952225,9.92158830307489,-0.6412176468293453,-0.7855786487880011,-9.913967086799799,-10.00600012359663,-14.979419003045079,0.4548819272135447,6.501062857088376,-11.424978886405464,1.6383931658419126,9.592469510400557
-0.7238074528587475,-4.694412408424791,-8.927378358038494,6.355953954739408,6.165928228122729,0.3422998907341426,-10.290816866445088,4.28114545874922,-0.1600586376899549,-0.37967286493792796,2.8455636350637024,-7.62722789818268,-7.235899963318469,4.971559643309614,0.3965299077119112,-0.20423742882912438,0.49444236550059056,-5.212242988398309,-6.195961689074154,1.3576099752126294,0.3681619175956631,1.3539377841746703,-6.769813346724783,-3.046113915213457,-0.1656490792990345,1.0539648291157122,-1.1153823855610105,-8.039981529427836,-0.14519070969660458,-4.118466077242689,3.3811241938265493,-2.013967508207973,-2.4973750314590433,-0.7096459481256219,-0.1928341697275659,-7.8480988041533095,-0.7129447423673915,-8.787489898921692,2.1154047791507447,-0.009830303363909887,-0.0681887378468275,0.4334516486705261,1.2509237983637087,-1.5619389856440002,-1.8612922523777637,-0.0639356011952803,1.6974536104365283,1.91678034554515,-0.35429834849706565,0.019162675247453298
-0.4251152038930963,5.1067459211591775,5.067182436189853,-2.9596396267333964,-2.9838635436357563,1.3198752806186203,-0.23390981992661686,-7.6699015751592,0.09688758985326973,0.6080327311533833,7.129891118745717,2.062160743091019,-10.403041298155548,0.3965299077119112,4.721795095021685,-0.1841440926227112,0.0462422177153885,-3.129707312964045,-3.9197874644323174,-0.2375448484874062,-0.89782393904339,-4.376141346728489,-0.4499502117792311,1.490873986829488,-5.905924564980029,-4.248154556221163,2.9101205001977473,1.959627675097644,-1.5482232829394862,-3.148217917453948,9.290510653641556,1.2433047350289335,0.19948768949109164,-1.096741481090306,-0.037401573930989196,2.497443688619641,0.16048326083446848,-0.10701057322413865,-2.0823173820579495,0.7140441426612963,-0.8331682097061515,0.30812253614507723,4.695723119726793,-7.430676143087868,-8.450644082149001,-0.5406431927615795,-0.773998148238831,7.588553310566864,-1.1829562514470502,-0.35017668691951087
1.2296681381504737,-1.1223912279345347,1.6000500659402435,1.2111305807523696,6.287317156986178,-0.08632577580764744,-1.821268763653408,-4.295777949963837,-0.32685860219198704,0.1343931262985011,-3.408203161467601,2.6673559866432117,-5.583398952051627,-0.2042374288291246,-0.1841440926227118,4.646392506305554,0.3755088062026155,2.8035233834926556,6.105526244531388,7.206701361385028,0.6967337741950075,-2.7393562484042246,5.245649050938867,1.9647754721632271,-2.105633403771705,-0.8459215073650916,0.11069379789097655,2.9097709687423547,-6.586168700512682,5.806442179895199,-6.829538242522878,0.3010425716294771,-0.06641408986328132,0.16772650321562876,-0.3907207958491814,-3.822876909388847,0.03920242624100642,0.8805211141567982,9.309032131119512,-0.052252944176946814,0.11586298170875986,1.198212184977144,10.09296323282146,-1.1836474100588545,-5.947009502534041,-0.12146750894815689,-1.0468116531782141,5.559351469221023,0.17373219853233623,0.0018544960298702631
0.8648813311893815,-2.273953575703517,4.574437177174564,-1.8289904235124586,-8.148154723670123,0.13451322822226092,-3.0932049566069453,0.6696283429027354,0.30064359488003456,0.03362193010058179,2.0796457721233432,3.845725768405538,3.6783725831230125,0.4944423655005902,0.04624221771538839,0.37550880620261573,4.271780158705106,0.6506727620250516,-6.644193086807801,-3.854718889586118,-0.815571169613591,2.1195443877814086,-0.8253954880645942,2.6082273307205863,-0.6259964206717772,-4.248010291033663,6.014985366225591,4.881433211590735,-2.9943871666498314,-4.67124018434213,-3.0428570826922323,-5.187106796069668,7.00450431278333,-0.13598684452063425,0.3044163320365691,1.4083102573032604,-0.24541580297006005,3.8807561657904466,7.1911896906508765,-1.4493600730806329,-0.3193468579034766,0.14667898045528083,-3.062273538281232,-6.069165322984955,-0.22121078740599454,0.032877536908055505,-5.203024445078854,-0.4576986922503321,0.728007053710489,1.0362820613952732
-15.569415433306844,2.7970133175849807,-3.9728817045941147,0.8189040128057157,-12.366726650318515,-3.4715433007276895,-3.539245666693285,-8.67165316759506,-3.4127886037018738,1.8362746805987447,-4.299456242531794,-6.3306901847414085,-2.7167242688522224,-5.212242988398308,-3.129707312964046,2.8035233834926547,0.6506727620250521,1.3532105002492436,-6.949933640468929,0.18591287458582173,-7.498218633218567,-1.7998879475229248,2.9460930746480556,0.2808584447102638,-3.412116233946598,5.557433774332246,14.222262563718372,2.4743012452603286,13.797195086556396,7.098987268306278,-3.6887371934395827,2.1694298097668074,-7.333977242579755,-10.224692317225621,-2.279790082359694,-7.066746331037663,-1.3228681342434894,2.27793196577663,-4.083034625410494,-9.276509812122331,-5.234755623815681,-5.258351385329296,1.5739994159343103,0.17368326268909673,8.839582135110398,-6.169504309803171,-5.32053431838119,-4.203595986133842,0.9921668272522849,-3.954634809292547
4.158714251058879,-6.027536814383202,-1.0711623549909737,3.2345660525454214,6.519116522609254,8.58559521054051,6.448684323852965,11.925143576202572,6.535553749568173,-8.130184720964868,4.035153766876303,-1.0935156476829602,-5.159785112758751,-6.195961689074154,-3.9197874644323165,6.105526244531388,-6.644193086807801,-6.949933640468929,-1.0517328795143994,-3.1128617389566418,8.53451614862708,7.5757700730188695,11.671257129483097,5.952817245459573,-1.024027546320982,-13.588230145346085,-1.4881918386729605,-0.8337482881296809,-10.257400366762297,-10.187481469591495,5.547088947015195,0.1501949083944907,4.622214635636202,6.368367104040821,1.9904165681657058,9.002168569717623,-1.103267473142161,-8.72413503325177,0.9573396723450814,0.0052084067737414586,0.9304912315559966,-1.9634125296134068,-11.161107437250962,-4.327300409176129,-13.950300754808561,-2.311432560460472,5.528057636720177,-9.681278395357513,1.3110015043822778,-3.153702927632635
-12.804083997837628,-5.40100875164027,-14.701797736394086,-2.8448953547677966,4.277938593424152,0.6091219654726158,2.8357040852770576,-0.30854059360033603,-2.2527744256585907,0.15395667234599109,1.4790618216844456,-4.850449632535141,-2.6406911544235716,1.3576099752126292,-0.23754484848740642,7.206701361385028,-3.8547188895861177,0.1859128745858224,-3.1128617389566413,-5.804800115755645,-6.360994705946782,-9.214748874594116,-6.479348342812705,-13.75608832764072,13.609951398526073,7.473578081758632,10.758737529022007,-13.508939068907972,8.537192320380028,6.919962896473637,2.347782302546271,7.988624927653766,0.9169121431243369,-3.8211967586344433,-5.019698072374662,-8.214134355571181,-4.115002131321075,-2.152295818747923,-9.854972583241558,-1.4420437044934793,-8.370134478569193,-5.290189243656959,3.41625142581338,2.5839506614721044,11.209812422221116,1.8818639954480627,1.6596276566448103,-1.1300972473083402,0.66732799575255,3.3112280170209942
2.7501908800222363,-7.907917857297522,-8.124141441254238,3.6339453267429906,-6.442647321292157,-0.39131086425252315,3.5631623648806876,6.537757223396662,-0.3889860153537611,0.17047673264041396,0.24031426332842543,-0.08660124142588077,2.6694593319361326,0.3681619175956634,-0.8978239390433892,0.6967337741950099,-0.8155711696135902,-7.498218633218567,8.53451614862708,-6.360994705946782,5.51931315612563,-0.3209836734519709,-4.818466529730052,2.4755994344299266,8.254000277695255,-4.925518724655712,-4.620010711081474,-2.471506320568812,-1.6560561868341346,3.7571165766901133,-5.653202925384161,-7.579624920198079,9.15258883126224,-0.1029596020446879,0.07563182010853217,2.7408126299910025,0.8324318107090788,-2.261740867844615,-5.200549838745072,-0.041894851679353584,-0.12419144066312438,0.044435950131246904,1.963442629355518,5.672194398491544,-1.084403812787903,-0.3495370173595802,-4.303718137461018,-3.3477042618405557,0.009365064896113995,0.20126997266128177
-0.4499178107296366,3.181184348689788,4.514284312316608,1.9546972350448613,-2.3595237482000293,4.921671265396502,-4.404078097318359,5.848307680398189,1.343439125987928,6.3018554918302545,3.254750033576304,-9.393384898776022,0.9206848545464165,1.3539377841746707,-4.376141346728488,-2.7393562484042238,2.119544387781409,-1.799887947522924,7.575770073018868,-9.214748874594116,-0.32098367345197165,-10.49369692104531,-9.553750734890874,-4.250960610165148,5.650249415586229,12.756863318981148,6.140417341783357,-5.883505693780219,-0.87060671950755,2.476564419944689,3.0000154817519156,6.020934435469186,-1.320824608100632,-2.462581578272755,-0.5907299407687453,-4.41870707751198,2.187742491132317,6.150033900110651,6.8747153936324485,-7.081492340602191,-2.588231214445533,1.9978946785191203,-4.848130743160059,8.179828589856587,8.100358179709104,5.31751860528221,-0.4575597852274742,12.358721704141038,-4.598107722513424,-6.3164284096012215
3.663935272942726,9.646113149598344,-3.4108382450651744,-6.789589695788269,-13.803352160955937,-9.94261614438718,-0.8970730040066555,-9.440784671699554,2.739334398892782,-4.886832869882494,-7.701938600064637,-0.7532184959361201,16.2279010435071,-6.769813346724783,-0.449950211779231,5.245649050938866,-0.8253954880645933,2.946093074648056,11.671257129483097,-6.479348342812705,-4.818466529730053,-9.553750734890874,3.0444460940947575,-1.9779614559327399,2.931272852189102,5.959086206313859,1.5640624690557279,-14.744697313619954,0.23653326821861792,2.305444362990412,4.622553363315378,-4.860098353553136,-5.682010569218845,4.8359793214334434,-6.662795735123048,-10.084256112952213,3.3406473984820533,8.959516025027865,-5.921930890166067,4.006601201702743,1.4701057556785893,-5.1142463535686735,-0.8654117982839739,12.468954198265594,16.49754417704778,-7.874360474694904,-12.34392481606703,13.693638271987313,1.2751329064443857,-9.204114507774593
-7.203479181706337,0.07676803487679384,-4.02277109324639,-5.008383959730531,8.835007598838644,-4.903698228162865,4.768765851746681,1.5554129700691992,2.9732820828242343,-5.563125204948928,-10.253373925349827,-0.03397241493924241,-3.4679221643839844,-3.0461139152134566,1.4908739868294885,1.9647754721632285,2.6082273307205854,0.2808584447102631,5.952817245459572,-13.756088327640722,2.475599434429927,-4.250960610165148,-1.9779614559327392,7.788104207485502,-2.670260671647631,15.023623577553717,15.982919745964997,-4.90391862848707,5.319007467885247,4.178805057111782,17.482879513249927,1.9403059463990315,-5.4668921999697595,7.866958452560333,2.0766490991831974,-8.76915233113201,-2.8655094161678347,14.323166804659778,-3.394748332680843,-0.871706600348503,0.3018177188485588,-3.8695518156527346,5.927832963392953,9.391908164037767,3.062905210234377,2.0549482045653193,-15.906875628071218,10.277061434915662,-2.221599365558654,-4.962443651594463
12.117548154074926,-8.351309419815955,2.1501770730107883,7.358316181387217,8.351657037483433,3.9784497314398113,1.9506110637470109,3.5831050517311227,7.867596121314736,4.733583837404959,1.1643495622626354,7.687735116597966,8.407172807971193,-0.165649079299035,-5.905924564980028,-2.105633403771704,-0.6259964206717773,-3.4121162339465974,-1.0240275463209825,13.609951398526073,8.254000277695255,5.650249415586229,2.9312728521891023,-2.670260671647632,-10.13662071881122,-4.322875910397597,-1.9172895231282636,5.903407301196267,-0.660384288287838,-7.1752375255316005,-0.6280304967996087,-2.90861999522249,12.207242330339923,-5.64545749167295,5.527071085915913,12.756304669436114,-3.858057284937617,-5.206595157263842,0.9608326745914573,0.23478357873352307,-1.441440384514223,-1.4720266429174655,-7.746806056115214,-17.17638992842986,-5.943722307624298,1.1192067243903618,1.489718692898811,2.0709001978879122,-1.4349379596697032,5.721909189605376
10.16684141257699,1.1477461626572931,8.809086243946737,-0.3782621385032062,7.666247811191746,4.259156786126022,8.83787199489001,7.202339400334926,-0.05502659523099333,1.117585286036765,1.093867713504976,8.561224256904206,6.134992718099816,1.0539648291157118,-4.248154556221163,-0.8459215073650932,-4.248010291033663,5.557433774332245,-13.588230145346085,7.473578081758631,-4.925518724655712,12.75686331898115,5.9590862063138585,15.023623577553717,-4.322875910397597,2.4953638934415574,-13.63759297550359,7.681570408661593,8.084610789777969,-1.1460810861640947,0.751461712682366,-0.18849199925373616,10.56080588621996,0.6152712547119422,-3.761905656786785,1.2089112543155047,-6.273558910075906,-4.1537319763328036,1.918656892222181,-6.091212345457264,1.392399456450972,2.001852055353865,-5.856162506905804,-12.951938704779357,-6.948592676057137,1.3128375151554899,13.666883852941865,-7.760167358837443,-0.05231925158470649,-3.2657645383133342
9.874028330425356,-4.267306900079581,-2.0417617802728096,6.166226533980023,1.889969592683001,1.0031413516375796,12.494018526411189,13.36196593404011,-4.46349941873659,-0.8604058466324612,11.33718377758078,2.9130234973627545,-1.0604898186635574,-1.1153823855610117,2.910120500197747,0.11069379789097633,6.014985366225592,14.222262563718372,-1.4881918386729605,10.758737529022007,-4.620010711081474,6.140417341783359,1.564062469055727,15.982919745964999,-1.9172895231282623,-13.63759297550359,9.177483407864916,6.791071910264525,3.4534559419636155,-9.473405727284021,-6.005812539932815,3.8728655624699204,20.289933931673964,-6.661274900789771,-4.26098273654524,3.5835180152035004,-2.320353713860172,-9.096282394043314,6.72384638078673,0.6921144023312841,6.890182805619226,-3.4223656679994976,-0.8885536828547187,-10.769421342086027,-6.916275331860392,5.786628883486262,1.1019315795944475,3.7214779629464974,4.029797228493747,-7.181710442302499
4.515725012939262,5.7189052151637325,-12.772188765823406,-6.417976266166126,1.2690280098334512,0.6153499258500428,-13.385297376514457,-3.241190359169307,5.718833629677032,-6.89185013617343,-15.568923448112477,1.8983017472600758,8.859634558252901,-8.039981529427836,1.959627675097645,2.9097709687423556,4.881433211590734,2.4743012452603277,-0.8337482881296805,-13.508939068907972,-2.471506320568812,-5.8835056937802195,-14.744697313619952,-4.903918628487071,5.903407301196266,7.681570408661593,6.791071910264524,7.235183904109852,1.8330005789370496,6.792449187477661,4.4339217749269535,-3.6449754151372,0.1982145333879536,-5.101521103353387,-0.5639891187212059,0.1142064500817806,-1.5793386026301592,6.767377338463233,-17.598462438076613,-0.6465260570674691,0.9886387799628884,0.9791309566537679,4.78724058214044,18.289888531068268,11.628219546856744,-5.167903167618868,-10.477960966309501,4.458940293910371,-9.718382130870395,3.5714681948960516
3.0336385350258523,-0.7217095926706242,4.584238407644347,9.979451276709279,8.957330519516828,6.7689260941251534,-1.3655575968845888,8.804275792013287,3.3885594732726423,-4.493387592410209,8.450352257804559,-1.8880415079389183,-15.83722339120634,-0.14519070969660397,-1.5482232829394862,-6.586168700512682,-2.994387166649831,13.797195086556396,-10.257400366762297,8.537192320380026,-1.656056186834134,-0.8706067195075504,0.23653326821861798,5.319007467885246,-0.6603842882878377,8.084610789777969,3.4534559419636146,1.8330005789370496,-11.096103462770033,-16.11561003644213,-6.435961763336692,-2.9707075176713413,6.271128185349409,-5.519371048540981,-1.6992526613623782,10.081361425980653,7.373073127726974,-1.002498845640758,6.665866918799684,4.041166399930775,0.028209001082290852,2.412492971481261,-6.9766433887417545,-11.953979406891564,-10.899127389680311,-3.2858875486134296,7.43921103268842,-6.9047847907106945,-6.115707551157233,1.213273769071007
12.234079498538101,-8.060495491786293,12.140778637161594,9.635151131014192,5.34200653938267,-2.237093885666621,9.772710751472585,-1.3108697760763173,0.4780652899410826,-2.1209450599153605,15.278885156091338,-6.214835402254033,1.3429881360927869,-4.118466077242688,-3.148217917453948,5.806442179895198,-4.671240184342131,7.098987268306279,-10.187481469591495,6.919962896473636,3.7571165766901125,2.4765644199446872,2.3054443629904116,4.1788050571117825,-7.175237525531601,-1.1460810861640942,-9.473405727284023,6.792449187477662,-16.11561003644213,-6.318353169768041,1.1005612084222411,-5.5714990777186415,-2.1287761962615974,-0.7204368505407979,-0.43051182258529175,0.3619571881426533,9.360346216618073,0.3230238478688052,11.788663353216355,2.7178834690391556,7.336841198255089,-3.2381244362345774,-6.433037268833397,1.232662062748515,4.280354856717642,5.367631395193337,5.484825318517104,-9.787952869731374,3.427792485041085,-2.6772519043868517
4.490340756769433,-2.9095130290671527,5.344099448650071,14.592422411672137,8.870039322681814,3.7803398655435654,7.244150102287906,8.413321211888416,0.4784947212182988,-0.8870979355656095,-3.1721123672315183,0.7997978721657313,-1.902337685404216,3.3811241938265497,9.290510653641554,-6.829538242522877,-3.0428570826922323,-3.6887371934395827,5.547088947015194,2.3477823025462716,-5.6532029253841625,3.000015481751915,4.6225533633153795,17.482879513249927,-0.6280304967996089,0.7514617126823653,-6.005812539932814,4.433921774926953,-6.435961763336692,1.1005612084222403,-12.162727519795506,-0.37960561029865214,3.658088043881797,-3.0418213097326996,0.5354106591796954,11.859940247167595,0.7487684513500524,-15.166806894260173,-0.9701091279295544,6.940069511259814,-9.722190145211837,-3.9937083237465245,-5.122593870703533,-5.612049024460914,2.1644579812928555,-6.2658094592674045,-1.0629098276151736,3.3465494207193496,0.44510509170604595,0.21164110245781861
17.08908747770228,-9.238464079062236,3.6935704388205273,9.213318906275777,2.9408196082155538,2.5414492105514164,16.00498781012429,4.6552894451324836,-3.504801250909024,0.4293736341499905,5.481595955897566,2.6907994696528252,-5.936418458390333,-2.013967508207973,1.243304735028933,0.30104257162947656,-5.187106796069668,2.1694298097668065,0.1501949083944909,7.988624927653766,-7.5796249201980785,6.020934435469186,-4.860098353553137,1.940305946399032,-2.90861999522249,-0.1884919992537364,3.8728655624699213,-3.6449754151372,-2.9707075176713422,-5.571499077718642,-0.37960561029865136,-12.508078999928188,5.369924135631099,5.807794358653655,9.285775268008372,9.693636404518115,3.556896684277521,-6.409578762674805,-6.621794989911498,7.72671109959113,2.5585729260424523,2.7959030223217787,1.2099285774214774,1.0765090755976654,-14.854890904383831,8.035503168875385,8.312828276240845,-3.473575543821527,-3.90392305266323,0.4373438762724812
-11.828241138363051,5.321673766850826,-12.180246520289788,-8.37269502564138,-6.743102112016405,-3.7784127594515446,-6.676975390271588,-3.9173390116010665,2.9200933762388805,-0.41638245212133235,-0.8659468291497334,-14.623463366121532,12.777081357101006,-2.4973750314590424,0.19948768949109308,-0.06641408986328162,7.004504312783329,-7.333977242579754,4.622214635636201,0.9169121431243376,9.15258883126224,-1.320824608100632,-5.6820105692188445,-5.46689219996976,12.207242330339922,10.56080588621996,20.28993393167396,0.19821453338795325,6.271128185349409,-2.128776196261598,3.658088043881798,5.369924135631099,-7.588259643831685,3.677985505151433,4.135563882128918,-0.10480124250275058,-9.686659255529596,-5.091050907286484,-10.461270166461379,1.8136941123836965,-3.629089520965348,0.12212339097723651,7.694860536869945,0.541335953413548,12.432221236994483,0.24722363517350693,-8.596693229229588,2.5828939418569794,0.282843411054088,-4.745796404443341
-2.960929337730194,4.518123274128868,5.665755517308191,3.6544823365330426,-0.7019670494982618,0.08410676287570218,0.7961074969296953,-0.6661911395878686,-0.4270460562945293,-0.8079761971829618,-3.614893095670963,-9.316189302578326,-1.3310772201773438,-0.7096459481256225,-1.096741481090306,0.1677265032156292,-0.13598684452063467,-10.224692317225621,6.368367104040821,-3.821196758634443,-0.10295960204468857,-2.4625815782727543,4.8359793214334434,7.866958452560333,-5.645457491672949,0.6152712547119421,-6.661274900789771,-5.101521103353387,-5.5193710485409815,-0.7204368505407973,-3.0418213097327005,5.807794358653655,3.677985505151434,4.397797373231854,0.25472295688762553,6.95307860400456,-0.11028444830087941,-5.610004277581302,2.0186804578401207,0.35448546127176184,0.46909247521811254,0.1070890078313827,-8.523547747139276,0.29445176350130764,2.6487585285020003,-0.22851936029327247,-7.827673005983474,-3.7488113984014175,-0.3711932693259032,0.1170996935369473
-0.568846788560764,-7.76922801772841,-7.929802274785691,2.652412024076769,-6.453512954305386,-0.47120568709232885,5.859200888638982,-4.258791825302717,0.2117389505813695,-0.06640791941252022,-3.773738870817967,0.29584159660391796,-0.0712802507369292,-0.19283416972756603,-0.03740157393098943,-0.3907207958491813,0.3044163320365702,-2.2797900823596953,1.9904165681657058,-5.019698072374662,0.07563182010853178,-0.5907299407687442,-6.662795735123048,2.076649099183197,5.527071085915913,-3.761905656786785,-4.260982736545241,-0.5639891187212052,-1.6992526613623786,-0.43051182258529197,0.535410659179695,9.285775268008372,4.135563882128917,0.25472295688762703,4.310537172816174,2.621796887177412,-0.5691722810119169,-5.895695349008516,3.9337887707979773,-0.14048546722349853,0.43899286056346976,0.0024893053984687274,1.4965039053247327,2.3638096198727228,-4.832864304727988,0.052616121563080376,0.8884555236478207,7.961600606443674,-0.0017007188001508002,-0.17639435814976395
-8.336131982476077,10.801510779876292,0.2843674559887565,-6.951270571005539,-3.5401145032610155,-1.989381831334775,-15.245859955307555,-6.836776149501963,-3.485253503096945,7.14816938928472,-11.471587910816575,-14.862251371204598,10.522466946226714,-7.8480988041533095,2.497443688619641,-3.822876909388847,1.4083102573032606,-7.066746331037663,9.002168569717623,-8.21413435557118,2.740812629991003,-4.418707077511981,-10.084256112952213,-8.76915233113201,12.756304669436114,1.2089112543155043,3.5835180152035,0.11420645008178115,10.081361425980653,0.36195718814265254,11.859940247167595,9.693636404518115,-0.10480124250275091,6.95307860400456,2.621796887177413,-12.831308459452135,0.8842412107807643,9.341376380241655,5.056917123139048,0.7616872271284031,8.690221643441918,-7.529683570805703,7.825022872847629,5.7080853181223565,-3.3596384202241882,-0.07424046930268802,2.2939139798925687,9.347009170139188,9.0731307580269,-0.4082614943542461
-1.298058246620292,4.124543951897195,4.571692672729378,-0.2999727489769394,6.212174497552881,0.25861443242778237,-0.0865340332770968,2.208636450230993,0.6150580224324214,0.20417536207332287,-2.3841794615325185,-1.5620108871303149,0.4236382606738296,-0.7129447423673917,0.16048326083446848,0.0392024262410066,-0.24541580297005983,-1.3228681342434903,-1.1032674731421606,-4.115002131321075,0.8324318107090782,2.1877424911323162,3.340647398482053,-2.8655094161678356,-3.8580572849376176,-6.273558910075907,-2.320353713860172,-1.5793386026301592,7.373073127726974,9.360346216618073,0.7487684513500524,3.5568966842775214,-9.686659255529596,-0.11028444830087943,-0.5691722810119172,0.8842412107807638,3.3847119738279288,7.256634604078673,0.06943065128533532,0.6791710222079423,-0.0980704548240569,-0.3598125832958172,6.913562858258924,-6.020185752772472,5.313687433959943,0.09321181970132411,-10.287762956682965,-6.591601887697378,-0.07765697615171321,-0.41702235399164733
-3.0882624313463003,-0.20433694410338088,19.758577296893954,-1.888384372001385,3.0050763781186665,0.005388864575353036,6.024303561702248,3.6831763554756543,-2.2559955285365527,0.1001749371434397,-1.1076362608908992,3.04921669745896,-10.956089143751203,-8.787489898921693,-0.10701057322413865,0.8805211141567973,3.880756165790446,2.277931965776631,-8.72413503325177,-2.152295818747922,-2.2617408678446154,6.1500339001106505,8.959516025027865,14.323166804659778,-5.206595157263842,-4.1537319763328036,-9.096282394043312,6.767377338463234,-1.0024988456407584,0.3230238478688051,-15.166806894260173,-6.409578762674805,-5.091050907286483,-5.610004277581302,-5.895695349008517,9.341376380241655,7.256634604078673,-4.536655026868465,3.1616129637600157,6.374527135859726,-3.1410722785781235,-1.8945426852406273,-15.680186523177044,-4.811870881320961,-0.8720139576592492,-0.6325243452619922,8.87290356115435,-10.429652025051114,-6.764935474719272,-3.0784118266643783
1.991997481541637,7.01506223441528,-9.63699653128675,-3.4668051297576152,-11.898668677348862,-9.213055060769872,-1.7752581335244426,-1.6971748008580803,-4.424235854203591,8.020531958348197,-4.894118557384957,-6.146101150789107,2.8479086506952234,2.1154047791507433,-2.08231738205795,9.309032131119512,7.191189690650878,-4.0830346254104946,0.9573396723450807,-9.854972583241558,-5.200549838745073,6.874715393632449,-5.921930890166067,-3.394748332680842,0.9608326745914577,1.9186568922221805,6.723846380786731,-17.598462438076613,6.665866918799684,11.788663353216355,-0.9701091279295546,-6.621794989911498,-10.461270166461379,2.0186804578401207,3.933788770797978,5.056917123139047,0.06943065128533554,3.1616129637600165,5.099702937268375,2.8389874913796658,9.953301425814422,-1.9333835186357686,7.875565745962191,12.601418532034407,5.541720898858456,-4.599888537191067,-1.8713961143490745,-1.0726416520463269,-5.0617267106616115,-8.034974990268907
0.6015413081546142,-6.587088728239687,5.386750101311674,-2.1668590312283653,7.973718638443254,-0.47112649663293293,5.040686230106549,4.635642671115699,0.045584271448975824,0.2573822430799084,2.8514320724192883,1.5262931321714597,9.92158830307489,-0.009830303363910997,0.714044142661296,-0.05225294417694781,-1.4493600730806326,-9.27650981212233,0.005208406773742125,-1.4420437044934795,-0.04189485167935442,-7.081492340602191,4.006601201702743,-0.871706600348503,0.23478357873352307,-6.091212345457264,0.6921144023312843,-0.6465260570674689,4.041166399930776,2.7178834690391565,6.940069511259814,7.726711099591131,1.813694112383696,0.3544854612717621,-0.1404854672234983,0.761687227128403,0.6791710222079419,6.374527135859725,2.8389874913796658,6.34092686759535,0.20436380278605726,0.62958616128251,-0.12838053936736937,2.12505218728492,2.826682641066627,0.20325120580548958,-0.24012830904568533,-5.675986672378933,-0.12246022184504862,-0.14355799866224195
-0.2587490581378005,4.219003858225156,0.9128411013336958,-0.6758210723290673,-5.655546459632095,0.5893484850052307,1.3570295514246016,-4.936037859927169,0.810223074120984,-0.2337962055085454,-1.2574228604229196,4.345981546633082,-0.6412176468293451,-0.06818873784682872,-0.8331682097061521,0.11586298170875964,-0.3193468579034765,-5.234755623815681,0.9304912315559966,-8.370134478569193,-0.1241914406631246,-2.5882312144455324,1.4701057556785884,0.3018177188485589,-1.441440384514223,1.3923994564509727,6.890182805619225,0.9886387799628882,0.02820900108229088,7.33684119825509,-9.722190145211835,2.558572926042452,-3.6290895209653478,0.46909247521811226,0.4389928605634694,8.69022164344192,-0.09807045482405669,-3.141072278578123,9.953301425814422,0.20436380278605748,5.343420182676655,-0.3382043351927595,4.427979697359849,-3.6120969955349116,2.3212889839017854,0.4290685259084173,-3.1713862888196633,4.413748241929777,0.44155301775854666,-0.008920917140628537
0.305995711106797,1.7820413852066246,-1.1646060518829606,-1.2721521628962313,6.527970850176307,-0.697908946031904,-2.746594361050428,-0.6726116714949433,0.39127204791845127,-0.6041516791640635,1.0385434860718754,-5.19910321332808,-0.7855786487880008,0.4334516486705253,0.30812253614507745,1.1982121849771437,0.14667898045528063,-5.258351385329297,-1.9634125296134062,-5.290189243656959,0.044435950131246904,1.9978946785191205,-5.114246353568674,-3.869551815652734,-1.472026642917465,2.0018520553538646,-3.422365667999498,0.9791309566537689,2.412492971481261,-3.2381244362345765,-3.9937083237465245,2.795903022321779,0.12212339097723707,0.10708900783138264,0.0024893053984691715,-7.529683570805703,-0.35981258329581706,-1.8945426852406269,-1.933383518635769,0.6295861612825101,-0.33820433519275983,4.981955040331729,6.0811530004709,5.047471976201994,0.9728326313811233,0.5196918289685735,-0.947707731765595,-0.4852941546330404,-0.09447050642156346,0.4675607280839612
-2.693980781531273,-9.13645433737421,-3.4686561490649366,0.7002113774074332,2.6710202342243052,-8.129436933986524,17.02087914551174,5.876001614197004,0.3112127435272332,1.5462587379482449,-1.8881061382772986,0.8619792748818385,-9.913967086799799,1.2509237983637096,4.695723119726793,10.09296323282146,-3.0622735382812314,1.5739994159343103,-11.161107437250962,3.4162514258133805,1.9634426293555176,-4.84813074316006,-0.865411798283974,5.927832963392953,-7.746806056115215,-5.856162506905802,-0.888553682854719,4.7872405821404405,-6.9766433887417545,-6.433037268833397,-5.122593870703533,1.2099285774214783,7.694860536869944,-8.523547747139277,1.496503905324732,7.825022872847629,6.913562858258924,-15.680186523177044,7.875565745962191,-0.12838053936736912,4.427979697359849,6.081153000470901,-0.8456423332158893,-3.711298794281901,-10.862431921789655,-0.9289101831003221,3.6316096926900157,0.06332350982600546,-6.826627184903847,3.291195812582509
-1.8784609767533653,-11.29399579966958,10.222778444822566,9.029722004780046,4.6766535199920325,0.3428119882845725,6.627142684786621,16.419933147981055,3.391186726065702,1.984960937185957,4.8423830830099135,4.67588881649589,-10.00600012359663,-1.5619389856439998,-7.430676143087869,-1.1836474100588557,-6.069165322984956,0.17368326268909628,-4.327300409176129,2.5839506614721057,5.672194398491545,8.179828589856589,12.468954198265594,9.391908164037766,-17.17638992842986,-12.951938704779357,-10.769421342086027,18.289888531068268,-11.953979406891564,1.2326620627485152,-5.612049024460915,1.0765090755976656,0.5413359534135485,0.2944517635013077,2.3638096198727223,5.7080853181223565,-6.020185752772472,-4.81187088132096,12.601418532034407,2.1250521872849206,-3.6120969955349116,5.047471976201994,-3.7112987942819022,-11.674794041403402,-5.97950438354344,-8.079296641434118,4.469461055067315,-13.687212021265196,-0.033885223898556416,2.1244291185013306
6.647629588154621,-4.00114900526045,-3.625620147316006,-3.4723742911606488,2.9637712449738314,-6.160791285891719,6.840574613717403,7.041975053857938,1.798072662582795,-1.6543961792860973,4.423333631914574,9.066112247562536,-14.979419003045079,-1.8612922523777637,-8.450644082149001,-5.947009502534041,-0.2212107874059946,8.839582135110398,-13.95030075480856,11.209812422221116,-1.0844038127879032,8.100358179709104,16.49754417704778,3.0629052102343772,-5.943722307624297,-6.948592676057136,-6.916275331860391,11.628219546856746,-10.899127389680311,4.280354856717642,2.164457981292855,-14.854890904383831,12.432221236994485,2.6487585285020008,-4.832864304727988,-3.3596384202241882,5.313687433959943,-0.8720139576592488,5.541720898858456,2.8266826410666277,2.321288983901786,0.9728326313811233,-10.862431921789655,-5.979504383543439,-0.6705168298189745,-2.7683431185142187,4.37575058497467,-5.744543861553605,-0.7716612720510587,-2.9591545020200005
-0.5562988751268936,3.1319913217264497,3.3956394177212523,-2.4316657217358584,6.63886404759522,0.0627498894192593,5.824296478936208,-1.6540166816383772,-0.057609487040385106,-0.38115196783023086,4.367079377924453,4.534601399148722,0.45488192721354415,-0.06393560119528018,-0.5406431927615789,-0.121467508948157,0.03287753690805581,-6.169504309803173,-2.3114325604604717,1.8818639954480625,-0.34953701735957987,5.31751860528221,-7.874360474694904,2.05494820456532,1.1192067243903616,1.3128375151554899,5.786628883486262,-5.167903167618868,-3.28588754861343,5.367631395193337,-6.2658094592674045,8.035503168875385,0.24722363517350734,-0.2285193602932718,0.05261612156308071,-0.07424046930268802,0.09321181970132411,-0.6325243452619916,-4.599888537191067,0.2032512058054889,0.4290685259084179,0.5196918289685731,-0.9289101831003225,-8.079296641434118,-2.7683431185142187,5.445780222051664,1.4513852091813284,-5.529039452134582,0.4823195003325796,0.18753440320839937
-8.425972028479741,4.2021266467560405,-3.5573676069391906,-6.780352535341667,-8.289693078278454,8.570009819987652,-9.897237693663843,-7.9497084586423465,5.671084478108129,-6.712442408448858,0.9591786312734657,-8.670721403976131,6.501062857088377,1.6974536104365283,-0.7739981482388303,-1.046811653178214,-5.203024445078853,-5.32053431838119,5.5280576367201775,1.65962765664481,-4.303718137461017,-0.45755978522747465,-12.343924816067029,-15.906875628071218,1.4897186928988115,13.666883852941865,1.1019315795944487,-10.477960966309501,7.43921103268842,5.484825318517103,-1.062909827615173,8.312828276240845,-8.596693229229588,-7.827673005983474,0.8884555236478203,2.293913979892569,-10.287762956682965,8.87290356115435,-1.871396114349074,-0.2401283090456848,-3.171386288819663,-0.9477077317655941,3.6316096926900148,4.469461055067315,4.375750584974669,1.4513852091813282,-5.714323240026494,5.347965241159686,-9.161324421064787,4.02893459274657
-2.1864743492847403,-8.419719849884922,2.2768409539263645,15.877633227525079,11.474313413509828,-1.5161625774836391,6.870355270826403,6.310108955475669,6.442284840920297,-2.0042422942171294,6.795482373607194,1.7259608804918398,-11.424978886405466,1.9167803455451502,7.588553310566864,5.559351469221023,-0.45769869225033244,-4.203595986133841,-9.681278395357513,-1.1300972473083397,-3.3477042618405557,12.358721704141038,13.693638271987313,10.277061434915662,2.0709001978879122,-7.760167358837443,3.7214779629464974,4.458940293910371,-6.9047847907106945,-9.787952869731374,3.3465494207193496,-3.4735755438215263,2.582893941856979,-3.7488113984014175,7.961600606443675,9.347009170139188,-6.591601887697378,-10.429652025051116,-1.072641652046327,-5.675986672378933,4.413748241929777,-0.4852941546330407,0.0633235098260066,-13.687212021265196,-5.744543861553605,-5.529039452134582,5.347965241159686,-12.863041171591487,2.4199365930810086,-6.05296219042913
-7.246240645397251,-5.234830484239409,-5.259549075831202,-1.736612282752971,1.18533218651156,-0.35536427359698536,-1.1633926968977542,-1.8866694589885382,-0.6485454850427113,0.34277874389215346,-2.7518122135820926,-7.111709976512224,1.6383931658419137,-0.35429834849706543,-1.1829562514470495,0.173732198532335,0.7280070537104885,0.9921668272522848,1.3110015043822787,0.6673279957525494,0.009365064896113662,-4.598107722513425,1.2751329064443855,-2.221599365558654,-1.4349379596697027,-0.052319251584705795,4.029797228493747,-9.718382130870395,-6.115707551157233,3.4277924850410857,0.44510509170604573,-3.90392305266323,0.28284341105408783,-0.37119326932590285,-0.0017007188001516987,9.0731307580269,-0.07765697615171399,-6.764935474719272,-5.0617267106616115,-0.12246022184504901,0.4415530177585467,-0.09447050642156368,-6.826627184903847,-0.033885223898556444,-0.7716612720510586,0.4823195003325798,-9.161324421064785,2.419936593081009,3.818002017657299,0.26813011274796567
0.9846985871385278,1.5543692863126006,-4.616358741972013,5.26258693334412,-3.481945459643761,0.11392669095524438,-1.028254769997234,0.5025392116996059,0.15307034284638643,0.08125722633758414,-4.74129608036848,0.5063425793107281,9.592469510400557,0.019162675247452972,-0.3501766869195105,0.0018544960298709778,1.0362820613952732,-3.954634809292547,-3.1537029276326347,3.3112280170209933,0.20126997266128105,-6.316428409601222,-9.204114507774591,-4.962443651594463,5.721909189605377,-3.2657645383133342,-7.181710442302501,3.571468194896051,1.2132737690710071,-2.677251904386852,0.21164110245781953,0.4373438762724813,-4.745796404443342,0.1170996935369471,-0.176394358149763,-0.4082614943542463,-0.4170223539916469,-3.0784118266643787,-8.034974990268909,-0.14355799866224306,-0.008920917140627871,0.46756072808396076,3.2911958125825085,2.1244291185013306,-2.9591545020200005,0.18753440320839887,4.02893459274657,-6.052962190429129,0.2681301127479656,4.214113120345453
