n
50
c
-6.729941345763731 0.14272844035100507 13.049905004894727 -196.28929743006609 148.43072564362208 154.3167864942514 -8.237984160758225 -21.138327554865363 -157.51094101840073 194.99452019047152 150.9827751631654 207.06409629415873 173.60100409808135 -174.75145047361647 -208.8537472247943 174.16233094425183 134.98775940333508 153.3164161545333 -25.871392226704533 218.61778172216074 168.50500082239031 1.5766304393677288 -213.7376846422273 -192.4508995605088 -212.19069358845297 192.30741454265484 -204.85576164404796 -146.06425424002654 1.155508807857971 -144.68792790842483 25.58954972896708 -5.324820293633229 -167.08580726236158 150.9465464820773 -18.23324559074148 -222.23988088221654 184.08662665050943 -192.5343115527571 -13.935188148953479 144.69771363045416 176.8648868525721 27.659083796641397 151.58133559824907 -220.15737129358126 2.7098601139431473 -122.00852586043821 -172.24042986242907 141.0929144868814 -45.173692884153375 155.06097614186496
Q
6.239787408616465,-0.4134569212024604,0.3543066856924646,4.564258855833397,2.8894204562353156,2.1249265896427776,-0.5369792572028613,0.07633180109329807,3.0999508245538756,8.487765038313682,6.024308894044895,-4.706239678821839,4.643097023903453,2.537494304031765,3.809966910973755,-2.3076546807338705,4.520168991137762,9.666783880179747,-0.06034625386124759,3.9330267921822037,6.839963800528698,0.9899876335252042,1.9683609734026695,6.916336681486477,-3.7296722051025464,4.883943935744095,-5.106431542227787,-2.3109783906436876,0.13465311819296566,-5.769768907925339,-0.3286865332278006,-0.07061870123263608,-2.6472220424811708,1.4979832550138905,-0.6822238617213285,6.214259211470414,0.20613307191828856,-4.160206039212836,-0.649564912322127,1.5029623195307984,-8.39739099246265,0.5478439481445478,2.232802196279484,2.5865058387845834,-0.4407370978321806,-9.625881249521933,3.67574905075229,-7.835544908181293,-0.8441199512353297,1.4259480446886947
-0.41345692120246036,5.124289014927524,0.09262431068527188,-1.3029787539096351,1.7897159439851742,-2.9347138295371797,-0.11567336112445115,-0.020532147604411133,-6.301287728081548,-4.450524247168563,0.35403361004923195,4.7531780091443885,-7.252106401913099,-1.4628151937705203,8.19522084758185,-7.156758194495895,4.347334184875226,-1.789122825565284,0.29703188495734306,-7.576900164437818,5.6178281458438075,1.2867527815632442,4.41621895042019,-6.180637301438649,6.039123037876103,0.9107798353556993,-5.497021911169191,3.748782358126668,0.6933071683766279,4.363768047030437,0.4659277417943645,0.2945106554768707,-2.942651485881464,4.3531583939314205,0.2849635223236122,-1.1866594542006474,2.329273348876794,2.268791396373769,-0.4426341070638966,5.1822600583590415,5.718622894860013,-0.020653171638073786,3.8549552027951037,-3.5630419820344805,-0.5269520274588051,3.9980166675620223,-5.993299255520139,-6.029475457263723,-0.31407498449893667,-0.009760886255561596
0.3543066856924649,0.09262431068527088,5.76038309446209,1.7920414016463737,6.632108679393211,0.24194891376765426,0.26582604111839725,0.0799904027213344,1.3134159302814257,-2.6748575216585624,7.140296092555757,0.6464046035343033,-1.0755112386244616,-0.4699225232156693,2.5830114140754645,-4.561793926131618,-6.210695323779973,9.063198650890532,-0.5851729803311485,-3.663479702043947,1.3570863367570372,0.12380678341090134,-3.1397510826376225,10.445465103920354,-8.740547705611403,5.973060903175909,-3.0356259550180162,-2.822481960905867,0.42903166113091595,0.4670157730590554,0.03359313433005662,0.882672407352322,9.292500252164455,-3.795892133138762,-0.26615228845557126,1.033408099735532,1.5568276251159603,-0.3759217565564599,-0.19592922673669522,-7.251965844888687,8.149814873268847,0.347329485709613,-2.848068612046357,-9.20324396616564,0.0440661393315131,-8.353495924700042,-9.179527298470267,4.267181322561892,0.47668974038168554,7.311783587485364
4.564258855833397,-1.302978753909636,1.7920414016463748,11.141426311729969,-2.4812933395844374,4.079813148587179,2.1313999300465545,2.3800908450222087,-1.324890419711983,2.081064933323092,6.555062442093874,5.52943016289413,2.3666466689850876,-17.355793723474196,-6.904292807527526,-8.766741744333421,-3.175127408426652,4.806715368878462,-0.026832664448646293,7.111995783531004,4.773884330659215,-8.10930099628253,2.0555479706594437,-4.244385216536363,0.6179859862036354,-3.9753904166332026,-1.5970643855356883,-2.4791154264029314,0.008492280409025943,2.990596844500852,-3.5989533452844666,-2.1027456446593007,-2.6519517220414164,11.371095215043061,5.6025757652953585,2.629136815418105,11.3882852925273,-4.523209150431054,3.9456699917120943,1.7476764540095622,6.6394821244357605,-3.7977807156117565,8.122096574549566,-3.6518941698946263,9.861715188232207,-6.037237891855783,1.1640320268103412,14.312385863393272,3.3518817410029893,1.1224167396674773
2.8894204562353165,1.789715943985172,6.632108679393211,-2.481293339584436,11.148012262468288,-0.6301732297065731,-4.711864060107713,-0.40938138353633907,-0.1874214855564188,-6.775024774526858,-1.6116582562063475,-9.8903255387305,-1.9593297829420853,1.5870486488781612,1.3504171850810733,-15.392613382413671,7.208066498500079,5.326940292370456,-0.8793390696575163,-15.181258285543548,-4.8307249909757815,2.916670813168547,8.49312729249446,4.249171001321518,-2.169858287360776,-9.01642858847051,3.0044571141246417,6.050395547886101,2.0610136503845204,1.2523726989602837,-4.006190861611934,-5.441477250217519,7.334144167773223,-3.981184586606829,5.895884461145737,-0.9160747996327544,2.483032594339586,6.270259621079117,-1.1479229422334458,-1.7556265910907798,2.1429853885842585,-2.105880686094165,-10.014045331054746,9.830893997254774,8.877900143236264,2.163521646773336,16.546885178001848,5.260032219632935,-1.6988573700951524,1.609162979042952
2.1249265896427776,-2.934713829537181,0.24194891376765482,4.079813148587177,-0.6301732297065732,-3.2858769895431124,2.5597876661852967,9.343798636044543,9.93130348698221,1.1196246352177377,-5.0160608850202495,-8.212237603376746,-9.426261444160502,8.775496999125721,1.557623901156128,-2.752411198181787,-5.435271558684609,-4.8164237667380965,0.5651419228040845,-4.761274958849888,-0.5193752701547151,-2.168621091748957,3.752227110313101,-0.2694744872442083,17.185132699107985,2.6284852991982013,8.049576767120577,9.872789896922065,-1.4040184686773856,13.897708845519945,2.0571603599725137,-0.994934092058292,-1.4671389053902926,-5.952435934959477,-8.879910003308922,15.579442041814236,-10.047371464170668,-0.7246663910717239,-0.07832075444911202,-0.9549519041735557,-10.616953435512109,-4.420702831062369,-12.815095517744588,4.7224701056107605,-0.3427018908855423,13.91736724922877,7.68245993239422,-2.992457527448716,0.10419803026425817,-2.3589385048468943
-0.5369792572028602,-0.11567336112445076,0.26582604111839625,2.1313999300465536,-4.711864060107713,2.5597876661852963,4.558930168553861,-0.04112966314891553,-6.302776078979628,4.044329554648684,1.3943231730188774,-5.639635532994944,-1.8616998742748028,8.387234546432028,0.5571170612439051,8.041866481639266,0.1870978334860225,0.6817099443137844,0.4626541278919033,3.9122191308517857,4.924311806744068,0.031186945642288633,0.04794772236634087,0.38390562236774395,2.525117574036378,1.4999520192790279,6.093035919443768,-4.2833487953654945,0.13046932194917882,1.122045276448314,-0.2929912458738786,-0.06486215956182373,1.500497246186441,-3.7048369773793466,-0.26309962751332583,2.9145051356735148,-4.1640334713492955,-8.480306456445039,0.6499647864541241,9.514085298950096,-2.1401657168471697,-0.5972093454485268,-4.9987975304470265,4.977583159247369,-0.12480101544206856,0.0501554242360166,-5.982577096598704,1.0284212846204526,-0.022270485413329766,-1.5337837891535357
0.07633180109329782,-0.020532147604410023,0.07999040272133467,2.3800908450222087,-0.4093813835363387,9.343798636044543,-0.04112966314891686,4.717329083193677,-2.3508570783845775,1.1189204399375288,0.572273133888983,-0.12460188488536728,-1.8843790640083056,3.044542245884946,8.442933352931368,4.002404003806688,0.3654143349665552,-0.3869677223580701,-0.306132737045247,0.8971399392651729,-3.05336542610258,-0.3407325360579181,1.221690631729552,-5.429622032766021,4.443969469582262,-0.09312900736646457,3.4506077225379066,3.4717699763955183,0.9130528314535717,5.875779357421426,-0.39229352409872387,0.44766530148992656,1.836487799918458,7.956057913804088,-0.08680478353405952,0.9332684272873439,-9.516313774484967,3.3240184404985804,-0.0167676871438715,-4.252419277056086,-2.533974521018214,0.6387583601145735,-1.8254265044724267,-1.0917995049443567,-0.49279127942186907,-3.301537980554608,-6.4996895467325055,-2.3995590538997473,0.08519264501090468,3.754896272791596
3.099950824553877,-6.301287728081547,1.3134159302814263,-1.3248904197119837,-0.1874214855564184,9.93130348698221,-6.30277607897963,-2.3508570783845766,5.019746089813299,-0.13612533290813944,11.827856092090807,-1.145306805153933,0.7833934892814587,-6.33029067169775,-9.07104541694004,9.838967951309092,13.995046187361055,0.6486556279810921,-4.561080331471961,-0.20127707425952346,3.7291319337566176,-3.338187777513702,-5.348092231772604,-9.115232030812399,-0.21595091430721403,1.5206782348397252,1.3306337604486211,-2.372411809069627,4.139611685112881,-2.8652153213091944,-8.9039277813549,-1.6276876012372146,-6.556282856475616,13.648852386809155,-1.2312811872957141,-8.314258374854209,0.26863179407490445,-1.1713007250400675,-2.183235717374232,1.1460304662245095,14.299380221377898,-5.106974114126845,12.220623600776426,-9.063772444051676,-2.2635012455616037,-8.41938445440819,-5.046659113134143,7.690433029576554,1.7010773211823393,-5.819864083997229
8.487765038313682,-4.450524247168562,-2.674857521658563,2.0810649333230926,-6.775024774526859,1.119624635217737,4.044329554648684,1.1189204399375285,-0.1361253329081393,13.329862426833582,-7.717470288360558,0.6188343759245316,-5.092046413434429,0.12619019927948588,15.232981403514284,-3.541013920780755,-6.057653075780016,2.550135547899499,0.21060213070134137,-10.264957475357262,-6.608467330667386,-2.0753205313092478,3.9399497566861914,3.1297263055373516,-4.74635445777164,-10.32666921389314,10.394801653114975,-3.5547638986902608,1.194777687414739,8.984230593002714,-4.186287596558843,-2.910335071026725,8.534748507646619,-10.11008359180726,-6.732452763876828,-1.2357045974896694,1.496530128226897,3.4694948542273902,5.301147786570355,-0.6833538132079757,-3.4551436079782984,-1.4845157434894216,-12.140088348678644,5.650651687854075,-4.392837031102067,10.46088591316939,3.8446862320047988,-8.363777286205677,-0.9664316070767157,-2.1190852331794474
6.0243088940448954,0.35403361004923006,7.140296092555757,6.555062442093874,-1.611658256206348,-5.01606088502025,1.3943231730188783,0.572273133888983,11.827856092090808,-7.717470288360557,2.9716654150138195,3.51018217994198,-3.8212373270237325,14.345094227806854,-0.5327107657833843,-5.841552590657559,-12.806075940954026,-5.959538334890328,4.815710297045431,-15.856690935468357,-10.276311389876243,-2.060845339806782,1.1435117014661818,-1.3127001144039014,13.978411071372062,-3.895164704733257,-6.943376334939092,6.014470114428256,-7.083413693230713,15.630185137402888,-5.044171957151954,2.656794182119958,0.7095357388331456,-8.930629004675438,-7.806521475353254,-3.418969003793407,-4.78007610501913,7.986568168615512,2.9971080848024494,-5.678006814571574,-7.6689913501751725,3.144247182669851,0.8135509649658763,5.657190778977061,0.7471814586403178,6.230514806117399,16.902978748708268,-6.436856031533607,6.08535604138136,-7.657919462545739
-4.706239678821838,4.753178009144389,0.6464046035343038,5.529430162894129,-9.8903255387305,-8.212237603376746,-5.639635532994944,-0.12460188488536605,-1.1453068051539326,0.6188343759245327,3.51018217994198,-13.872100341814688,-17.85196193633555,-2.792002498771861,7.938546014603549,4.297677947408475,-11.1900454200239,-13.23095886514155,0.04027561289023618,0.5090814833590989,-5.561121465439076,5.453885644498771,3.3155026116281894,16.47957395516857,7.617497008951482,-7.94791223556666,4.655418186285667,7.019149065877704,5.006322481601752,-1.5413344173730918,0.014026793034287444,-3.089599823474062,4.576359897108696,-9.154427241402088,-6.689707935502837,12.619530200374303,3.6452940419130524,4.771719986480117,7.455076921154607,-10.453124897245852,1.8696884459873204,-2.6529098409648846,0.38011870365475,1.8327445245755574,-6.376221730461679,2.1960779569697833,-2.088947966288666,-4.180551487135611,-2.1916851047613077,-12.214063143472446
4.643097023903454,-7.252106401913098,-1.0755112386244623,2.366646668985089,-1.959329782942085,-9.426261444160504,-1.8616998742748017,-1.884379064008305,0.7833934892814571,-5.09204641343443,-3.8212373270237325,-17.85196193633555,-6.345615561427065,4.190665143287721,-3.691273659776507,-7.092249772472437,-0.0735509173010187,-13.237252619699971,-4.882025595232273,-6.426489914087449,8.01356177495866,-0.7829966925796729,4.457418466445841,6.386645316810574,6.7147426150905005,1.683194151035083,7.372824792014477,7.821678043131834,5.584378979688669,-3.527083656643649,-8.547818999779322,-1.1497006754990036,8.857419494808049,2.4903481925456554,-3.854667055471806,-2.52228549183675,-1.813024570918543,5.550536877024816,-0.10068279070332647,-4.821748754426717,-1.219973224677028,2.7795721059796112,-8.135627443109968,7.351836627980478,1.518280436265103,10.239275553824063,4.970070810525819,-8.031715710287383,7.635458023730701,1.035974872691353
2.537494304031763,-1.4628151937705203,-0.46992252321566985,-17.355793723474196,1.587048648878159,8.775496999125721,8.387234546432028,3.044542245884946,-6.33029067169775,0.12619019927948633,14.345094227806854,-2.7920024987718604,4.19066514328772,-2.1648345328260907,-3.1653666190135756,6.484893065517305,6.787322950548215,14.180920264823236,8.220099551167356,-2.6141448261422817,3.0738619919320698,0.2630002776472973,-8.725758141535795,-5.549584606520104,-7.981275035762979,5.019027002694122,-9.62222182529451,-0.35713682381010203,-2.172456717282043,-11.584649783894612,-0.7410587256992212,6.056526199544065,-10.708470700696587,2.4007369923571713,2.408822181056733,-15.798032823204782,7.347126457859428,-2.1795120872517195,-1.761106491199813,0.12871151673897552,-3.1655022850319856,1.8852334848898469,15.479417801129452,8.188534649114185,-0.7832079521122637,-5.680851091478963,0.808374056851885,-0.5207755327263829,6.193535887751255,11.94291105515554
3.809966910973754,8.19522084758185,2.5830114140754645,-6.904292807527526,1.3504171850810738,1.5576239011561281,0.557117061243906,8.442933352931368,-9.071045416940038,15.232981403514282,-0.5327107657833845,7.938546014603548,-3.6912736597765092,-3.1653666190135747,14.214439253486859,-6.62909133811509,4.415833251900007,0.2455151538655802,4.073065319268977,7.173096040462463,5.078237281019229,-1.19976023465331,-8.969166635143972,3.385157580581892,-1.9228546186506739,1.6509473872283114,-9.37985427701083,-9.73927919013029,2.2141282633113453,-0.3569690746459744,-2.671618712045495,-2.229303662510648,-7.1069936681700945,7.937782395360326,8.7944646166921,-1.35491573510139,-0.761753071478701,-3.407426806527514,0.330163182704549,9.699174938108555,8.92346744988225,-2.9514882586527578,-2.36855350775193,-5.191064186328296,5.322406121295703,-13.44247206474708,-5.8808595005306845,8.685782833235503,0.5686674421973469,6.715385789795604
-2.307654680733869,-7.156758194495895,-4.561793926131619,-8.766741744333421,-15.392613382413673,-2.7524111981817865,8.041866481639268,4.002404003806687,9.838967951309092,-3.5410139207807547,-5.84155259065756,4.2976779474084745,-7.092249772472438,6.484893065517304,-6.629091338115091,3.4291897306829027,-5.5050559313808485,-2.107957511483925,-0.9157002625019315,-8.335794614760731,-3.5961252869189275,-1.2272907961307642,13.887060899239358,9.061553526617555,12.701912205107496,4.595230344190278,13.886969802428977,-2.877922023682137,-4.082363613911546,12.111957089129048,-5.243472744916017,6.3569373600845775,8.285981624303357,-2.363060756996902,-1.3693324901133086,2.2663119042402613,3.8087445952971684,-3.017234552712426,-0.15730591352261758,-10.103060792478638,4.395232839753931,3.4332861923165767,3.4439494127896784,5.728839441823123,4.244640671780301,8.937499391684925,7.9313411417474065,-6.140393876451867,-3.610278398106012,-0.5131284922917803
4.520168991137762,4.347334184875227,-6.210695323779972,-3.1751274084266514,7.208066498500081,-5.435271558684607,0.18709783348602116,0.3654143349665546,13.995046187361057,-6.057653075780017,-12.806075940954024,-11.1900454200239,-0.0735509173010187,6.787322950548217,4.415833251900007,-5.5050559313808485,6.767326054242043,3.632322162372957,5.202951330459046,-15.923318998181491,-3.261749360255664,6.581996535852452,2.0784329206157666,7.781847884446506,12.726628494881785,-10.409507721285015,9.645907561900465,6.36501120567355,-3.5186001878992768,-5.248038249302212,-0.31365332131484036,-2.2767715293551456,8.56609348031542,-2.0510477181277564,3.863908701991704,6.088262542842782,1.5130429606490392,2.364829091095876,-3.6030165971647037,-4.441308721568713,-14.782150663497626,3.101642696392509,-9.409362418528874,7.662944004507182,-5.4493441182188125,2.6064922324202575,5.013443171704761,-1.5266870397182597,2.290189930626826,-10.703306485488124
9.666783880179747,-1.789122825565284,9.063198650890532,4.806715368878461,5.326940292370457,-4.8164237667380965,0.6817099443137844,-0.38696772235807064,0.6486556279810923,2.5501355478994974,-5.959538334890328,-13.23095886514155,-13.23725261969997,14.180920264823236,0.2455151538655802,-2.1079575114839235,3.6323221623729567,1.4025058297070396,1.2354643433932941,4.346795141608891,-6.720585922436098,-1.0751003179738596,8.284042909411328,6.973124429776974,1.3196493207232718,-5.900427888347707,1.1846450885716082,8.161207525237442,1.9559242044950746,13.172194843138733,-2.436371475924197,4.614756839336656,4.118069567833148,-3.2152951049263785,0.11846359886608604,-0.1474948686514006,-6.353785290830667,1.8651038936410766,-0.040453910359780076,-9.999285057526183,-4.523593798329751,-1.1408366261039213,-0.6056319381556214,6.210046564768416,3.3648780837546575,4.8125557223466275,2.264610055444689,5.150692454642654,4.1949177062831176,-3.1082853869105
-0.060346253861247576,0.2970318849573439,-0.585172980331149,-0.026832664448645016,-0.8793390696575163,0.5651419228040859,0.4626541278919021,-0.30613273704524735,-4.561080331471961,0.2106021307013417,4.81571029704543,0.040275612890235735,-4.882025595232273,8.220099551167356,4.073065319268976,-0.9157002625019308,5.202951330459046,1.2354643433932946,5.3656918392303545,3.0367450774226077,-10.330540584138918,-0.1812738410742416,-2.8859838065590107,2.2071121995389253,-1.0852865380878156,0.7016664154117433,9.658011742724188,6.018425872045775,0.8568329388083405,-7.694357461811238,0.170247874831915,0.09080763708862705,-7.244698628679876,-4.67541559913494,-0.1464464191939674,-2.905338710997723,4.409794622881884,1.39891326902393,-0.07941975634024875,1.4074123188334697,1.4037045795152223,-0.3499056204411175,9.817112119883275,6.340876953969808,0.8117200094959273,7.934524966315411,2.034300487188899,4.748291395288554,0.646335193124217,5.7747049874571506
3.9330267921822024,-7.576900164437818,-3.6634797020439467,7.111995783531004,-15.181258285543548,-4.761274958849889,3.912219130851786,0.8971399392651738,-0.201277074259524,-10.264957475357264,-15.856690935468356,0.5090814833590975,-6.4264899140874485,-2.6141448261422813,7.173096040462463,-8.335794614760731,-15.923318998181491,4.346795141608892,3.0367450774226072,5.354124081580817,-9.425435418830725,5.770732769073895,2.6162262525851987,-2.9105844774008007,17.572214000906506,-3.9790088290848353,6.546617762824571,2.9054331280247476,-1.1067879326582841,2.0099277542843206,0.5775031155208494,-2.013881566351388,1.7427160006519555,-5.615965674815067,0.6558111206614677,7.714390229690102,-5.252591264187812,5.563505169971456,-3.070784749383734,-1.0905317725180341,-2.605348533950352,1.618642673555732,-8.916245788280142,-0.2605009733603294,-1.8351512385648647,2.2948330715357232,10.851841303514007,3.7973201736155606,-3.136901156872682,-13.048798746832825
6.839963800528696,5.617828145843808,1.357086336757037,4.773884330659214,-4.830724990975779,-0.5193752701547142,4.924311806744067,-3.0533654261025807,3.729131933756617,-6.608467330667386,-10.276311389876241,-5.561121465439076,8.01356177495866,3.0738619919320707,5.078237281019229,-3.596125286918928,-3.261749360255662,-6.720585922436098,-10.330540584138916,-9.425435418830725,6.916001991622897,0.36285852002621377,-1.4061474563961724,6.38647506173531,2.025129992359733,-6.12976586151634,15.489841999333274,14.805468925534036,-2.7493771776874953,6.315776945296183,-0.3881038722605201,-3.6336692817829257,-1.3090894866351215,-10.306715789295971,-3.299102934545222,2.9547500856031417,-9.433088321803675,7.480898836275081,-2.859223018075154,8.881774314093155,-0.6431570792719231,-0.37174815079378676,-16.252343525932595,15.922094560492885,3.0292181203975037,-6.098466734533255,1.0280997334571826,-3.2751827556370263,-3.4511504502679484,-5.9579124247532285
0.9899876335252044,1.286752781563244,0.12380678341090146,-8.10930099628253,2.9166708131685475,-2.168621091748956,0.03118694564228897,-0.3407325360579162,-3.3381877775137028,-2.0753205313092487,-2.0608453398067814,5.453885644498772,-0.7829966925796734,0.2630002776472973,-1.19976023465331,-1.2272907961307649,6.5819965358524515,-1.0751003179738605,-0.1812738410742419,5.770732769073894,0.3628585200262142,5.885762991835847,-4.439361824075718,-2.5963319793684136,-0.7624332029572635,3.2650380417801754,2.8872963097336215,1.418661212502791,0.11429370530259175,-2.2022245940256537,0.054004660195325405,-0.5446470185691928,2.692023753013447,3.3448391625261107,0.033945281814075856,1.2069071673613925,7.846617760622279,3.9505966215127204,-0.028432494622849136,-3.7888198007928207,-7.642279650115251,-0.13019952767097798,-2.0970015233472967,-0.1098906727050144,-0.5205060971875226,1.3612916873921521,6.543226606429155,3.5308239343637178,-0.21766900904565303,-1.1511165820134035
1.9683609734026688,4.416218950420191,-3.139751082637622,2.055547970659444,8.49312729249446,3.7522271103131004,0.04794772236634087,1.2216906317295526,-5.348092231772604,3.939949756686192,1.1435117014661833,3.31550261162819,4.45741846644584,-8.725758141535795,-8.969166635143972,13.887060899239358,2.078432920615767,8.284042909411326,-2.885983806559009,2.6162262525851983,-1.4061474563961722,-4.439361824075719,-9.626924221549121,-7.2337662390162185,3.352756227397128,11.340386341413405,5.940996608937988,-12.03549612151165,-0.022845101694615177,-8.052780386220514,-5.149448169773002,-3.7367079504385092,-9.443427014871293,11.280406916345099,0.7412312678681945,-5.849420158013754,10.768051285417874,-5.943725905790937,-1.708498676931238,7.486569785881972,1.1411223013749152,2.2985034883077144,11.316779392727154,-1.3656953138412238,-2.8722759041974832,-4.127528359019652,-2.7137709392826515,-1.941088473250106,-2.0480359724598656,14.441749550633013
6.916336681486476,-6.180637301438651,10.445465103920355,-4.2443852165363625,4.249171001321516,-0.2694744872442082,0.3839056223677434,-5.429622032766023,-9.1152320308124,3.129726305537351,-1.3127001144039023,16.47957395516857,6.386645316810574,-5.549584606520102,3.3851575805818928,9.061553526617557,7.781847884446504,6.973124429776973,2.2071121995389245,-2.9105844774008,6.386475061735311,-2.5963319793684128,-7.2337662390162185,3.1086817580542885,-1.4562299908800234,10.44444622095797,-6.1043954268939835,-0.5631369912958144,-6.617623806972514,-8.396213458365366,6.64516166479668,-5.7339434749115314,-10.074588539069618,9.124751929840903,0.6758294110920887,-11.01257398829364,3.919085187036607,-11.125432522847301,5.457923564260513,5.52699121613462,1.2237747639557832,-2.1748311711809993,8.94792219632706,-6.451368641984921,-6.784805880703418,-10.753956209663594,-4.024145929559262,1.524185859470946,9.104605306706254,-2.4101479018569014
-3.729672205102548,6.039123037876104,-8.740547705611403,0.6179859862036357,-2.169858287360777,17.18513269910799,2.525117574036379,4.443969469582262,-0.21595091430721514,-4.746354457771641,13.978411071372062,7.6174970089514815,6.714742615090501,-7.98127503576298,-1.9228546186506736,12.701912205107496,12.726628494881787,1.3196493207232722,-1.0852865380878165,17.572214000906506,2.0251299923597332,-0.7624332029572632,3.3527562273971294,-1.4562299908800231,0.049478086160871904,5.83414918944856,-10.25358607948226,-0.34864669623557765,-7.000984255946813,-3.375968735517687,0.15333215280604762,-4.7239230501133935,-1.7711539214609524,1.992624412180445,-2.74089180448321,1.5038280086668716,10.90478105892581,-6.311220529802013,5.7880699542570895,4.6069361782668725,9.32247439624937,1.39307979212506,8.025021713546844,-7.478082182750143,-8.22993537486416,2.5264954878235195,-1.515186683244318,11.610796173390806,-8.406890031764437,10.541481858091553
4.883943935744094,0.9107798353556988,5.973060903175909,-3.9753904166332026,-9.01642858847051,2.6284852991982017,1.4999520192790292,-0.09312900736646412,1.5206782348397254,-10.32666921389314,-3.895164704733258,-7.94791223556666,1.6831941510350823,5.019027002694121,1.6509473872283105,4.595230344190279,-10.409507721285017,-5.900427888347707,0.7016664154117436,-3.9790088290848353,-6.12976586151634,3.265038041780176,11.340386341413407,10.444446220957968,5.83414918944856,10.656734862714583,1.2839121731872305,6.0639605917411705,0.6375590438764318,2.356343803345217,6.780215914255707,-7.912703277826805,-6.448171743081766,-9.129475331434813,-4.2433503500774785,7.689924546936076,-0.5214682631478003,0.22473628951520197,-0.7332654780543297,-11.71928970925008,-9.552520057874693,3.8138370577338176,-11.094826388043273,-4.486910490485807,11.053350005430122,3.5952667131230833,3.502000459270142,-6.77482969303078,6.110486219822273,-6.01536156773147
-5.106431542227787,-5.49702191116919,-3.0356259550180162,-1.5970643855356879,3.0044571141246417,8.049576767120577,6.093035919443769,3.450607722537905,1.3306337604486207,10.394801653114977,-6.943376334939092,4.655418186285667,7.372824792014477,-9.62222182529451,-9.37985427701083,13.886969802428979,9.645907561900465,1.184645088571607,9.658011742724188,6.546617762824571,15.489841999333274,2.887296309733622,5.940996608937988,-6.1043954268939835,-10.25358607948226,1.2839121731872296,4.136305944340182,-2.0569680957938647,-2.0595534531326205,-9.962891716533532,1.2942978357036603,8.460923500809601,-5.626828203301311,0.46887971553207997,2.4781305528503794,-1.773183727864186,4.124631705601814,-9.154005516736259,0.06210817176794303,1.673381357103124,9.339636084581352,-6.227619469421514,1.4916337416448378,0.5335201508007452,0.2558374906412406,-5.946027352307348,1.6488502375025278,-3.6739813234221184,2.0714314082595346,8.486369913207518
-2.3109783906436876,3.7487823581266664,-2.822481960905868,-2.4791154264029314,6.050395547886103,9.872789896922065,-4.2833487953654945,3.4717699763955183,-2.372411809069628,-3.5547638986902608,6.014470114428256,7.019149065877703,7.821678043131834,-0.35713682381010226,-9.739279190130286,-2.877922023682136,6.365011205673549,8.161207525237444,6.018425872045775,2.905433128024747,14.805468925534036,1.4186612125027922,-12.03549612151165,-0.5631369912958131,-0.3486466962355771,6.06396059174117,-2.0569680957938647,-5.408317912927955,3.403232500463124,-16.428614925002854,-8.283130946064968,-2.8424296810197602,-7.375023082350478,13.17778965448456,-2.203362412358311,3.7686304744188406,-9.131516083634654,2.139477661656965,-2.1528708780718437,15.103363565379814,5.4172702509421224,-5.217039209741506,9.262241385017381,-6.211868706820723,0.7386233928809982,-14.262041201730584,-3.184043067802846,1.774151608162175,1.8026247224859233,4.377890921293963
0.13465311819296685,0.6933071683766283,0.42903166113091706,0.008492280409025499,2.0610136503845213,-1.404018468677385,0.13046932194917982,0.9130528314535714,4.13961168511288,1.1947776874147387,-7.083413693230712,5.006322481601751,5.584378979688669,-2.1724567172820435,2.214128263311345,-4.0823636139115465,-3.518600187899276,1.9559242044950729,0.85683293880834,-1.1067879326582846,-2.7493771776874962,0.11429370530259186,-0.022845101694615177,-6.617623806972513,-7.000984255946813,0.6375590438764319,-2.059553453132621,3.403232500463124,5.387414351299783,3.230684179557161,-0.01939952108734566,-0.26953561994237674,-4.237377216346433,-1.5309004495827123,-0.18108557154623176,6.289071874108847,-0.2955580219345745,-3.8851223753330224,0.4167204201898431,3.765805048050995,0.0887628857347631,0.04694155389360044,-0.6832792308746067,-0.40803069795959324,0.38961917316775224,5.76241882194513,-4.525270363357081,2.6484663502420736,0.11416621977155167,3.6179196581026947
-5.76976890792534,4.363768047030437,0.4670157730590552,2.990596844500852,1.2523726989602841,13.897708845519945,1.1220452764483146,5.875779357421426,-2.865215321309194,8.984230593002716,15.63018513740289,-1.541334417373092,-3.527083656643647,-11.584649783894612,-0.35696907464597527,12.111957089129048,-5.248038249302211,13.172194843138733,-7.6943574618112365,2.0099277542843215,6.315776945296182,-2.2022245940256537,-8.052780386220514,-8.396213458365366,-3.375968735517688,2.3563438033452164,-9.96289171653353,-16.428614925002854,3.2306841795571604,-8.322192598406339,1.8437121636633236,2.4900840087899594,6.084752608251322,-3.1822257382443855,-2.5140111317245872,-12.10925425497197,3.487808682520065,-10.083129885837325,-7.442137058537974,4.198445981303771,10.194013721577619,-9.296459581944951,6.135589878099146,-10.783538267536521,3.7078722620925255,-8.033982133409879,-14.692085441708581,6.5971906898487624,7.86136630116162,18.133336476267083
-0.32868653322780006,0.46592774179436536,0.033593134330056285,-3.598953345284467,-4.006190861611934,2.0571603599725146,-0.2929912458738798,-0.39229352409872353,-8.9039277813549,-4.186287596558842,-5.044171957151954,0.014026793034287666,-8.547818999779322,-0.7410587256992207,-2.6716187120454955,-5.243472744916017,-0.3136533213148416,-2.436371475924197,0.17024787483191473,0.5775031155208517,-0.3881038722605197,0.05400466019532546,-5.149448169773002,6.645161664796679,0.15333215280604806,6.780215914255705,1.2942978357036603,-8.283130946064968,-0.01939952108734566,1.8437121636633236,6.215241128782912,0.031739151343539884,-8.823803860874754,3.823621066757888,-0.3778983037525915,5.773041900038541,-6.993388803216343,-4.6837575314105155,0.8343748086547189,1.8925472959232192,8.828517115897984,-0.44020825769047955,-4.0856161390431645,10.929732032366436,-0.21564665073047518,-9.2147527237358,-1.3572739799773472,2.048295991766235,0.3032767355829013,-4.23784304073039
-0.07061870123263644,0.29451065547687066,0.882672407352322,-2.1027456446592994,-5.441477250217519,-0.9949340920582928,-0.06486215956182395,0.44766530148992645,-1.6276876012372146,-2.9103350710267253,2.6567941821199588,-3.089599823474061,-1.1497006754990022,6.056526199544064,-2.229303662510649,6.3569373600845775,-2.2767715293551456,4.614756839336657,0.09080763708862682,-2.0138815663513885,-3.6336692817829253,-0.5446470185691923,-3.7367079504385092,-5.733943474911531,-4.723923050113395,-7.912703277826805,8.460923500809601,-2.8424296810197602,-0.2695356199423762,2.4900840087899585,0.031739151343539385,5.281985889973704,1.5108632074227044,1.130261525633944,0.0928215035800608,4.9526278480345844,-1.8543972703901934,-7.87722390579323,-0.22281082015667336,-1.0777915117701977,-0.22369578199472961,-0.27642766530819785,-3.2660418505671647,8.298170833339563,0.2012322545415186,2.493971021688074,-3.1646908038463826,-3.5830503097071937,0.725744482674369,-3.0253400449510144
-2.6472220424811708,-2.9426514858814636,9.292500252164455,-2.6519517220414177,7.334144167773223,-1.4671389053902921,1.500497246186441,1.8364877999184588,-6.556282856475617,8.534748507646619,0.7095357388331457,4.576359897108696,8.857419494808047,-10.708470700696587,-7.106993668170096,8.285981624303357,8.566093480315422,4.118069567833148,-7.244698628679874,1.742716000651955,-1.3090894866351226,2.692023753013447,-9.443427014871292,-10.074588539069618,-1.771153921460952,-6.448171743081767,-5.626828203301311,-7.375023082350478,-4.237377216346433,6.084752608251322,-8.823803860874754,1.5108632074227035,-11.055497347518138,-2.4101470606713002,3.28439615714177,-5.76767783821451,5.720653449415689,-4.7135266277879815,7.9477076164555704,0.8298954548651659,12.812541918581376,-1.189630899139089,-0.3460362059740093,-1.3512665341278114,2.1800153194665635,-11.188797623502712,-4.154160645048475,1.1556134025173397,5.933508794672507,2.174315411482914
1.4979832550138918,4.3531583939314205,-3.7958921331387634,11.371095215043061,-3.9811845866068287,-5.952435934959476,-3.7048369773793457,7.956057913804088,13.648852386809155,-10.110083591807262,-8.930629004675438,-9.154427241402088,2.4903481925456536,2.400736992357172,7.937782395360327,-2.3630607569969015,-2.051047718127757,-3.2152951049263794,-4.67541559913494,-5.615965674815069,-10.306715789295971,3.3448391625261107,11.280406916345099,9.124751929840903,1.992624412180445,-9.129475331434815,0.4688797155320803,13.17778965448456,-1.5309004495827123,-3.1822257382443855,3.8236210667578874,1.1302615256339439,-2.4101470606713007,8.956059719237476,9.189831312077768,7.616854916561271,-8.96569264926663,5.509955459307858,1.198459818039479,-4.463204348712311,-8.177413252872222,4.750240022944709,2.6907867745333527,-0.07795941865264944,1.0758773036257308,2.4800158057235673,3.6540989979815404,-7.770765956428476,6.062919978606957,-0.7715382218619806
-0.6822238617213282,0.28496352232361244,-0.26615228845557076,5.602575765295359,5.895884461145738,-8.879910003308922,-0.26309962751332616,-0.08680478353406057,-1.2312811872957155,-6.732452763876828,-7.806521475353252,-6.689707935502837,-3.8546670554718045,2.408822181056733,8.7944646166921,-1.3693324901133075,3.863908701991704,0.11846359886608726,-0.14644641919396673,0.6558111206614681,-3.2991029345452225,0.03394528181407597,0.7412312678681949,0.675829411092088,-2.740891804483209,-4.2433503500774785,2.4781305528503803,-2.20336241235831,-0.18108557154623128,-2.514011131724588,-0.3778983037525917,0.09282150358006058,3.284396157141771,9.189831312077768,5.413079268982732,-4.243403726575931,-10.253013688394166,-1.664320153470522,-0.4458053772812569,1.5050803129883334,5.871824146853286,0.3302447267941101,-0.44706454872255996,7.434216127450802,-1.2927539552752183,2.9656892349468618,-2.1978056774020995,-0.029725572730116445,0.07726300147120102,3.4213312434880168
6.214259211470413,-1.1866594542006468,1.0334080997355322,2.6291368154181054,-0.916074799632755,15.579442041814236,2.914505135673514,0.9332684272873444,-8.314258374854209,-1.235704597489669,-3.4189690037934066,12.619530200374303,-2.52228549183675,-15.798032823204782,-1.3549157351013907,2.2663119042402626,6.088262542842783,-0.14749486865140082,-2.9053387109977233,7.714390229690103,2.954750085603142,1.2069071673613931,-5.849420158013754,-11.01257398829364,1.5038280086668716,7.689924546936077,-1.7731837278641864,3.76863047441884,6.289071874108847,-12.10925425497197,5.77304190003854,4.9526278480345844,-5.76767783821451,7.6168549165612704,-4.24340372657593,6.0289124669481495,10.342527793103667,-5.228948891178815,4.688825747313217,10.097700111243666,0.006719714525740661,-6.041817550482023,-2.2011519038063843,2.301765617107034,5.732375621446657,-15.535495208489268,-5.5866396272575685,6.816083505266044,8.613821195193005,9.921609355955582
0.20613307191828673,2.329273348876793,1.5568276251159605,11.388285292527302,2.4830325943395843,-10.047371464170666,-4.164033471349295,-9.516313774484967,0.268631794074903,1.4965301282268975,-4.78007610501913,3.6452940419130524,-1.8130245709185435,7.347126457859427,-0.7617530714787009,3.8087445952971684,1.5130429606490399,-6.353785290830667,4.409794622881883,-5.252591264187812,-9.433088321803675,7.846617760622279,10.768051285417874,3.9190851870366075,10.90478105892581,-0.521468263147801,4.124631705601814,-9.131516083634654,-0.2955580219345749,3.4878086825200656,-6.993388803216343,-1.854397270390194,5.72065344941569,-8.965692649266629,-10.253013688394166,10.342527793103667,-9.421115338811838,9.063769807559273,-3.678478497793802,-9.146037660124696,-12.152382301306748,-5.210911262423615,-3.9186211853953754,0.9623283404833509,-3.2835116024234514,5.923131968056434,6.553844281044185,-12.865096790958516,-6.979672980655115,-10.406960151133863
-4.160206039212835,2.2687913963737683,-0.3759217565564591,-4.523209150431054,6.270259621079117,-0.7246663910717228,-8.480306456445037,3.324018440498581,-1.1713007250400682,3.4694948542273907,7.986568168615513,4.771719986480117,5.550536877024816,-2.17951208725172,-3.4074268065275146,-3.0172345527124262,2.364829091095876,1.8651038936410766,1.39891326902393,5.563505169971456,7.480898836275082,3.9505966215127204,-5.943725905790937,-11.1254325228473,-6.311220529802014,0.22473628951520153,-9.154005516736259,2.1394776616569655,-3.8851223753330224,-10.083129885837323,-4.683757531410515,-7.877223905793229,-4.713526627787982,5.509955459307859,-1.664320153470522,-5.228948891178815,9.063769807559273,-9.633964320074142,-0.7626685591714317,12.308684480933552,8.609319270807282,6.482075595575981,6.969137538378891,-7.951912708143368,-3.2102714125066782,-3.3685039923328306,0.08678552518166283,5.750367084059069,5.569719428574218,4.3200734523789555
-0.6495649123221267,-0.44263410706389594,-0.19592922673669552,3.945669991712094,-1.147922942233445,-0.07832075444911163,0.6499647864541247,-0.016767687143871002,-2.1832357173742314,5.301147786570356,2.9971080848024476,7.455076921154609,-0.10068279070332664,-1.7611064911998127,0.33016318270454836,-0.1573059135226179,-3.6030165971647032,-0.040453910359780076,-0.07941975634024945,-3.070784749383734,-2.8592230180751543,-0.028432494622847804,-1.7084986769312385,5.457923564260512,5.788069954257088,-0.7332654780543302,0.06210817176794281,-2.1528708780718446,0.41672042018984357,-7.442137058537975,0.8343748086547191,-0.22281082015667386,7.9477076164555704,1.1984598180394783,-0.445805377281257,4.688825747313217,-3.6784784977938028,-0.762668559171432,5.268859473015354,1.2158303653000289,0.47975071603189456,-0.4346445846483136,-3.5746482339805947,3.5516627348639394,-0.0015163559851148756,4.734341885310551,-6.839200332820049,-6.165570266989348,-0.3477861826391284,-0.1455629263548568
1.5029623195307964,5.1822600583590415,-7.251965844888687,1.7476764540095626,-1.7556265910907793,-0.9549519041735564,9.514085298950096,-4.2524192770560845,1.1460304662245089,-0.6833538132079758,-5.678006814571574,-10.453124897245853,-4.821748754426719,0.12871151673897588,9.699174938108555,-10.103060792478638,-4.441308721568713,-9.999285057526185,1.4074123188334702,-1.0905317725180348,8.881774314093155,-3.7888198007928207,7.486569785881972,5.526991216134619,4.606936178266872,-11.71928970925008,1.673381357103123,15.103363565379812,3.765805048050995,4.19844598130377,1.892547295923219,-1.0777915117701973,0.829895454865166,-4.463204348712312,1.5050803129883334,10.097700111243666,-9.146037660124696,12.308684480933552,1.2158303653000289,6.084705062986236,-1.1528857884544577,2.0016555822761513,-7.350641984796628,10.012255439364406,5.0314261409926715,5.195825267571632,6.600838084887088,1.3166673802336755,0.9778436782469399,1.6816873955016032
-8.39739099246265,5.718622894860013,8.149814873268847,6.63948212443576,2.1429853885842585,-10.616953435512109,-2.14016571684717,-2.5339745210182136,14.299380221377898,-3.4551436079782984,-7.668991350175173,1.86968844598732,-1.2199732246770278,-3.165502285031986,8.92346744988225,4.395232839753931,-14.782150663497626,-4.523593798329751,1.403704579515222,-2.6053485339503517,-0.6431570792719237,-7.642279650115252,1.1411223013749152,1.223774763955784,9.32247439624937,-9.552520057874693,9.339636084581352,5.4172702509421224,0.08876288573476246,10.194013721577619,8.828517115897984,-0.2236957819947304,12.812541918581376,-8.17741325287222,5.871824146853285,0.006719714525740994,-12.152382301306748,8.609319270807283,0.4797507160318937,-1.1528857884544579,0.07121403073026933,-2.7703274945643224,-7.571091934283681,8.146340033745068,-2.802648904287323,-1.9641551191597915,7.433514730538,-7.252443199876663,-4.0336569195272105,-8.280588523495107
0.5478439481445484,-0.020653171638073176,0.34732948570961364,-3.7977807156117565,-2.1058806860941655,-4.420702831062369,-0.5972093454485263,0.6387583601145739,-5.106974114126845,-1.484515743489422,3.1442471826698504,-2.6529098409648846,2.7795721059796117,1.8852334848898464,-2.9514882586527573,3.4332861923165767,3.101642696392508,-1.1408366261039216,-0.3499056204411165,1.618642673555731,-0.3717481507937861,-0.13019952767097687,2.2985034883077144,-2.1748311711809984,1.3930797921250606,3.8138370577338176,-6.227619469421514,-5.217039209741506,0.046941553893599997,-9.296459581944951,-0.44020825769047844,-0.27642766530819696,-1.1896308991390896,4.75024002294471,0.33024472679411,-6.041817550482022,-5.210911262423615,6.482075595575979,-0.4346445846483133,2.0016555822761504,-2.770327494564323,6.275505284221083,-0.21647417580971695,-2.6038940087866616,-0.24742411764019812,-4.923923676503873,9.630474111817334,3.6469633007687285,0.726826201119657,2.3534765073146655
2.232802196279484,3.8549552027951037,-2.848068612046357,8.122096574549566,-10.014045331054747,-12.815095517744588,-4.998797530447026,-1.8254265044724252,12.220623600776426,-12.140088348678644,0.8135509649658763,0.38011870365475,-8.135627443109968,15.47941780112945,-2.368553507751931,3.443949412789679,-9.409362418528874,-0.605631938155621,9.817112119883275,-8.916245788280142,-16.252343525932595,-2.0970015233472967,11.316779392727154,8.947922196327058,8.025021713546844,-11.094826388043273,1.491633741644838,9.262241385017381,-0.6832792308746074,6.135589878099147,-4.085616139043164,-3.266041850567165,-0.3460362059740092,2.6907867745333522,-0.44706454872256,-2.201151903806384,-3.9186211853953754,6.969137538378892,-3.5746482339805947,-7.350641984796628,-7.57109193428368,-0.2164741758097165,7.075249089452933,3.3186496490622313,8.117893396435216,2.34301558798965,12.382195878211158,-5.604887438315022,-8.383693440713298,1.4625719786325853
2.586505838784583,-3.563041982034481,-9.20324396616564,-3.651894169894627,9.830893997254776,4.7224701056107605,4.977583159247371,-1.0917995049443574,-9.063772444051676,5.650651687854074,5.657190778977061,1.8327445245755571,7.351836627980477,8.188534649114187,-5.191064186328294,5.728839441823123,7.662944004507181,6.210046564768417,6.340876953969808,-0.26050097336032874,15.922094560492884,-0.10989067270501618,-1.3656953138412238,-6.451368641984922,-7.478082182750142,-4.486910490485807,0.5335201508007457,-6.211868706820723,-0.40803069795959357,-10.783538267536521,10.929732032366438,8.298170833339563,-1.3512665341278112,-0.0779594186526491,7.434216127450801,2.3017656171070344,0.9623283404833508,-7.951912708143368,3.55166273486394,10.012255439364408,8.146340033745068,-2.6038940087866616,3.3186496490622313,-1.3521090304218406,-1.5994430191143278,-12.06064835595443,-0.7171835584254093,3.5514514723407573,3.5012602704867106,-1.405427569374455
-0.4407370978321811,-0.5269520274588075,0.04406613933151449,9.861715188232207,8.877900143236264,-0.3427018908855429,-0.12480101544206743,-0.49279127942187007,-2.263501245561603,-4.392837031102065,0.74718145864032,-6.376221730461678,1.5182804362651037,-0.7832079521122632,5.322406121295703,4.244640671780301,-5.4493441182188125,3.3648780837546575,0.8117200094959272,-1.835151238564865,3.0292181203975037,-0.5205060971875226,-2.8722759041974832,-6.784805880703416,-8.229935374864162,11.053350005430122,0.25583749064124095,0.738623392880998,0.38961917316775146,3.707872262092526,-0.21564665073047454,0.20123225454151972,2.180015319466563,1.0758773036257305,-1.2927539552752172,5.732375621446659,-3.2835116024234523,-3.210271412506678,-0.0015163559851141262,5.0314261409926715,-2.8026489042873224,-0.24742411764019812,8.117893396435218,-1.5994430191143283,5.699023973944797,-4.703519493140133,-4.85613284720247,2.776534966269096,-0.7776605617395733,-0.045465139957813414
-9.625881249521933,3.9980166675620223,-8.353495924700042,-6.037237891855783,2.163521646773335,13.91736724922877,0.050155424236017154,-3.301537980554609,-8.41938445440819,10.46088591316939,6.230514806117398,2.1960779569697833,10.239275553824063,-5.680851091478964,-13.44247206474708,8.937499391684927,2.6064922324202566,4.812555722346628,7.934524966315411,2.2948330715357237,-6.098466734533254,1.3612916873921515,-4.127528359019652,-10.753956209663594,2.526495487823519,3.5952667131230824,-5.946027352307347,-14.262041201730582,5.76241882194513,-8.033982133409879,-9.2147527237358,2.4939710216880737,-11.188797623502712,2.4800158057235673,2.965689234946862,-15.535495208489268,5.923131968056433,-3.368503992332831,4.734341885310551,5.1958252675716325,-1.9641551191597921,-4.923923676503872,2.3430155879896493,-12.06064835595443,-4.703519493140134,-12.054393328613658,-7.117536611812458,2.5588403316719246,-0.8233837199347259,-3.7496595131916566
3.675749050752291,-5.993299255520139,-9.179527298470267,1.1640320268103426,16.546885178001844,7.682459932394219,-5.982577096598705,-6.499689546732507,-5.046659113134143,3.8446862320047974,16.902978748708268,-2.088947966288665,4.970070810525819,0.8083740568518843,-5.8808595005306845,7.9313411417474065,5.013443171704761,2.264610055444689,2.0343004871889,10.851841303514007,1.028099733457183,6.5432266064291555,-2.713770939282651,-4.024145929559261,-1.5151866832443182,3.5020004592701417,1.6488502375025278,-3.184043067802846,-4.52527036335708,-14.692085441708581,-1.3572739799773474,-3.1646908038463817,-4.154160645048475,3.6540989979815386,-2.197805677402097,-5.586639627257568,6.553844281044185,0.08678552518166249,-6.839200332820049,6.600838084887088,7.433514730538,9.630474111817334,12.382195878211158,-0.7171835584254089,-4.856132847202469,-7.117536611812458,-12.47234393130967,11.749338766684776,-0.054851374453194435,6.211231538427034
-7.835544908181292,-6.029475457263723,4.267181322561891,14.312385863393274,5.260032219632936,-2.9924575274487157,1.0284212846204517,-2.399559053899748,7.690433029576552,-8.363777286205677,-6.436856031533607,-4.180551487135611,-8.031715710287383,-0.5207755327263823,8.685782833235503,-6.140393876451867,-1.5266870397182601,5.150692454642653,4.748291395288555,3.7973201736155615,-3.275182755637026,3.5308239343637173,-1.9410884732501055,1.5241858594709456,11.610796173390806,-6.77482969303078,-3.6739813234221192,1.7741516081621755,2.648466350242074,6.5971906898487624,2.048295991766235,-3.5830503097071946,1.1556134025173397,-7.770765956428476,-0.029725572730116445,6.816083505266044,-12.865096790958516,5.750367084059069,-6.165570266989349,1.3166673802336752,-7.252443199876664,3.6469633007687285,-5.604887438315021,3.5514514723407578,2.776534966269097,2.558840331671925,11.749338766684776,4.687727738035512,-0.30584970595210714,-8.713121639605111
-0.8441199512353289,-0.314074984498937,0.47668974038168527,3.3518817410029897,-1.6988573700951521,0.10419803026425781,-0.022270485413329794,0.08519264501090484,1.70107732118234,-0.9664316070767156,6.0853560413813605,-2.1916851047613073,7.635458023730702,6.193535887751255,0.5686674421973464,-3.610278398106012,2.290189930626826,4.194917706283118,0.6463351931242167,-3.136901156872682,-3.451150450267949,-0.21766900904565267,-2.048035972459866,9.104605306706254,-8.406890031764437,6.110486219822271,2.0714314082595346,1.8026247224859238,0.11416621977155128,7.86136630116162,0.30327673558290136,0.725744482674369,5.933508794672507,6.062919978606957,0.07726300147120213,8.613821195193005,-6.979672980655114,5.569719428574218,-0.34778618263912864,0.9778436782469389,-4.0336569195272105,0.7268262011196575,-8.383693440713298,3.50126027048671,-0.7776605617395733,-0.8233837199347257,-0.054851374453193935,-0.3058497059521066,4.714754333092876,-1.24243090892869
1.425948044688694,-0.009760886255561818,7.311783587485364,1.122416739667477,1.6091629790429511,-2.3589385048468943,-1.5337837891535353,3.7548962727915955,-5.8198640839972295,-2.1190852331794474,-7.65791946254574,-12.214063143472446,1.035974872691353,11.94291105515554,6.7153857897956035,-0.5131284922917809,-10.703306485488126,-3.1082853869105,5.77470498745715,-13.048798746832825,-5.957912424753229,-1.1511165820134033,14.441749550633013,-2.4101479018569014,10.541481858091554,-6.015361567731469,8.486369913207518,4.377890921293963,3.617919658102693,18.133336476267083,-4.237843040730392,-3.025340044951014,2.174315411482914,-0.7715382218619805,3.4213312434880176,9.921609355955582,-10.406960151133863,4.3200734523789555,-0.14556292635485685,1.6816873955016032,-8.280588523495105,2.3534765073146655,1.4625719786325857,-1.405427569374454,-0.04546513995781476,-3.7496595131916566,6.211231538427034,-8.713121639605111,-1.2424309089286898,0.5578799452685983
