n
50
c
138.899152829749 121.86100519116947 -16.569873380159116 -140.2792413580445 156.50849210524285 216.54651152238867 -124.48971076247489 128.20992245115406 141.66203883376906 14.648456970365096 -139.58022154341998 -117.05376922603624 -6.322452755468376 -1.7804752151315792 195.2897945555508 193.6632695180139 -119.35851181738438 35.413615058196136 -175.93403129988792 -137.08617389682314 158.2000595137143 21.36957969931614 154.26226708376015 -8.712079277889906 -205.91263696775533 144.2772337114835 111.02879632769306 -190.84458351346248 -12.381574995554498 -203.9170795770122 171.53482036940935 -12.069841485718985 -17.171311476274948 -113.99374475903952 -177.48502664519222 175.4255308469209 157.65235701404407 167.6226715059392 -131.90684393663642 14.437756274957367 -177.02013570352466 -160.82663796201373 -148.8811392088702 -7.682141680385868 -157.0060788720685 -127.63691151203433 182.51527764501554 -25.366805906562096 -147.30475092662738 -188.6202366026415
Q
-8.39450849693037,0.21983302095343804,-9.529675650908636,6.364695653760685,-7.477683792339085,4.236627879365753,7.087750510189283,-10.513849686014645,-5.344571945448957,-0.03740518319553228,-0.7392540269986572,13.589567630006753,-1.134847728372291,-1.597497373929984,-5.103144747829056,-7.0404975687231275,-2.788597854453798,1.6032475839143838,9.28812386261977,9.34373048354163,-6.788928488836813,0.7208508168512289,-2.253066318705437,-0.6212573441569504,12.845393206854661,5.252069232627703,-4.7967583444164426,4.488530274560616,3.33250620995213,10.538713362288712,-6.61134894937348,-6.710947177600762,-7.584746157361526,9.283283866596792,6.150498823835151,0.6481550095180842,-9.39535793970341,-9.972491986555449,4.633232138344766,-3.2650483752772637,10.755009560392523,1.9414356048807506,4.177509335520943,1.7178521182344062,2.91845500270603,16.794758581565848,7.265691749480476,0.4995337573494998,1.281479481921167,-3.779003705422541
0.21983302095343837,8.507869697590353,-1.443443946490563,2.224555407901364,-8.665014271232474,-18.38296669547528,7.044667517263977,-3.420574366531265,-4.583298462019423,4.1016470547017905,1.754562881281345,-0.9286558970656695,1.5154604369123812,-0.15887403469686662,-4.067677976235135,-5.005879132439085,1.2249901612720475,4.601534259806019,11.928413202684615,16.19306892877261,-17.021320642946886,-7.364442529404537,-9.44893049864121,-1.2689123821862738,-3.9344280664517712,-7.967403583678609,-5.84002293771539,13.64093310915539,-4.326158118528228,9.5220285039751,6.1959744346080114,2.574502406723054,3.947270056396012,1.1959596030816977,9.25785036921933,-6.555267613537832,-7.907237915311469,-17.018651432300203,6.043070949681388,1.4175476997604766,15.758982864415328,11.123229767876216,-6.527178832446133,1.3398048258503936,0.8223197419294597,8.63298941360174,-9.628862849244836,5.667395347179256,5.948820649970658,8.060574710049094
-9.529675650908636,-1.443443946490563,3.776705176123224,2.7031953562573707,0.39886352676947673,0.6474672379418626,-2.1020246368368802,-2.74399724049485,-0.0171133324561229,0.1207987651588238,1.2395757803700818,-7.574797947632479,-0.32602754350319185,0.29111076534454117,-4.777706413851529,2.946450907518747,-1.7391163031932122,-0.3305201821593466,6.040030117266028,-8.66967984242182,-3.5026732312809683,0.31042945743514483,-0.755690107693912,-0.08172570153496705,1.4973263604088884,-5.465723441952114,0.8542210870669887,4.42780162319619,-0.1611348260843174,5.226535422571776,-1.1866664531012394,0.7641658079125935,0.26624768703544555,4.753879691343533,1.1978008566463783,-6.357383468942996,-1.7419794296500097,2.1693801020531507,-7.048546596041395,-0.06073422561460973,6.759699429795568,2.7616411378073957,-0.8186815316714688,0.02748599996055684,6.72629795379002,4.956415959996714,-2.787364866480741,-0.49477033242527146,-7.843390356283189,2.775680263903194
6.364695653760685,2.224555407901364,2.703195356257371,5.494687241516268,7.780598449358504,8.282230992227877,-3.041030430735772,11.364786629122957,7.172629689700358,-8.491103640626248,-0.1082348336658292,-3.6227728670011192,-0.11078877520424779,8.870665235256777,4.574190917291601,6.867810866617232,-13.32780818064677,-9.404117305420655,-3.883073804206591,2.6583323948270547,1.3742423408703635,-5.7394576562406225,4.597527112475978,-1.3848312335380952,-6.099263368840996,5.05018265506742,2.889778638863648,-4.337755952782421,-1.319309059104429,-9.050223312255232,3.7357627032316936,5.0427411494095,-0.33174972976326744,-4.749981692983753,-1.5136395035277053,-1.6550781439814937,9.401587502613387,0.3307899977360421,-1.975109988109834,-0.21983052881499643,-5.621663246679246,-5.675154338951329,7.610277976950525,-1.745080702720294,-7.00107805063144,-4.2302275160778775,6.353448200808067,0.4238407461074576,-12.670735284007705,-12.75941434389895
-7.477683792339085,-8.665014271232474,0.39886352676947723,7.780598449358504,-1.8462772762625494,-12.48352461505432,1.5978995824857434,-6.884198882271822,-4.735882412850198,8.342786767010363,10.164908583972187,-1.9321550921227317,1.9915499226193767,1.3369075791504836,-7.407885111952226,-2.4175663380977213,2.6115310111727315,2.5472176488223317,14.004018021565829,10.967159816153242,0.7908673631831619,-2.592566153078831,-4.912846322280105,1.3503120665837793,10.401082056593346,4.111901873559235,6.917238144208588,1.5690795059188645,0.12875427163844666,0.18243915446400255,5.084876853211835,1.3551739350966214,8.195415207897367,11.708413459812054,-2.6524831953172896,-3.3851199053436387,1.9408057130642271,4.357981623327422,11.103879426522854,-0.35578995867287594,-9.474482363007594,10.102731267561625,-2.24915157718699,-3.6127103124075237,12.132805529116125,-1.5686295837120139,-4.241150652893502,-3.224951151236313,5.070996170903417,-0.8199498430790264
4.236627879365753,-18.38296669547528,0.6474672379418625,8.282230992227877,-12.48352461505432,0.952408602978152,6.497692478981092,-12.127260790309391,-7.581373735918583,1.9036024981653266,3.156107073904334,3.181303332829142,4.400376383898218,-6.343633188488309,-4.24970571843425,-9.141705073296206,4.960151825072432,4.066697938954996,-1.751242255412438,-4.6952331166889385,-4.875597487246621,-3.4674858948763148,-13.99259827499559,6.6817601288414075,-1.1344236168222492,-8.58700076383174,-7.907290604505088,11.496028574258325,4.397870646538862,2.897785882606924,-2.4077375033959396,-3.0534115351558357,-0.7284858280763347,2.222179349001761,-6.8528644461632995,-15.011716435637714,-12.649008644430557,-3.837304006249267,12.032594726976281,5.098442778097164,15.273197872851767,-1.8918584802535818,1.233682910173251,-3.9935992825535496,3.51829634551293,8.832343233101618,-15.612693549253873,-2.7306259308429297,7.97129066574084,3.8419999324615857
7.0877505101892835,7.044667517263978,-2.1020246368368816,-3.041030430735772,1.5978995824857445,6.497692478981092,1.3466445399943607,5.577009323765677,2.1923660977497406,-4.315487915672781,-4.541084365429173,-12.940791272085775,-1.6368822741284776,-4.565798216566272,8.93557613354644,-0.8303682688372265,-4.583333272603369,5.344957956333918,-6.871430017143294,-6.947517352926841,-5.238659901206523,-8.547047767120787,4.409254545186961,3.705380655905185,-3.9341287632356154,14.51095319248369,1.5534400437517775,-3.382115543002234,-4.044624375703683,2.637525777029979,8.810419178648074,-2.67253854391022,-2.912989710285883,-10.818039481469697,-10.916127160581611,7.078966250524723,-2.061603002668729,-1.0009332273316403,-2.5994451190987,-0.11356316246313344,-3.559088003080653,1.693049761278604,-1.4989325517855656,7.836544180161828,-8.169208922650105,-1.394397219096151,9.010313516183661,5.152030088873424,-11.95188420830683,-7.748481783916538
-10.513849686014645,-3.420574366531266,-2.7439972404948505,11.364786629122959,-6.884198882271822,-12.127260790309391,5.577009323765677,-1.5248513987995747,1.8040832531602902,1.2497441347539742,5.871790364580944,12.01677541177944,-6.383499821524364,-3.496946250606638,-4.569369111154987,-7.602667837217099,7.369568630832733,-7.340368007439641,8.886645314687486,-3.05448172230948,-4.265140665916117,-1.0659053062138661,-7.21707161685976,-2.1502143526776116,7.769660928401242,-15.25549861045862,-1.2707733695185106,8.773397188485268,-1.8625111319403782,1.5244153436571188,-7.1783835515337975,-4.659757016695011,-5.367331276022453,-7.203578171015367,13.381855271434894,-0.3734718148703313,-7.065567064615821,-3.9262040786192625,4.060091882693873,2.2780398519600644,7.391348557671669,-1.3396076958835659,4.955334375364153,0.05257629135137332,10.545052585877547,5.6088794177660635,3.9157382758833963,6.29584197932551,14.031855334943085,2.104992839812216
-5.344571945448957,-4.583298462019422,-0.017113332456122676,7.172629689700356,-4.735882412850199,-7.581373735918583,2.19236609774974,1.8040832531602895,0.23262149185125391,8.233318083715245,11.109040024822338,2.2474172212782486,-3.490208172716501,-0.1643602737777512,-12.208956617932829,0.14166325902128463,1.0074708463945974,-7.216564633144972,3.522973192808065,2.8335336901028545,-8.668700389075761,-1.6714942825344894,-1.4607644730805571,-0.7352774273516598,2.7847321004063685,-15.600008986892352,-4.814754290623548,3.4924895021846822,-1.9367368244379295,-2.686183735091025,-3.4174302696506658,5.941113779012303,0.4929092562941497,2.5371745041981364,14.789549413410764,-11.655055759299279,-0.5825492986073053,0.8016668174828285,4.260798201840315,-6.557754788613705,12.766304517907422,1.8988420489122504,3.4047341401158535,2.4609212648203194,12.453677299488122,-1.4594854045971875,-1.2234541477156662,-0.4613116769770297,15.437019455350049,10.422225318811297
-0.03740518319553257,4.10164705470179,0.12079876515882526,-8.49110364062625,8.342786767010363,1.9036024981653268,-4.315487915672781,1.2497441347539742,8.233318083715247,4.313139294207711,-3.22101305896202,-2.1725371163721197,-0.6454497242772227,0.394670859478391,2.327500576953571,-1.9766023643645698,5.37519989274168,-0.6649066399153272,5.697323636939062,1.7685655456979117,-3.6601895218523333,-0.2906405907848072,2.8112626039443187,0.49932859385117845,2.89801942271482,-0.11726510159757819,4.37517223164228,2.5300562170267407,0.05696115302334198,-8.507044749324702,-5.998996096793058,0.08300339239876925,-0.09554849279197875,-6.586668331070613,1.3385757105284921,-1.8259370033194173,-5.949934001402168,-1.9748300976216242,1.5207163812408226,1.3052954078263508,1.226265680909747,2.305864627254452,-4.123653329037173,0.16523348331532972,-0.5856597140693431,3.1115630472543154,-2.190144264514577,-0.3983296591233174,1.2968771569531126,-7.458110165505827
-0.7392540269986569,1.7545628812813454,1.2395757803700824,-0.1082348336658297,10.164908583972185,3.1561070739043338,-4.541084365429172,5.871790364580943,11.109040024822338,-3.2210130589620194,-4.6353758859883545,3.6491167955389074,-3.1322730231477696,4.3626576859767265,12.63080248160965,1.0874374932440654,-11.668217477297883,-4.928788822200611,-3.371293014501823,-13.531112615139847,1.802624119362795,0.7348536386704243,-5.639471328691956,-0.07984047233286962,-16.58014364216365,11.795405495476924,4.079218145215725,-6.436616110357823,-8.94232175048968,-0.5434345227787101,-0.43612993667760835,-1.2792643695596377,-2.3889764550659844,-11.408840073765441,-3.3232957821348683,-5.006819030546616,-3.222682723227546,-6.262833714587197,-6.8833122250665495,-4.707504020662016,-4.834629298836365,-7.006779086253172,-9.820214479310996,-7.73284762341076,-10.89677842731994,-0.7992914864288436,7.832322951869969,5.179629625173014,-4.239558752197511,-8.98512165121533
13.589567630006753,-0.9286558970656701,-7.574797947632481,-3.6227728670011206,-1.9321550921227315,3.181303332829141,-12.940791272085775,12.016775411779442,2.2474172212782495,-2.17253711637212,3.6491167955389074,-9.744891769329747,1.987212319363881,-5.280596328934695,8.207988070098923,0.8983603076048328,-5.760074373443893,-6.772263554338802,-16.453445143090946,-7.151069806605026,9.289399183739302,-8.711151887193111,15.193528209442173,0.6640816129120966,-4.576162608841747,8.47717554858092,1.8452434835687106,1.7566864077506874,6.544966645267976,-4.398749206479961,13.844643575292123,-2.474672830432827,6.228977783946988,-4.891839119788102,-4.739324565464877,5.466217333683348,11.248255751323455,3.6578219638975042,-3.8962040568782443,2.3406959254483923,-5.272113028535684,3.0518529419966027,-10.07433116493992,-5.433968405036367,-7.73489350365351,-17.949072875668342,-4.94259239200832,-5.1893210015130355,-20.272427917417403,-7.069172126916114
-1.1348477283722902,1.5154604369123805,-0.3260275435031923,-0.11078877520424889,1.9915499226193754,4.400376383898218,-1.636882274128478,-6.383499821524365,-3.4902081727165015,-0.6454497242772244,-3.132273023147769,1.987212319363881,5.582834193322859,-0.36741860610528176,-1.3508397422862402,-4.922357727679467,-2.3073809101450573,-0.04595699045644652,1.9819013662899652,-4.307392243864793,2.345148824192758,-0.7113833174882783,-8.378409863911996,0.5593301253620769,4.026681197547401,1.676118657509908,3.84135653443571,6.030771633889574,-0.29659693958017574,-0.6532137720905667,-1.3221716736921756,0.46541003800041625,-0.17494701903754728,1.7160110577100787,-6.9733579016768985,2.0630892057406154,5.368980027603383,-3.6823461895286655,3.3526705666342305,-0.29443189838363715,-6.073945428958431,6.749475927431825,-0.39918357235837953,-1.0072783641039837,2.7174053775756812,4.961933785647734,2.7137382227802345,0.6682547574933203,-3.7785576236109577,1.8607129934547884
-1.5974973739299845,-0.15887403469686606,0.29111076534454017,8.870665235256775,1.3369075791504845,-6.34363318848831,-4.565798216566271,-3.4969462506066384,-0.16436027377775078,0.3946708594783908,4.362657685976726,-5.280596328934695,-0.3674186061052811,5.150219999753357,3.892678619548161,2.4406156484831336,-0.7760067230708435,0.7168737723038832,-1.8681211291256334,-2.8328898836118985,4.964231449459064,-0.01976455947637401,1.1610434659798359,-0.26272980524094836,-2.268025572167285,5.3421389783041295,-2.835795906462855,-1.5650791010559857,0.546111241023425,0.4684102701676862,0.45766364590002295,-0.4049606434288865,0.2702785070502023,-8.008855399529196,0.25860787109729383,-0.8556187653969158,4.310946950935244,-5.64710611822106,-0.8594001991057536,-0.9049118771333464,5.05949373243349,-2.2880003300098046,6.448794437105992,0.5817961152472609,1.7892650530951761,3.7562313177696907,-1.937051648615049,-0.427766877936836,2.2410761822353495,-4.954889758097418
-5.103144747829056,-4.067677976235135,-4.777706413851529,4.574190917291601,-7.4078851119522255,-4.2497057184342495,8.93557613354644,-4.5693691111549875,-12.208956617932829,2.32750057695357,12.630802481609647,8.207988070098923,-1.3508397422862393,3.892678619548161,-6.4844029791738595,-14.890532848755381,2.387822448038149,0.26749211746328116,-3.0977042510074977,5.920776221109188,-4.295418397621768,9.109820393891832,-1.9813909638791911,-5.722905849006441,-0.3203284394542817,-0.09866041372725531,-3.0357503810385853,3.6097432427943352,-0.904717574520196,1.99453697849282,-10.980807380791783,-2.5115482358659005,3.595203001602851,1.4083244672345516,0.6905413838583832,-7.9431443797430905,-2.662346956772235,-2.272699456792972,4.817976619042835,0.5034497773127508,-0.6524777590048192,-5.278310825549129,-0.05973934567660466,-3.7834810579933396,10.229675101179406,10.067760331422805,5.654048920513748,4.392748514467387,8.304249140725469,16.61928190411697
-7.040497568723129,-5.005879132439084,2.946450907518747,6.867810866617232,-2.4175663380977213,-9.141705073296206,-0.8303682688372255,-7.602667837217099,0.1416632590212849,-1.9766023643645692,1.0874374932440642,0.898360307604833,-4.922357727679467,2.440615648483135,-14.890532848755383,-4.851616252162314,5.850847655780886,-7.21105708832838,13.342959657992045,2.703118324337224,1.8094391645985293,3.4358759381571233,-3.495438955591352,-4.784473557182301,2.3305357159215436,-1.8974726065841918,-8.734295102158164,12.48818539381282,-6.047245500061181,8.31066938765632,-0.9628992239809786,-1.9335223600864617,3.1122847889249394,9.50512811478247,-5.65361985246221,-10.258920520704436,-3.433672527802308,-9.827354570731982,12.234519683230186,-5.382998541098697,0.027082014322265424,-5.000294327787625,-0.520082454522069,-3.6623674794787258,1.3716703717441638,-1.261334840039027,-3.8545732232141163,3.908828633866039,-1.09198987098307,11.344993378246148
-2.7885978544537986,1.2249901612720473,-1.739116303193212,-13.32780818064677,2.611531011172733,4.960151825072433,-4.583333272603369,7.369568630832733,1.0074708463945976,5.37519989274168,-11.668217477297883,-5.760074373443893,-2.3073809101450564,-0.7760067230708418,2.3878224480381487,5.850847655780886,4.561503500667849,1.2424410886645465,1.8821800180271566,-5.080578882921795,0.5700717654175262,-3.90760066516702,0.3038529224510601,-3.2155080564488676,1.0153971702152225,1.0691633054342167,4.481326383640274,-1.8109263592169016,7.303154576658804,-10.95727768183495,-1.6763288253852453,6.002315893606438,2.754821022609682,-8.550832799258792,-3.415366064700792,8.556411268750134,-1.3734122201824412,3.1742001813541227,-15.284423614835868,1.8608131126918825,-0.6815916830607116,-4.78969873800374,-1.9258816312786124,-1.8596428297863057,-3.3147168907225484,-12.303861038296466,-0.41142537096087217,-3.822145607146985,1.4481787606502787,-9.419159861281653
1.603247583914384,4.601534259806019,-0.33052018215934575,-9.404117305420655,2.5472176488223326,4.066697938954995,5.344957956333917,-7.340368007439641,-7.216564633144971,-0.6649066399153268,-4.928788822200611,-6.772263554338801,-0.045956990456445856,0.7168737723038837,0.2674921174632827,-7.2110570883283795,1.2424410886645472,3.993090283591587,1.0350576058435148,-8.772038745897111,0.47824049616368897,-0.6083212659888273,-3.022458105562717,0.148062126373375,-2.0257685365099745,7.063844027482551,5.371320009982423,-1.9261556017206904,0.06717991930725375,5.3289984606411105,-1.594464914163964,0.011996181230031377,-0.17727672577831188,5.309254735169986,-3.3156986451338857,-0.4917298937810664,3.8143905186150833,-4.73462096933883,-6.7431167168614925,-0.12111056120827668,4.4139837045847,-4.218887703438506,2.7061403662391097,0.3432628942259405,-7.582965870475951,-3.5979195809890223,-7.920583949875459,-0.24990603241821185,0.453496740899904,-2.9603957477078726
9.288123862619772,11.928413202684615,6.040030117266029,-3.883073804206593,14.004018021565829,-1.7512422554124374,-6.871430017143294,8.886645314687486,3.5229731928080654,5.697323636939064,-3.3712930145018234,-16.453445143090942,1.9819013662899665,-1.8681211291256328,-3.0977042510074977,13.342959657992045,1.8821800180271568,1.0350576058435157,9.26594113852146,-3.1621453342603303,8.990978296002544,5.0184371274366635,4.3328074219608395,1.0965941329811604,-8.133930812410323,1.606510181805437,14.708915617912593,-4.558120447796433,5.4828812322745275,-5.3367428145185585,3.2638516646646827,-4.075951836569078,6.446678290353539,0.581746744561343,5.775328419409258,4.1996689473654865,9.302796210122363,-1.9844564805663822,5.107590975594301,-1.3488504694179573,-8.747392194402892,-5.561196208059452,3.501498346170981,4.342057468428297,-7.871154387502551,-6.1972478426553845,-0.3479861034933529,2.416372476663618,-3.5058961553349017,-9.77644806800379
9.34373048354163,16.19306892877261,-8.66967984242182,2.658332394827054,10.967159816153242,-4.695233116688939,-6.947517352926841,-3.05448172230948,2.833533690102854,1.768565545697912,-13.531112615139847,-7.151069806605026,-4.307392243864793,-2.8328898836118994,5.920776221109188,2.7031183243372245,-5.080578882921795,-8.772038745897113,-3.1621453342603316,-10.314165429703621,0.37814005245821697,-3.1067254219813885,14.182662346622243,-4.959268150389354,-9.396211051013832,6.193677763010926,12.54443102294515,-2.7616054800448784,0.15729150359208022,-3.944627823237488,5.722228588952423,0.275455496342778,-1.1798500791505484,1.26384346380252,3.1649370359225975,3.46285237162816,-0.724521331308109,-1.8975190679075082,-11.750138113195046,-0.40184097927855533,0.0411596538363979,-1.0196534452670938,-12.21809348118696,-0.9123417879289191,-8.145180470876111,-5.597461899099413,11.406753545562836,-1.7603334685375127,-1.6042503799430317,-2.370695487429624
-6.788928488836813,-17.021320642946886,-3.5026732312809683,1.3742423408703628,0.790867363183162,-4.875597487246619,-5.238659901206523,-4.2651406659161175,-8.668700389075761,-3.6601895218523337,1.8026241193627943,9.289399183739304,2.3451488241927585,4.964231449459064,-4.295418397621768,1.8094391645985288,0.5700717654175264,0.4782404961636879,8.990978296002545,0.3781400524582176,2.614731578813565,3.7871682303392187,-5.767336246398271,-2.4449950433111702,4.591777810531378,-10.151930083145896,-2.312031203535962,18.707924023082654,-7.708678529117069,7.575240493331783,-5.44737638123093,-4.063015994555131,0.5024013750923368,6.72429755877831,9.274007359907692,-7.954801667055731,2.123315771269857,-3.692969834199051,3.4672377012971176,1.3155993802295278,4.20857862893631,-2.089265539961106,14.670895137474979,8.77787894374246,3.1953101342581833,3.3605361529608757,8.131015756701274,4.526445905539871,9.6639886242185,-8.900576806889621
0.720850816851229,-7.364442529404537,0.31042945743514583,-5.7394576562406225,-2.592566153078831,-3.467485894876313,-8.547047767120787,-1.0659053062138668,-1.6714942825344883,-0.29064059078480714,0.7348536386704227,-8.711151887193111,-0.7113833174882794,-0.019764559476372075,9.109820393891832,3.435875938157123,-3.9076006651670188,-0.6083212659888289,5.018437127436664,-3.1067254219813885,3.7871682303392187,5.949943226783176,7.355268743873151,0.5914187194704321,0.5386106103486263,-0.9323526631528956,-1.1612369093383732,0.26928330393452415,-0.17445625648627106,0.3806293756809144,6.923081558348999,-0.4705713514235318,0.3140557795473575,3.36235624833204,2.8064764021757993,-3.8562047627437694,0.21451605207604763,-4.268685853679319,-3.98470184405192,-0.5313410626011998,-1.6327860109763912,0.7232900849762712,-2.5179519357451703,0.6664154684140935,-0.6901907115852834,2.4955535002074463,-2.082649591392143,0.5159594184531802,-1.5240323007597816,-1.1969308252765065
-2.2530663187054367,-9.448930498641213,-0.7556901076939129,4.597527112475977,-4.912846322280103,-13.992598274995588,4.409254545186961,-7.217071616859761,-1.4607644730805576,2.811262603944318,-5.639471328691956,15.193528209442173,-8.378409863911996,1.1610434659798359,-1.981390963879191,-3.495438955591351,0.303852922451059,-3.022458105562718,4.332807421960839,14.18266234662224,-5.767336246398271,7.355268743873151,-4.452550792225352,5.661892245922086,4.111768326035016,0.6227799317872232,-5.950615266754472,2.780896867165615,1.9657361586605773,0.4515247635020425,-6.038524204554977,-0.9266298690968018,3.2655507113572093,16.50293981513844,0.8172039644163327,0.8148435052898568,-3.324906657715969,-8.44665034773195,-0.5236985243758864,-8.611188325310762,5.580611688633046,10.584935858797834,5.539170861890862,-4.905431379266038,8.042230218185164,3.3739649554507256,-9.172440246234673,-7.636571580615749,3.312700760893164,8.524215411601464
-0.6212573441569512,-1.268912382186274,-0.08172570153496805,-1.3848312335380957,1.3503120665837796,6.681760128841407,3.705380655905185,-2.1502143526776116,-0.7352774273516594,0.499328593851178,-0.07984047233286912,0.6640816129120961,0.5593301253620757,-0.2627298052409487,-5.72290584900644,-4.784473557182302,-3.2155080564488676,0.14806212637337457,1.0965941329811595,-4.959268150389354,-2.4449950433111693,0.5914187194704337,5.661892245922085,5.472830793373349,1.6402122215562156,-5.341645445127508,1.8160035693216163,-4.948134395720178,-0.24908835535807358,9.02726724559831,5.742831134595416,0.07951637906042608,-0.05506081855616385,-5.821618085910273,-0.26993869212599564,2.472499969018892,3.2174196159042037,-7.826584785694105,8.317411225899432,-0.5291774272382375,0.8515992472689365,0.5994299295494938,1.914621075513093,-0.06132252481781075,-2.753905107667871,0.7097086237027086,-1.4492481403326831,0.33766973563148267,3.7028761609061642,-3.058803062824034
12.845393206854661,-3.9344280664517712,1.4973263604088898,-6.099263368840996,10.401082056593348,-1.134423616822248,-3.934128763235615,7.769660928401243,2.784732100406369,2.89801942271482,-16.58014364216365,-4.576162608841747,4.026681197547401,-2.2680255721672844,-0.3203284394542807,2.3305357159215436,1.015397170215223,-2.025768536509974,-8.133930812410322,-9.39621105101383,4.591777810531378,0.5386106103486259,4.1117683260350155,1.6402122215562156,2.4729133669556695,-1.0166157137457272,1.5142541610767646,-17.432376650504747,-7.833330038415637,0.39983418330055853,1.223269603051193,2.550664769704815,8.602700309668526,-8.221778229873488,-11.841170266098308,8.138897373259283,0.8573056731467206,4.177273791936377,8.972777080101817,-2.2426208536378858,-1.15643925119869,4.654253075115006,-6.449265713057624,0.07839330956761359,6.260181170824029,-3.9289397574147387,4.1855679596121265,-0.349392395705592,5.562988978546245,1.4882157113671592
5.252069232627704,-7.967403583678609,-5.465723441952114,5.05018265506742,4.111901873559234,-8.58700076383174,14.51095319248369,-15.25549861045862,-15.600008986892352,-0.11726510159757851,11.795405495476924,8.47717554858092,1.6761186575099072,5.342138978304131,-0.09866041372725531,-1.8974726065841914,1.0691633054342176,7.06384402748255,1.606510181805438,6.193677763010925,-10.151930083145896,-0.9323526631528951,0.6227799317872229,-5.341645445127508,-1.0166157137457266,1.6601059926671402,-9.122293589341993,4.807942839284978,-0.2999951162821877,-1.2965859815230893,-4.5176267518806,-2.492523423625534,-3.3510646271501168,-2.3653457761752765,5.102944847444479,4.04102647050318,-14.019118839043688,-4.683811840796305,10.81454683786547,0.8555921373480555,5.901629501148186,12.613574861180421,11.443891921060507,3.2963735915324546,13.454072356145554,3.2448714319487433,-6.079009214139871,6.70060262482491,8.406035282045075,10.089603014249617
-4.7967583444164426,-5.840022937715391,0.8542210870669891,2.8897786388636484,6.917238144208589,-7.907290604505088,1.5534400437517772,-1.2707733695185113,-4.814754290623546,4.375172231642279,4.079218145215725,1.8452434835687093,3.84135653443571,-2.8357959064628555,-3.035750381038585,-8.734295102158164,4.481326383640274,5.371320009982422,14.708915617912592,12.544431022945147,-2.3120312035359625,-1.1612369093383732,-5.950615266754473,1.8160035693216166,1.5142541610767652,-9.122293589341993,9.897410100382519,12.2341587547836,4.935420113908024,11.232051243001688,1.9742506167250482,-6.972374046066295,-4.389339072263816,8.506343565372845,11.143236011280063,-7.342259044851799,-9.53871076329309,-0.808406883252438,1.144142957708754,0.8168424941440605,3.8914913485035365,6.423735659323791,8.54486714255341,4.277680496001112,2.4429664395993074,1.970592516740732,-8.35994202903073,-0.25539651154349463,7.15359763787877,12.073049655192467
4.488530274560615,13.64093310915539,4.42780162319619,-4.337755952782421,1.569079505918865,11.496028574258323,-3.3821155430022327,8.773397188485268,3.4924895021846822,2.530056217026741,-6.436616110357823,1.7566864077506876,6.030771633889575,-1.565079101055986,3.609743242794335,12.488185393812822,-1.8109263592169014,-1.92615560172069,-4.558120447796432,-2.761605480044879,18.707924023082654,0.2692833039345248,2.7808968671656147,-4.948134395720178,-17.43237665050475,4.807942839284976,12.234158754783602,8.251073011321658,7.066449741598552,-9.343240299792802,7.913531020133403,0.4214946315070788,-4.672297547179975,-16.575902148077898,6.990568580314825,14.628314636666316,2.990818617217373,11.306578043115637,3.8520824956291784,-1.1957417899500804,-7.960663793451406,-12.101161794465964,-5.89599040088941,2.032440456665828,4.878007385184842,-9.024387457761494,11.252238720481392,8.252562518016452,-8.01607413016661,-4.882876583945594
3.3325062099521294,-4.326158118528227,-0.16113482608431728,-1.3193090591044303,0.12875427163844588,4.39787064653886,-4.044624375703683,-1.8625111319403782,-1.9367368244379297,0.05696115302334227,-8.94232175048968,6.544966645267976,-0.29659693958017685,0.5461112410234243,-0.9047175745201967,-6.047245500061181,7.3031545766588035,0.06717991930725398,5.4828812322745275,0.15729150359207988,-7.70867852911707,-0.17445625648627083,1.9657361586605768,-0.24908835535807405,-7.833330038415636,-0.2999951162821879,4.935420113908024,7.066449741598552,3.962271489306091,3.8425832300134415,4.395738944211329,-0.5244041668348229,0.09034403364828947,-11.004654416327307,-2.875834232726291,-7.815317816276032,5.1817726528548755,-0.17328349565464252,2.4620120268303713,0.3096059344294273,1.9232708664572111,-0.05000260958557967,1.9081955771860004,-0.5037232798504216,-0.8718720633549817,6.858195677628694,7.111862709603187,0.0010590814882034394,3.656970143911221,0.8215906433965666
10.53871336228871,9.5220285039751,5.226535422571775,-9.050223312255234,0.18243915446400277,2.8977858826069247,2.637525777029979,1.5244153436571186,-2.686183735091025,-8.5070447493247,-0.5434345227787112,-4.398749206479959,-0.6532137720905666,0.46841027016768677,1.9945369784928197,8.31066938765632,-10.95727768183495,5.3289984606411105,-5.3367428145185585,-3.9446278232374876,7.575240493331783,0.3806293756809134,0.45152476350204207,9.027267245598312,0.3998341833005594,-1.296585981523089,11.232051243001688,-9.343240299792802,3.842583230013442,-3.855408070604625,11.819267379798132,8.461623948632788,1.9916469920943478,-7.415769986868545,-6.982061058364857,-1.010411145638192,11.068960783407677,19.36754177087029,-8.112083370457054,-0.3330123477756506,1.6319014147797637,-1.6462805732060017,-2.4341235514031916,5.437405796001727,0.5478918973515821,1.7047134998505364,8.324689703106223,-1.3462656204200765,-5.283851613157322,-7.02201963689682
-6.61134894937348,6.1959744346080114,-1.186666453101238,3.7357627032316945,5.084876853211834,-2.407737503395941,8.810419178648074,-7.1783835515337975,-3.4174302696506667,-5.998996096793058,-0.43612993667760813,13.844643575292123,-1.3221716736921776,0.45766364590002406,-10.98080738079178,-0.9628992239809786,-1.6763288253852462,-1.5944649141639644,3.263851664664683,5.722228588952424,-5.447376381230931,6.923081558349,-6.038524204554976,5.7428311345954155,1.223269603051193,-4.517626751880601,1.9742506167250486,7.913531020133404,4.395738944211329,11.819267379798134,5.265333571402087,0.8245739827336289,7.194031701893671,-0.8850838242872754,2.5983258028356304,-1.7989688564572897,-6.47220627230359,-11.366301138212581,9.796769462866473,0.44923526576247763,5.450681410868603,-8.809840330718629,-1.5772331926917023,-6.167783401279448,7.683980707602549,0.9738337959274403,-16.31633035248058,-0.4084117874810429,4.010558478321826,-1.4849573951250257
-6.710947177600762,2.5745024067230533,0.7641658079125937,5.0427411494094985,1.3551739350966212,-3.0534115351558366,-2.6725385439102203,-4.659757016695011,5.941113779012301,0.08300339239876897,-1.2792643695596386,-2.4746728304328265,0.4654100380004167,-0.40496064342888693,-2.5115482358659,-1.9335223600864613,6.002315893606438,0.011996181230031655,-4.075951836569078,0.2754554963427772,-4.06301599455513,-0.4705713514235308,-0.9266298690968033,0.07951637906042786,2.5506647697048144,-2.492523423625533,-6.972374046066295,0.42149463150707844,-0.5244041668348218,8.461623948632788,0.8245739827336294,5.240664038664175,-0.525843117754849,5.908556244970499,-6.392881162892318,-2.028678164924871,9.661296006869264,-2.110984081904951,1.161945742245088,-0.02893464718138583,0.03183110645365905,-5.5274734880166125,4.008924590817691,0.574119053815727,-2.876355772765042,1.8097802624433772,-5.978219716525714,0.7064694201091325,-0.5523259639560861,1.5591655722957594
-7.584746157361526,3.9472700563960124,0.2662476870354462,-0.3317497297632671,8.195415207897367,-0.7284858280763344,-2.912989710285883,-5.367331276022453,0.49290925629414883,-0.09554849279197944,-2.3889764550659844,6.228977783946987,-0.17494701903754573,0.2702785070502024,3.595203001602851,3.1122847889249394,2.7548210226096823,-0.1772767257783116,6.446678290353539,-1.1798500791505486,0.5024013750923371,0.31405577954735786,3.2655507113572084,-0.055060818556163627,8.602700309668526,-3.351064627150117,-4.389339072263816,-4.6722975471799755,0.09034403364828947,1.991646992094347,7.194031701893673,-0.5258431177548493,4.46803670128153,-0.1653591519166131,1.7671468102801207,2.2853189460360177,0.8166126941049772,0.7360442739797783,0.36162652233109177,0.12331666825442988,7.882748036242225,-5.84030457061272,-2.3529551124493406,0.4035675957543151,-2.1629257480482895,2.228630181512839,-3.1601311096202442,-0.14432495184226918,-3.71802443388027,3.3216195516744973
9.283283866596792,1.1959596030816972,4.753879691343532,-4.749981692983754,11.708413459812054,2.2221793490017614,-10.818039481469697,-7.2035781710153675,2.5371745041981373,-6.586668331070615,-11.408840073765441,-4.891839119788103,1.7160110577100798,-8.008855399529196,1.408324467234551,9.505128114782469,-8.550832799258792,5.309254735169986,0.581746744561343,1.2638434638025187,6.72429755877831,3.3623562483320395,16.50293981513844,-5.821618085910273,-8.221778229873488,-2.3653457761752774,8.506343565372845,-16.575902148077898,-11.004654416327307,-7.415769986868545,-0.8850838242872762,5.908556244970499,-0.16535915191661332,9.335613172446028,-10.643349782502563,12.331695020349176,1.9735951148157702,11.248134714939951,-2.3357501301777654,5.211444863174796,-9.157212100020688,-4.036800432104102,-15.242767681304,7.755871218759679,-13.351858493850427,-17.709835630300503,-8.988035570688139,8.111634245176983,-0.016725513450534413,6.023762646324048
6.150498823835151,9.25785036921933,1.197800856646378,-1.5136395035277057,-2.6524831953172896,-6.852864446163299,-10.916127160581611,13.381855271434894,14.789549413410764,1.3385757105284914,-3.3232957821348683,-4.7393245654648775,-6.9733579016768985,0.25860787109729455,0.6905413838583843,-5.653619852462208,-3.4153660647007924,-3.315698645133887,5.775328419409256,3.1649370359225966,9.274007359907692,2.8064764021757993,0.817203964416332,-0.26993869212599564,-11.841170266098308,5.10294484744448,11.143236011280063,6.990568580314825,-2.875834232726291,-6.982061058364857,2.5983258028356304,-6.392881162892318,1.7671468102801213,-10.643349782502563,8.955014287226012,13.829796448761297,-2.4271920821094524,4.443386730110297,5.065576513801333,-0.27305980385569883,-1.0446073110841536,-5.569866870034613,-11.783471337077941,-0.5830637270816019,-1.6497212343601864,-12.04612745877276,0.13843162152648317,-0.8581911348634208,-15.103394638331334,1.3817130933057478
0.6481550095180834,-6.555267613537831,-6.357383468942996,-1.6550781439814932,-3.3851199053436383,-15.011716435637714,7.078966250524724,-0.37347181487033076,-11.655055759299279,-1.8259370033194169,-5.006819030546616,5.46621733368335,2.063089205740615,-0.8556187653969155,-7.9431443797430905,-10.258920520704436,8.556411268750134,-0.49172989378106724,4.1996689473654865,3.4628523716281605,-7.954801667055731,-3.8562047627437694,0.8148435052898573,2.4724999690188914,8.138897373259281,4.04102647050318,-7.342259044851801,14.628314636666316,-7.815317816276031,-1.0104111456381935,-1.7989688564572894,-2.028678164924873,2.2853189460360177,12.331695020349176,13.829796448761297,-1.5573091710149054,-7.063723131291319,-4.181584116451864,5.800255007436077,-2.599148510197892,3.307987580661729,13.201423207385842,2.173799757415887,3.0750785359051496,8.730788898620743,5.292489094305315,-4.887533083271468,-4.212379529317365,6.880533283276164,3.4903838711327255
-9.39535793970341,-7.907237915311468,-1.7419794296500102,9.401587502613388,1.940805713064227,-12.649008644430557,-2.0616030026687313,-7.065567064615819,-0.5825492986073059,-5.949934001402168,-3.2226827232275452,11.248255751323455,5.368980027603384,4.310946950935245,-2.662346956772234,-3.4336725278023073,-1.3734122201824408,3.814390518615083,9.302796210122363,-0.7245213313081097,2.1233157712698567,0.21451605207604701,-3.324906657715969,3.2174196159042032,0.8573056731467205,-14.019118839043688,-9.53871076329309,2.990818617217374,5.1817726528548755,11.068960783407677,-6.472206272303589,9.661296006869266,0.8166126941049776,1.973595114815769,-2.427192082109452,-7.06372313129132,-6.037708036875891,1.6252464598232703,4.206224444447054,3.2919766100502734,10.70032581714647,2.4566481951881425,10.598577463529509,-5.148662095500067,4.8216429234269995,-2.118547482523951,-4.718910412134144,-6.811200154579863,7.310619798061687,-1.716100216828192
-9.972491986555449,-17.018651432300203,2.1693801020531502,0.33078999773604245,4.357981623327422,-3.8373040062492674,-1.0009332273316405,-3.926204078619263,0.8016668174828279,-1.9748300976216235,-6.262833714587197,3.657821963897505,-3.6823461895286655,-5.64710611822106,-2.272699456792973,-9.827354570731982,3.174200181354122,-4.73462096933883,-1.984456480566383,-1.8975190679075074,-3.6929698341990504,-4.268685853679317,-8.44665034773195,-7.826584785694105,4.177273791936377,-4.683811840796305,-0.8084068832524377,11.306578043115637,-0.17328349565464207,19.36754177087029,-11.366301138212581,-2.1109840819049506,0.7360442739797786,11.248134714939951,4.443386730110298,-4.181584116451865,1.6252464598232714,-4.925715433838219,-3.8393241049260287,2.3666243016642774,-1.57434017682739,-1.1015543876611087,10.450236793410852,8.459210869095376,15.241317741671965,-8.857587468801997,0.3885923862614079,0.3543316363679314,2.276342355008323,-0.9463984972004383
4.633232138344766,6.043070949681388,-7.048546596041394,-1.9751099881098333,11.103879426522855,12.032594726976281,-2.599445119098701,4.060091882693874,4.260798201840315,1.5207163812408226,-6.88331222506655,-3.8962040568782443,3.35267056663423,-0.859400199105754,4.8179766190428355,12.234519683230186,-15.284423614835868,-6.743116716861492,5.107590975594302,-11.750138113195044,3.4672377012971176,-3.9847018440519193,-0.5236985243758869,8.317411225899432,8.972777080101816,10.81454683786547,1.144142957708755,3.852082495629179,2.4620120268303713,-8.112083370457054,9.796769462866473,1.1619457422450874,0.3616265223310913,-2.3357501301777654,5.065576513801333,5.800255007436076,4.206224444447055,-3.839324104926029,-10.307280400773132,-9.30871812584369,-1.9359943414970173,-13.945861297821104,-14.060377338567331,-5.529047316278298,2.0556575987959276,-14.44129177294999,7.2260227993162705,-0.01796736484729644,-7.616816580531942,-2.589858936954245
-3.265048375277264,1.417547699760476,-0.060734225614609394,-0.2198305288149952,-0.35578995867287544,5.098442778097165,-0.11356316246313519,2.2780398519600658,-6.557754788613705,1.3052954078263506,-4.707504020662015,2.3406959254483923,-0.29443189838363804,-0.9049118771333461,0.5034497773127495,-5.382998541098697,1.8608131126918823,-0.12111056120827612,-1.3488504694179577,-0.4018409792785559,1.3155993802295285,-0.5313410626011998,-8.611188325310762,-0.5291774272382377,-2.2426208536378844,0.8555921373480557,0.8168424941440596,-1.1957417899500802,0.3096059344294262,-0.33301234777565214,0.4492352657624775,-0.028934647181386337,0.12331666825443022,5.211444863174797,-0.27305980385569995,-2.5991485101978924,3.2919766100502734,2.3666243016642774,-9.30871812584369,5.248834639791834,6.813251024938584,-1.5997477783139058,-8.848339853598182,0.06004127642405288,-9.28854269305778,5.952139148237847,1.086748978528476,-0.28741783298345536,4.917497019161582,-3.09598031626483
10.755009560392523,15.758982864415328,6.759699429795568,-5.621663246679246,-9.474482363007594,15.273197872851766,-3.559088003080652,7.391348557671669,12.766304517907422,1.2262656809097467,-4.834629298836367,-5.272113028535685,-6.073945428958432,5.05949373243349,-0.652477759004819,0.02708201432226559,-0.6815916830607114,4.4139837045847,-8.747392194402893,0.04115965383639664,4.208578628936311,-1.6327860109763919,5.580611688633045,0.8515992472689363,-1.1564392511986905,5.901629501148185,3.8914913485035356,-7.960663793451406,1.9232708664572113,1.631901414779764,5.450681410868603,0.031831106453659386,7.882748036242225,-9.157212100020688,-1.0446073110841545,3.307987580661729,10.70032581714647,-1.5743401768273904,-1.935994341497018,6.813251024938584,4.020108631447896,-7.7840709069099425,-4.050612730922147,-2.27537109192715,-7.757709583306219,-1.9949529499739618,14.633633255026467,-0.08484720786431166,0.5245925014365762,-11.377421124294445
1.9414356048807506,11.123229767876216,2.7616411378073953,-5.675154338951329,10.102731267561625,-1.8918584802535825,1.6930497612786046,-1.3396076958835654,1.8988420489122508,2.305864627254451,-7.006779086253171,3.051852941996602,6.749475927431826,-2.288000330009804,-5.278310825549129,-5.000294327787625,-4.789698738003741,-4.218887703438506,-5.561196208059452,-1.0196534452670956,-2.0892655399611066,0.7232900849762709,10.584935858797834,0.5994299295494936,4.654253075115006,12.61357486118042,6.42373565932379,-12.101161794465963,-0.05000260958557945,-1.646280573206001,-8.809840330718629,-5.527473488016612,-5.84030457061272,-4.036800432104103,-5.569866870034612,13.201423207385844,2.4566481951881416,-1.1015543876611085,-13.945861297821104,-1.5997477783139054,-7.7840709069099425,2.3712060358644873,-4.844884441148781,5.61510859575592,0.8471104186685815,-7.237418631673171,1.8166505830775175,-0.5133070883730222,-6.347635652255715,-1.9385493986991862
4.177509335520943,-6.527178832446133,-0.8186815316714682,7.610277976950525,-2.249151577186992,1.2336829101732503,-1.4989325517855654,4.955334375364153,3.404734140115854,-4.123653329037173,-9.820214479310996,-10.074331164939922,-0.3991835723583792,6.448794437105993,-0.05973934567660372,-0.5200824545220684,-1.925881631278612,2.706140366239109,3.5014983461709805,-12.218093481186958,14.670895137474979,-2.5179519357451703,5.539170861890862,1.9146210755130928,-6.449265713057624,11.443891921060507,8.54486714255341,-5.895990400889409,1.9081955771860009,-2.434123551403191,-1.5772331926917031,4.008924590817691,-2.35295511244934,-15.242767681304,-11.78347133707794,2.173799757415887,10.598577463529509,10.450236793410852,-14.060377338567331,-8.848339853598182,-4.050612730922147,-4.84488444114878,3.911687232739518,-1.5636170706859363,-0.7171779437140131,-13.393382660006269,-8.20991498588111,6.186857115156553,-4.386408081573192,-5.979387564033639
1.7178521182344066,1.3398048258503943,0.027485999960556007,-1.7450807027202941,-3.6127103124075237,-3.99359928255355,7.836544180161827,0.052576291351371984,2.4609212648203203,0.16523348331533005,-7.732847623410761,-5.433968405036368,-1.007278364103985,0.5817961152472613,-3.783481057993341,-3.6623674794787258,-1.8596428297863066,0.3432628942259395,4.342057468428297,-0.912341787928919,8.777878943742458,0.6664154684140935,-4.905431379266037,-0.06132252481781064,0.07839330956761303,3.2963735915324532,4.277680496001113,2.0324404566658276,-0.5037232798504212,5.437405796001727,-6.167783401279447,0.5741190538157281,0.403567595754315,7.755871218759678,-0.5830637270816026,3.075078535905149,-5.148662095500068,8.459210869095376,-5.529047316278298,0.060041276424053214,-2.2753710919271506,5.61510859575592,-1.563617070685936,5.577359050647184,5.283802710675644,-4.459254547536352,-3.4545820984742033,-0.42699580078202126,-6.905364674837289,5.557819543969511
2.9184550027060303,0.8223197419294601,6.726297953790021,-7.001078050631439,12.132805529116125,3.51829634551293,-8.169208922650105,10.54505258587755,12.45367729948812,-0.5856597140693427,-10.89677842731994,-7.7348935036535105,2.7174053775756826,1.7892650530951768,10.229675101179406,1.371670371744164,-3.3147168907225484,-7.582965870475951,-7.871154387502551,-8.14518047087611,3.1953101342581838,-0.6901907115852834,8.042230218185164,-2.753905107667871,6.26018117082403,13.454072356145554,2.442966439599307,4.878007385184842,-0.8718720633549806,0.547891897351582,7.683980707602549,-2.8763557727650424,-2.162925748048289,-13.351858493850427,-1.6497212343601866,8.730788898620743,4.8216429234269995,15.241317741671963,2.0556575987959285,-9.288542693057781,-7.757709583306219,0.8471104186685816,-0.7171779437140142,5.283802710675646,10.233009676258959,-7.049511269962719,8.272310399204502,0.8078734894074386,-8.565281910904503,-3.8723173522237575
16.79475858156585,8.63298941360174,4.956415959996713,-4.2302275160778775,-1.568629583712014,8.83234323310162,-1.3943972190961509,5.6088794177660635,-1.4594854045971872,3.1115630472543163,-0.7992914864288434,-17.949072875668342,4.961933785647733,3.75623131776969,10.067760331422805,-1.261334840039027,-12.303861038296466,-3.597919580989022,-6.197247842655386,-5.597461899099412,3.3605361529608757,2.4955535002074454,3.3739649554507243,0.7097086237027075,-3.928939757414739,3.2448714319487433,1.9705925167407314,-9.024387457761494,6.858195677628695,1.7047134998505369,0.9738337959274406,1.8097802624433759,2.2286301815128393,-17.709835630300503,-12.04612745877276,5.292489094305315,-2.1185474825239505,-8.857587468801995,-14.44129177294999,5.952139148237846,-1.994952949973963,-7.237418631673171,-13.39338266000627,-4.459254547536351,-7.049511269962718,7.906895505050369,6.7923814339703705,-0.4002078579713978,-6.291131787360381,6.389466296213331
7.265691749480476,-9.628862849244836,-2.78736486648074,6.353448200808069,-4.241150652893501,-15.612693549253873,9.010313516183661,3.9157382758833954,-1.2234541477156662,-2.190144264514577,7.832322951869969,-4.94259239200832,2.713738222780235,-1.9370516486150489,5.654048920513748,-3.854573223214116,-0.41142537096087284,-7.920583949875459,-0.34798610349335224,11.406753545562836,8.131015756701276,-2.082649591392142,-9.172440246234673,-1.449248140332684,4.185567959612126,-6.079009214139871,-8.35994202903073,11.252238720481394,7.111862709603187,8.324689703106225,-16.31633035248058,-5.978219716525714,-3.160131109620245,-8.988035570688139,0.1384316215264818,-4.887533083271469,-4.718910412134144,0.38859238626140813,7.2260227993162705,1.0867489785284759,14.633633255026469,1.8166505830775175,-8.20991498588111,-3.4545820984742037,8.272310399204502,6.79238143397037,-0.44553716739359217,-0.051085623749603404,-6.781941737878573,1.0594439609562605
0.49953375734950045,5.667395347179256,-0.4947703324252707,0.42384074610745825,-3.2249511512363145,-2.7306259308429315,5.152030088873424,6.29584197932551,-0.4613116769770295,-0.39832965912331875,5.179629625173015,-5.189321001513036,0.6682547574933205,-0.4277668779368343,4.392748514467387,3.90882863386604,-3.822145607146984,-0.2499060324182122,2.4163724766636183,-1.760333468537513,4.52644590553987,0.5159594184531794,-7.636571580615749,0.3376697356314826,-0.3493923957055919,6.70060262482491,-0.25539651154349485,8.252562518016454,0.0010590814882041055,-1.3462656204200771,-0.4084117874810418,0.7064694201091317,-0.1443249518422689,8.111634245176981,-0.8581911348634206,-4.212379529317365,-6.811200154579865,0.35433163636793064,-0.017967364847296274,-0.2874178329834561,-0.08484720786431099,-0.5133070883730216,6.186857115156553,-0.4269958007820208,0.8078734894074384,-0.4002078579713978,-0.051085623749603126,5.377049785232051,-0.4183172155688578,3.065460319741967
1.2814794819211672,5.948820649970659,-7.843390356283191,-12.670735284007705,5.070996170903418,7.971290665740842,-11.95188420830683,14.031855334943085,15.43701945535005,1.2968771569531128,-4.239558752197511,-20.272427917417403,-3.778557623610958,2.2410761822353487,8.304249140725467,-1.0919898709830702,1.4481787606502787,0.4534967408999049,-3.505896155334902,-1.6042503799430312,9.663988624218499,-1.5240323007597805,3.312700760893164,3.702876160906165,5.562988978546245,8.406035282045075,7.153597637878769,-8.016074130166611,3.6569701439112205,-5.283851613157322,4.010558478321825,-0.5523259639560865,-3.7180244338802706,-0.016725513450534857,-15.103394638331334,6.880533283276163,7.310619798061686,2.2763423550083237,-7.61681658053194,4.917497019161582,0.524592501436576,-6.347635652255716,-4.386408081573192,-6.905364674837287,-8.565281910904503,-6.291131787360381,-6.781941737878573,-0.4183172155688577,-2.3978202510417317,-10.463825507794708
-3.7790037054225403,8.060574710049094,2.7756802639031957,-12.759414343898948,-0.819949843079027,3.841999932461585,-7.748481783916539,2.104992839812217,10.422225318811298,-7.458110165505828,-8.98512165121533,-7.069172126916114,1.860712993454788,-4.954889758097419,16.61928190411697,11.344993378246148,-9.419159861281653,-2.960395747707872,-9.776448068003788,-2.370695487429624,-8.900576806889623,-1.1969308252765058,8.524215411601466,-3.0588030628240355,1.4882157113671597,10.089603014249617,12.073049655192468,-4.882876583945594,0.8215906433965668,-7.022019636896822,-1.4849573951250257,1.5591655722957585,3.3216195516744973,6.023762646324049,1.381713093305748,3.4903838711327255,-1.7161002168281918,-0.9463984972004386,-2.5898589369542453,-3.09598031626483,-11.377421124294445,-1.9385493986991857,-5.9793875640336385,5.55781954396951,-3.872317352223756,6.38946629621333,1.0594439609562605,3.065460319741967,-10.463825507794708,8.405661764344119
