n
50
c
123.27043171480135 -153.8510093343516 -17.202126595530395 -205.04749227093353 -123.92522154619628 -198.57994825133488 143.33512442885885 -166.26805542889394 -6.924707226400871 -33.19822632368454 176.77830374139623 -34.07362031427404 -101.25071023536454 -161.0982128600495 -8.47604604450645 2.5440572633383827 -172.11428674150352 -164.28103690423796 15.406207832308727 -166.9842679402007 -111.05270037187903 -18.436917475744064 -6.237739315193988 176.93222144386908 -16.887806790301205 174.3434161798744 -168.2738092321505 -195.33353647708333 -173.4844617400999 148.25028915836717 166.60001155090777 3.083839052538356 -143.17450194925723 -12.258987701395366 101.37664009819458 -173.57814703548445 -195.7199042386175 1.3967447448993648 143.6234590369857 -11.310609623590773 13.87286513312896 9.901321137014941 -14.90721928881542 178.5588609049034 -183.3707545050763 152.59424567401751 -186.1654855861839 1.8165213124963748 139.3022989680587 -198.94362441976807
Q
-7.981489236674503,6.147580889036038,-7.231666937856485,8.562191083362972,9.708206023835537,15.874531518334452,-9.881202414644816,7.0822762570872095,-1.9415309144017998,1.1562813614597782,-8.330856922830424,-5.185590938747137,14.136056737953467,2.905052882978801,1.0355015980330273,-3.395908873665013,0.9396594317487511,-1.751378633049159,2.583313040438169,6.683554791341064,2.227966429856574,0.8169206018388986,-5.319586615910366,-12.444807172777562,9.258585947112069,-13.998886175157953,10.520353780375,7.081884311806243,-0.24784020208884994,-7.667450187147946,-6.847048886877575,5.705923774051491,9.903336272629733,-4.964374127036635,-2.594208764857572,-3.1352053336140973,8.70992071035589,0.4681272558554114,-0.8533404166817831,3.161900153962244,-3.9831401424761763,4.787465753374068,1.934680986347328,-9.861206668084293,7.146380016155672,2.813116629113325,6.776764566511357,1.9540353496962324,0.5741142665371652,7.444644788456845
6.147580889036039,11.048037931124286,-5.8618995918047245,-8.19235993582868,-8.966239185458717,-3.4828072575585964,7.283814209941035,-2.6066102248452765,-1.285098453952569,-2.3714296086821163,12.193122992754471,-2.9934055135138102,-2.5723252303496023,-0.8085634809206328,1.914086327095545,-0.8073820919022859,-11.10394199060168,1.744575723429513,0.22937026699607574,-8.70149317653926,-0.8956126780527695,-1.8106945719569505,5.7796787299311685,7.347530582553329,-5.420681969577062,5.874180511747335,0.5965525385958146,-13.325846680978334,-8.892004880399577,12.546043650361234,6.072574795454788,-6.742035574103244,1.706342718127098,6.446069983847565,-2.937661467287942,-9.79689979364577,6.037246104537031,5.524214743898478,0.9131992862939168,5.066123296202919,-4.151049595803437,1.7737188242725044,-1.2741597095699655,11.305887963664441,-16.36979700712496,8.453930480193723,-16.858245227079802,-10.245611415191306,7.842198903721537,-1.6936284779038364
-7.2316669378564855,-5.8618995918047245,4.066393334848996,5.255476904667523,-6.0136339374747845,-5.957244410929618,2.90315230181966,5.023476057862596,-0.7557422886026646,0.36531672364957274,-0.8292631288609871,-0.21235379618287764,-0.6394061099664783,2.6809967845457887,-0.865926693004262,0.4236704098254974,2.9976356699448194,6.484689160070651,-0.2573885083460776,2.745308866913781,-4.376385660852442,-0.17678490202457087,0.03128574896519598,5.977484757897447,0.37199324535325096,-5.12075493957712,-1.6277174359419657,-3.741847198572804,2.028923923963726,2.4526266030661033,-0.09952814163960622,0.19550863413543446,6.976450531819436,0.6818805789945894,4.723629099377553,1.4474388907723794,1.1241663510459081,-0.27073879763257624,9.135700220228031,0.009763283144294865,0.6041461637448041,0.7413247659072265,-0.05981544300301633,-4.201467563607223,4.079744605965928,-1.1601784519013942,0.18544276225960687,-0.48255817151481517,-1.289394210171392,2.24604576937415
8.562191083362974,-8.19235993582868,5.255476904667523,2.432693493484944,-0.46749927993553164,-7.251666808433628,9.262999961366676,-6.842047127978374,8.542931210776478,5.869583262072602,-0.5355708635801778,4.520306712756221,-5.164678792579825,0.27962547059986154,-0.14235202796714252,0.8438219444034618,5.1230370638845795,-9.249787665808306,-6.174291193125192,-11.139756412192783,-9.643731092334388,-1.4347853817611456,-3.426165514849436,1.4082773023015194,9.110309015497533,9.563319681032713,-1.2102335845583743,5.006737745145301,-8.279835612483161,15.189887041890174,-3.388234198475528,0.49713079754203576,-2.290718901823753,0.6026445732220007,6.610423315196235,-11.028870702840212,-4.42609258812479,6.8374109684112785,16.520088850724548,7.587698648747678,4.181864431118757,-4.709656420951009,3.9845904204505165,9.183906199866833,2.240179068711816,9.83967792233235,-12.477980157297367,-7.323609377725685,-3.036867045588184,-0.2394732643430459
9.708206023835537,-8.966239185458717,-6.0136339374747845,-0.467499279935531,-7.6157371497134125,-10.970526351401352,6.5819911295633835,-2.2079369093654755,-1.1587690995616673,0.7467089166245029,-6.156091576126411,1.8825480022682204,0.9409393547106306,-8.907957837825858,1.8778402569787582,-2.6405338553876665,-7.390349267092658,8.069612667571748,5.603662879363943,-14.3902395201697,-3.5237256729356785,3.285278042961474,5.191798332179153,6.48504177400377,7.638690991213447,-0.9269938313728258,-16.230766605647148,-1.385014911910809,-5.830853899535601,8.987186979989655,7.74409072040535,-6.9779543858495705,-11.753632144360404,7.847585192680622,-0.978745681405466,-5.75715034868007,-0.4069920881841045,0.5730943816966247,6.15366567728346,-4.960893661256472,-4.674457874342473,-7.8848923945005875,-2.04408512566475,6.916858879867801,-10.00448843459498,8.052027557061463,-7.633933118264526,9.627704781235996,12.866299156176899,-7.4322368269319
15.874531518334452,-3.4828072575585955,-5.957244410929618,-7.251666808433629,-10.97052635140135,-5.7739911407430915,4.930342600726747,-16.07026578710216,-5.0946692261268725,6.951590315244214,4.333014966054654,1.984334915098641,-12.372279260525628,1.4943401076051175,5.560912643716085,0.7141915737053395,-0.4503500516564457,-5.532200043616136,1.9970918412486771,-10.243291520731564,-2.865663516844008,3.3624595742529317,-0.45870093147909907,8.242118550617889,0.19823465793190032,1.23618257078396,-11.738283304738257,-2.5677352588618363,-4.471388777057008,9.883449569434237,5.808990643172885,0.2375747373974615,7.41435912865934,-1.9245706836920848,0.791092521873024,3.013870852039843,2.815574139254656,-7.001045094179209,4.175499048273356,1.2749292585696756,7.3035508969751595,-2.3535825170338094,7.290979621767569,2.5994024401450737,-3.876695459729458,5.224927387538775,5.6973358657928435,1.0670913900001018,10.17567964985928,-9.814589399454674
-9.88120241464482,7.283814209941037,2.903152301819659,9.262999961366674,6.581991129563384,4.930342600726747,1.110363849501259,10.685544552196065,2.048915668120962,-2.321048480529029,-10.41507175210655,4.715405768353077,7.0548388042677255,3.3484864311426454,6.461282510890314,1.6535235302923061,-1.7633647596678665,-7.708539435409749,-0.9968382516318148,-4.862678441352694,10.076748002417627,-5.776685180547207,0.25006064015768725,-1.3813169236223946,-3.117436018008888,-6.346478087803355,7.853347678902246,7.572489663932093,6.790781831500411,-16.11445924942962,-1.8405950656745336,1.7184971863901637,12.684011286538375,-9.943979600752325,-7.507452406523633,5.708126546044123,8.513152616179898,-2.7356146230794427,-0.250561581237303,5.953291589728832,2.539679615360165,1.3856411166251164,0.07930074289896488,0.4393413865879603,8.522706506090344,3.7802870609079466,4.8537314819790565,-0.24922194185394603,-7.390751078687022,5.1415581045771095
7.0822762570872095,-2.6066102248452765,5.023476057862596,-6.842047127978374,-2.207936909365477,-16.07026578710216,10.685544552196063,-10.27526840214805,0.2427665367796527,6.517065818732016,7.657621575030127,4.352381738654288,-6.525233805911569,3.7179614988368055,-1.124915361374733,-6.4370350637411855,2.022707650090044,0.7207062766608654,-3.51288732621805,-11.81497294920735,-7.077335521617311,2.0522505677529637,4.278695623577964,-2.635330896110842,-6.000515890229312,7.114027602377619,-6.6106635600777235,-3.7458987981328997,6.957642607461674,10.097723782999278,6.828976865506314,-3.0491073471003856,-14.640299571765386,-3.154836456798591,15.766511538175786,5.4234483419478225,-17.25343260212299,-7.028700339364622,12.16353006180298,-5.366128601585135,-1.7755120026905367,-0.5679622310692181,2.523389168368388,-2.32424233042165,-8.980047135966151,3.200751377312746,-5.973025617929016,-4.1840627871707685,2.970522774147967,-1.1020728495574974
-1.9415309144017991,-1.2850984539525685,-0.7557422886026656,8.54293121077648,-1.1587690995616677,-5.0946692261268725,2.048915668120961,0.24276653677965276,4.071921421858763,0.5043431836401253,-5.3836676422323455,-0.6642319696715845,-0.42734594707294793,-2.9614448456497646,-0.006061584769637807,-0.11662623775858127,-4.538816075661591,-2.920301320970733,-0.3857998058178847,3.122139444397587,-2.003490109800068,-0.08270488716881373,-0.4269952519788476,4.275734621279782,0.048844624223204236,3.5242794468395315,0.37325057393688665,-1.9696383899547558,7.008586176801493,2.0303299395778556,7.634161067358005,-0.2533453764303635,1.2123601790474006,-0.025790133192157505,-2.2194100788788997,3.1343742587135206,1.2121522164426672,-0.11079097476549038,4.455335060882501,-0.3451786110992272,-0.14125027087638792,-0.8842299685936287,0.6376884514995182,-1.990858796584145,6.9801420001316385,-6.721031981747522,-1.543947468553346,-0.41895012093925976,-1.2555121505116678,-3.1261378869376264
1.1562813614597778,-2.371429608682116,0.3653167236495728,5.869583262072603,0.7467089166245025,6.951590315244214,-2.3210484805290275,6.517065818732017,0.5043431836401255,4.559578796408198,4.7615593083225045,0.16004980054471385,4.143218803976534,6.245987354448022,-0.2288683543969542,-0.4470481938801198,-3.8237555668012098,-7.594155861197697,-0.15645091971236935,2.6053328617989453,-3.075830095800656,-0.447263391000346,0.018200168743328193,1.0392290313833055,0.6521688608422627,-5.821709709496143,5.9597810753886185,4.322646653292679,4.125323443543435,-4.202302037614119,3.0178734607295206,0.1543563680879747,0.06915727450386155,-0.0065273889208168345,0.09100347481354729,-3.5008454255284387,2.7366924637911567,-0.23466575822393143,-9.644734548052933,0.10896464782003892,0.22184650757115898,-0.19398938941718802,0.023992038078691394,-1.2179565915398602,6.001410546191731,3.906929492500791,-4.182060089672452,-0.48368140979385066,4.118604542326365,-2.211796732182768
-8.330856922830424,12.193122992754471,-0.8292631288609877,-0.5355708635801775,-6.1560915761264114,4.333014966054655,-10.41507175210655,7.657621575030126,-5.383667642232345,4.761559308322505,-8.306311712810256,-4.725647847895062,-5.301856108207362,2.608236162791594,1.3446868874705824,5.134180810886086,2.3229208137723094,5.043393645129807,-4.742537772847293,2.7246257399954565,8.443829438551393,3.2442458018696456,-2.7453675390351817,0.436125472501257,-4.339327670439382,-10.511898987774975,-1.595230252709113,4.483944715075738,-3.1586942485335547,-17.476066590798794,-12.052280609050962,2.6434511851867666,7.6586740002565,1.4104048683389607,1.4037970352876332,8.081214750572036,9.814530117702507,8.073937587034678,-3.511084909674079,-1.6910889161868108,1.5566550563302055,-0.05564416114368198,3.899425720738976,0.1844376337189172,9.655187407537168,5.145900848047368,1.1910454622712974,-7.932605803054978,-5.397411116126382,6.684837242889023
-5.185590938747137,-2.993405513513811,-0.21235379618287653,4.520306712756222,1.8825480022682186,1.9843349150986407,4.715405768353079,4.352381738654287,-0.6642319696715845,0.16004980054471393,-4.725647847895063,5.577235704597137,4.671053349505083,-5.227652440408041,-0.013195907439601084,-0.13711841505930383,3.2272298893864013,-0.4664005584050317,-0.08541924213354565,1.3106804290603944,5.2246342907181385,-0.06149630611166157,0.4353070300569448,-0.23740753329157943,-0.1002656025582076,0.37009883475903754,5.219125320078619,-6.187441601877343,7.49276390093587,0.49853189962475775,7.292741468427638,-0.003739399467976162,9.466305576944016,0.2537944593487079,4.993165370735229,3.114125703843169,-4.995714252510431,-0.11918837178636767,-7.023172051570857,0.02377756312423429,0.08668811922214481,0.09270407159643537,-0.5003447175025288,-4.091466462269046,-5.586846778331763,-1.4423339000087905,0.6770792990846579,-0.7228575438351231,1.8812618938818466,2.4603021002612704
14.136056737953469,-2.5723252303496014,-0.6394061099664774,-5.164678792579826,0.9409393547106307,-12.372279260525628,7.054838804267727,-6.525233805911568,-0.4273459470729468,4.143218803976534,-5.301856108207361,4.671053349505081,6.281806450395855,-2.9634457825176757,3.304525943836784,-6.421598204237017,-6.805060665352041,-2.7248708089406257,-5.256960290597455,-12.181586091986105,-10.190560541683656,4.840206308889621,-2.813093663104162,8.40035437462481,4.610586000623287,6.8118974195140956,-1.5630284110676471,-10.471357333534923,-17.220187695075534,8.705470163182436,5.0973947238612,-9.17861542799026,-9.716853451810184,-10.223029127598874,6.840075601296327,-5.948052618170977,-8.27870770796717,-2.2261366867591046,11.730956686387472,1.8392961792789437,2.961940609467405,-3.2645119290586626,-3.224521944254926,-4.188462441057287,-0.12747329761342185,3.575674652549476,-9.418416747232005,-2.7894279397718553,3.868588795867028,-1.7020930512859576
2.905052882978801,-0.8085634809206322,2.680996784545789,0.27962547059986,-8.907957837825858,1.4943401076051177,3.3484864311426454,3.717961498836806,-2.961444845649764,6.245987354448023,2.6082361627915933,-5.22765244040804,-2.9634457825176757,-6.144203494352515,-4.626541536968492,3.9806449987474966,-2.1407159558393465,-9.021441065095981,4.584224862777036,-9.043036950837868,-1.5489759864792672,7.932625809500425,1.0232472560780719,6.076491674781133,0.6906294696286867,0.3617265447108673,-7.39489379178338,-9.015940684062924,-7.399940508796837,5.784791495054241,8.849344726680457,-1.0309337471852889,2.079772852440338,-1.0642306301645776,5.458722564000341,-10.615023418536786,-1.3714742777834439,-8.345554037613095,10.57524834130456,-6.531742182358216,0.7386241855339684,3.095085849576283,1.3192122926162606,17.543910796039015,0.3326473365881184,0.035239580686701855,-1.5482481991763672,6.2579200130169665,6.530408555481631,-5.635052091727023
1.0355015980330269,1.9140863270955446,-0.8659266930042623,-0.1423520279671424,1.8778402569787582,5.560912643716084,6.461282510890314,-1.1249153613747336,-0.006061584769637973,-0.22886835439695388,1.344686887470583,-0.013195907439601195,3.3045259438367847,-4.626541536968492,4.4673091227407635,0.07152804965192006,1.2136018113679414,1.7579065423363265,-0.17743061078928063,5.377369235813597,1.0735167343253682,-0.6388680140071642,-0.25385988434739537,-3.867056241665128,-0.18582952753307125,-6.732177827414734,-6.289120745561546,0.49459119073426683,1.9762965360417275,2.484945180598011,-1.0839805200908015,0.18512427577259616,-4.014321392229512,0.3179114575233378,1.0137238900724592,-2.9341559594262385,-1.2838601292283005,0.19971776297734806,2.0311844473849128,-0.7578007554949859,-0.16253630289757548,-0.060487038605536,0.2627132246845681,6.784098191266134,3.805164741698912,-5.161878372921554,-0.19382601876571925,0.4822251681288957,-5.911382356976596,-0.46310354106049106
-3.3959088736650136,-0.8073820919022857,0.4236704098254964,0.843821944403463,-2.6405338553876656,0.7141915737053385,1.6535235302923055,-6.437035063741186,-0.11662623775858183,-0.4470481938801203,5.134180810886086,-0.13711841505930322,-6.421598204237017,3.980644998747497,0.07152804965191994,4.342066109109478,-1.8813097675813504,5.227961856125468,-0.6525932732732058,1.0949786611210872,-0.19404983588044242,-0.05023122937095248,-0.3892775918964423,-1.7923225799176896,-0.7951914219422989,3.4473596833733064,-3.5404637960211107,3.6463038214639036,1.884425995811224,7.136926614015249,-5.663756522759799,-0.9139482885099919,2.1515498954785595,-0.15969102531543977,0.23933740998496753,-6.15116528427672,0.6065328930139695,-0.2798318786066566,-6.958025457819203,-0.15465635308045778,0.18030159395607634,0.4185555063380357,0.5785658326303255,-0.13415006725173817,2.2120198105577016,8.746452297824392,1.990346675061039,0.0918060025987962,5.532019436958453,-0.17781537949312085
0.9396594317487501,-11.103941990601681,2.99763566994482,5.12303706388458,-7.390349267092658,-0.45035005165644604,-1.7633647596678663,2.0227076500900445,-4.538816075661592,-3.82375556680121,2.3229208137723107,3.227229889386401,-6.805060665352041,-2.140715955839346,1.2136018113679412,-1.8813097675813506,-11.90428392485872,-14.9108614802755,-7.829609214666514,-2.1147981018326742,-10.245852127262985,-3.545502223810206,5.975994564088826,6.304420467570597,8.465222675958872,12.163357003118932,-0.7044642188823633,-2.1150912211373396,-5.84287413365757,-0.20284151067852518,1.3384105893784533,-1.2213027203701716,-9.219928129124394,-1.9290865256429415,0.41746043213241935,-17.679353843380536,-11.11796808050783,-6.225687311203336,7.919347504431975,8.494813225315408,2.008092409567544,2.1997263706637202,-3.387206291150658,2.5056139199333476,-6.570531697361062,-7.726111292163968,-7.159063804037748,1.0171780373611166,6.269612246802901,0.5794517333248548
-1.7513786330491579,1.744575723429513,6.484689160070652,-9.249787665808306,8.069612667571748,-5.532200043616136,-7.708539435409748,0.7207062766608674,-2.920301320970733,-7.594155861197697,5.043393645129807,-0.4664005584050315,-2.7248708089406275,-9.021441065095981,1.7579065423363256,5.227961856125466,-14.910861480275498,3.0579498641440255,1.6067135423105592,-0.04524211507957698,-3.7050425424283646,-9.823296959009996,-0.6648452069411965,2.124465378331308,-3.207932446344635,-0.16418213454920572,5.363972269634155,-8.54552285416234,-5.444912628331406,3.1317802496209506,13.93402103359363,3.6139047069563244,5.911727044435366,8.610332771313285,-1.7263118989937811,-19.303876920672614,-0.4110448945382728,2.8137551096437825,10.636131764178728,-0.350324512785122,-2.4875161938401043,3.8471197827472032,2.367829833978056,4.183461840666294,-9.189257279123503,0.9480410184180494,-12.211834829158635,0.47162115457296794,5.317934588945157,-6.9617507771151725
2.5833130404381692,0.22937026699607466,-0.25738850834607685,-6.174291193125192,5.603662879363944,1.9970918412486773,-0.9968382516318135,-3.512887326218049,-0.3857998058178851,-0.1564509197123698,-4.742537772847293,-0.08541924213354724,-5.256960290597453,4.584224862777037,-0.17743061078927885,-0.6525932732732052,-7.829609214666514,1.6067135423105594,5.343073755564015,1.1303296424620015,5.005165771858627,0.5446390989210792,-0.09254951356378716,0.4544793397941981,0.39666467140875916,-2.4349452807135283,-4.2635780328230775,2.79539540388784,-8.582585416399379,2.6496346647236932,0.33216793717431303,0.8335598564428646,-0.7937982250593232,0.4658963831386216,0.8761173049782929,4.384698002400456,-0.19556986578447322,0.01543514585844108,9.606859559594072,0.16993057957330057,0.09707997679850544,0.3243792828419384,-0.16023015934991258,-7.1316984446382765,-0.5115779822758831,-2.987944072867874,-7.34035915002735,-0.1585172947496023,3.718178251775095,1.7350256059495672
6.683554791341063,-8.701493176539262,2.7453088669137817,-11.139756412192781,-14.3902395201697,-10.243291520731564,-4.862678441352695,-11.81497294920735,3.122139444397588,2.605332861798945,2.7246257399954574,1.3106804290603948,-12.181586091986105,-9.043036950837868,5.377369235813597,1.0949786611210865,-2.114798101832675,-0.04524211507957743,1.130329642462001,-8.617331231296362,-5.185733980774646,-2.1169492710797013,8.273231136839737,5.393666307610646,-4.639041354472999,9.477704179594813,-7.911835161556025,0.893850309689411,-4.5465819381390045,4.192407507243216,4.4941295211933205,-1.747364669431024,-14.946775180901927,-1.495506857515527,3.1939269418566947,-12.149208117058949,-2.951184945204558,4.14446036467317,9.51973262457284,7.949868644867446,-5.254215042837026,6.95893638154237,4.046870481443481,9.524430816900535,3.048608737998525,4.483251629405607,-11.667038710478716,1.604867850238973,7.506211649830284,5.931504048348952
2.2279664298565733,-0.895612678052769,-4.376385660852442,-9.643731092334388,-3.523725672935678,-2.8656635168440086,10.076748002417627,-7.077335521617311,-2.003490109800067,-3.0758300958006557,8.443829438551393,5.224634290718138,-10.190560541683656,-1.5489759864792667,1.0735167343253682,-0.19404983588044217,-10.245852127262983,-3.705042542428365,5.005165771858627,-5.185733980774645,-3.6917473224932005,2.0648564512839327,-0.344317182143733,7.037439697084342,1.9280700134912423,6.354516389867465,-2.6083314930702484,-7.694776089990844,-9.90725205259673,16.292840991146097,1.9200899628116883,5.003027301726097,-8.889701624047722,-0.22667883502823272,10.752642232050025,-8.649105642865406,-4.959916814597526,-7.925554146558072,3.481271198455701,0.9950758849364852,0.739015232078408,-5.914037874723757,2.8375518077576256,1.283934402199015,-8.63105436215996,5.880817170444087,-5.688192737390764,-3.21936950091761,6.332784653696015,-5.718473785374898
0.8169206018388993,-1.8106945719569505,-0.17678490202457176,-1.4347853817611462,3.2852780429614734,3.362459574252932,-5.776685180547206,2.0522505677529637,-0.0827048871688136,-0.4472633910003465,3.2442458018696456,-0.0614963061116609,4.840206308889621,7.932625809500425,-0.6388680140071634,-0.05023122937095187,-3.545502223810206,-9.823296959009994,0.5446390989210799,-2.1169492710797018,2.064856451283932,4.176528783069127,0.5652690734546744,-9.152871405983797,0.6283227705694007,-6.611463195266172,-2.4218614873534525,-1.827411394857366,-0.27169538878897326,-3.4691469568148325,1.0759866442267296,-0.03510981989857154,-6.052817196844886,-0.45513113877364575,-5.999643282008651,7.350064365710097,5.857951829673345,-0.509533834588694,-9.665338897413285,0.21951576686057983,-0.8179871669159644,0.23527034500898472,-0.006196143251069763,-2.8993745927252172,3.469443601507815,2.164134912507107,1.9172371662046945,0.06898620655601753,-0.4734940823968712,6.418516170410235
-5.319586615910367,5.7796787299311685,0.03128574896519487,-3.426165514849435,5.191798332179153,-0.45870093147909985,0.2500606401576877,4.278695623577965,-0.42699525197884797,0.018200168743327694,-2.7453675390351826,0.43530703005694493,-2.813093663104163,1.023247256078072,-0.2538598843473959,-0.3892775918964429,5.975994564088826,-0.6648452069411959,-0.09254951356378671,8.273231136839737,-0.34431718214373386,0.5652690734546747,3.8833158733037845,-5.026000148366439,-0.5546796558502464,2.7881640968180004,0.2232799312969418,2.869161994035924,-4.8956981256796235,-4.413960592694137,-0.5752367450097075,0.04065566132861731,-3.34585932973675,-0.5400244827247995,-2.6751598782625092,-1.4723519683187953,5.360493675088759,0.18148356454774014,-0.3335852150577596,0.16245919213040685,-0.23833476348309363,0.03645371400439856,-0.4817614807429884,-3.700471457875224,-4.537928730612517,-1.23847001504067,-3.710076198259633,0.625782130152956,7.253245259860709,-6.7592786683620565
-12.444807172777562,7.347530582553328,5.9774847578974475,1.4082773023015214,6.48504177400377,8.24211855061789,-1.3813169236223943,-2.635330896110843,4.275734621279782,1.0392290313833048,0.43612547250125555,-0.23740753329157865,8.40035437462481,6.076491674781134,-3.867056241665129,-1.7923225799176903,6.304420467570598,2.1244653783313083,0.4544793397941982,5.393666307610645,7.037439697084342,-9.152871405983797,-5.02600014836644,-7.595342452863536,-3.869137871858679,-9.179470917509887,9.889795969992772,-3.698357251555988,3.543676887388351,-10.56814992861652,1.488544517048153,-0.9041108852091432,10.948015768742344,-2.355423488688021,6.703386936024543,2.579362070331828,6.812538636600955,-2.30567579575577,-5.531116072719794,9.115138859348308,1.6469535615815079,6.294455087727609,6.5944209097891795,-8.751398835927837,6.81305277753183,-5.004540313484028,5.2311040073559525,0.03917707132915474,-5.8996689476648045,-2.2480574031929446
9.25858594711207,-5.420681969577062,0.371993245353251,9.110309015497531,7.638690991213447,0.19823465793189965,-3.1174360180088883,-6.000515890229312,0.048844624223203015,0.6521688608422636,-4.339327670439382,-0.10026560255820804,4.610586000623286,0.6906294696286863,-0.1858295275330718,-0.7951914219422984,8.465222675958872,-3.2079324463446346,0.3966646714087605,-4.639041354473,1.928070013491243,0.6283227705694002,-0.5546796558502465,-3.8691378718586784,4.655707170669138,-9.001960707260448,-8.242917267237006,3.555403963892074,-1.9156527958189344,-0.8541240077006398,-0.014523314983416247,-0.3534844561356665,-2.6265896380306173,-0.21337830172628447,-3.0542003268629485,-7.096883893523808,1.8088532804433635,-0.6832463732266231,-3.0707836151205274,-0.019683429052513413,0.3253930840945538,0.16156419674287797,-0.4479384442208624,2.749876257907227,10.946579812137761,-5.806750254136698,1.9458756696456727,-0.7763698383032706,-7.216738365710953,4.9959708953207596
-13.998886175157953,5.874180511747335,-5.12075493957712,9.563319681032713,-0.9269938313728259,1.23618257078396,-6.346478087803355,7.114027602377619,3.5242794468395315,-5.821709709496143,-10.511898987774975,0.37009883475903793,6.8118974195140956,0.3617265447108664,-6.732177827414734,3.447359683373306,12.163357003118932,-0.1641821345492066,-2.4349452807135297,9.477704179594813,6.354516389867465,-6.611463195266172,2.7881640968180004,-9.179470917509887,-9.001960707260448,-7.309765631426222,10.00061530675005,1.8356628147302083,0.7662731590197778,-4.8088199008198895,-9.18693470880173,-5.236385781080803,13.68064471707029,-0.5831356090092413,-13.898518462128669,5.740191759547315,16.371327762274607,0.30138541445723244,-1.1749690428776955,4.910508929502759,-5.608409369427761,3.0402556711884987,-3.532646465249976,-13.345414744977283,1.0761643202733215,-2.9877604189584104,9.65586913002399,-0.6581068516100578,0.31098045057689583,8.809980741557379
10.520353780374998,0.5965525385958145,-1.627717435941966,-1.2102335845583736,-16.230766605647148,-11.738283304738257,7.853347678902247,-6.6106635600777235,0.37325057393688676,5.959781075388619,-1.5952302527091122,5.21912532007862,-1.5630284110676476,-7.394893791783379,-6.289120745561546,-3.5404637960211107,-0.7044642188823644,5.363972269634155,-4.2635780328230775,-7.911835161556025,-2.6083314930702484,-2.4218614873534525,0.22327993129694157,9.889795969992774,-8.242917267237006,10.000615306750051,-12.27556791071842,-9.598870778108953,0.6839693202214701,-1.4299600471613525,13.341494036932515,5.29193153765585,-6.921086597137115,2.257232073488978,6.027082739081207,7.226591893799586,-0.9200505436098932,-1.4910285021917742,3.065837362525449,6.545485866014349,-9.298441465925993,3.1918436695974277,-3.1563351302965637,7.895830005611496,-4.696564681074298,0.08011081065260761,0.5298533183335454,-4.035577629567776,-4.8430342670784885,-7.606426850408754
7.081884311806243,-13.325846680978332,-3.741847198572805,5.006737745145302,-1.3850149119108086,-2.5677352588618376,7.572489663932094,-3.745898798132899,-1.9696383899547554,4.322646653292679,4.4839447150757366,-6.187441601877343,-10.471357333534923,-9.015940684062924,0.4945911907342653,3.6463038214639014,-2.11509122113734,-8.54552285416234,2.7953954038878392,0.893850309689411,-7.694776089990842,-1.8274113948573656,2.8691619940359243,-3.6983572515559877,3.555403963892074,1.8356628147302083,-9.598870778108955,-3.6669527083452227,-7.513784288575661,5.348140232261645,4.598163546113491,-1.4819027607793196,5.54837736383721,7.0598375078120466,8.190240520842874,6.912527840729496,3.020348612153998,1.6628952898156564,4.659959603709776,1.572128445776884,0.962371757124335,-2.7668434408442906,-0.7971406850506196,10.644727680058857,-0.8381555346755623,13.19198524083646,-5.669977840819161,4.3418610162551925,0.961328523489831,-7.5031279500326855
-0.24784020208885194,-8.892004880399575,2.028923923963726,-8.279835612483161,-5.830853899535602,-4.471388777057008,6.790781831500411,6.957642607461673,7.008586176801493,4.125323443543435,-3.158694248533556,7.492763900935869,-17.220187695075534,-7.399940508796837,1.9762965360417284,1.8844259958112244,-5.842874133657571,-5.444912628331405,-8.582585416399379,-4.546581938139004,-9.907252052596728,-0.27169538878897254,-4.895698125679623,3.54367688738835,-1.9156527958189347,0.766273159019777,0.6839693202214701,-7.513784288575661,9.093851862136415,-4.079099700070364,4.872557804216057,0.8175576590142273,-2.094305865273962,1.5658880896015734,12.628369958296698,-8.154067341163731,-4.308875959596558,1.163285546232491,-2.2868039696631652,-8.971440558462245,1.2255077076523415,-0.061842955849620296,8.8667784517374,4.644621344481911,-1.564298442478758,3.966807163369122,-7.6782735542365534,-0.570505922242169,8.136342162371294,-11.605246583765673
-7.667450187147945,12.546043650361234,2.4526266030661024,15.189887041890174,8.987186979989655,9.883449569434237,-16.11445924942962,10.097723782999278,2.0303299395778542,-4.202302037614119,-17.476066590798794,0.49853189962475586,8.705470163182436,5.784791495054243,2.4849451805980114,7.13692661401525,-0.20284151067852496,3.1317802496209497,2.649634664723693,4.192407507243215,16.292840991146097,-3.469146956814833,-4.413960592694137,-10.56814992861652,-0.8541240077006401,-4.8088199008198895,-1.429960047161352,5.348140232261645,-4.079099700070364,-2.20218419853306,-3.9246775346201304,0.6256807611669273,-2.251811201136221,-3.272122226601174,-6.071246901915094,13.387818016742886,14.906883597281244,0.9157334310299778,-12.19381513907276,-4.711851502492745,2.6166436196629865,3.3919637089104313,3.6713369704329724,-9.141135404725414,2.5352826208631867,-8.280013334074646,4.34294803899069,0.9051696544133692,-11.765789898766881,5.578413896111741
-6.847048886877574,6.072574795454788,-0.09952814163960688,-3.3882341984755273,7.74409072040535,5.808990643172885,-1.8405950656745338,6.828976865506314,7.634161067358005,3.017873460729521,-12.052280609050962,7.292741468427638,5.097394723861199,8.849344726680457,-1.083980520090802,-5.6637565227598,1.3384105893784524,13.93402103359363,0.3321679371743138,4.4941295211933205,1.9200899628116885,1.0759866442267294,-0.5752367450097078,1.4885445170481537,-0.014523314983415525,-9.18693470880173,13.341494036932515,4.598163546113491,4.872557804216057,-3.9246775346201295,0.7734071517483914,0.6753571234565284,9.220256176152503,-1.0190321733954417,-16.20902879318116,0.529670514246527,10.573499600242982,-6.524235521103016,4.272105044409968,-5.06821512653354,7.829200107203304,-5.722769021197831,-4.035658689850647,-5.567838099634518,8.691348272976684,-4.820693152445763,2.8126702698656856,-7.365807911398124,-0.3759091439806167,9.619209260597199
5.705923774051491,-6.742035574103244,0.19550863413543418,0.4971307975420357,-6.9779543858495705,0.2375747373974615,1.7184971863901635,-3.0491073471003864,-0.2533453764303632,0.15435636808797393,2.643451185186767,-0.0037393994679758014,-9.17861542799026,-1.0309337471852884,0.18512427577259605,-0.9139482885099923,-1.221302720370171,3.6139047069563235,0.8335598564428648,-1.7473646694310234,5.003027301726095,-0.035109819898570704,0.04065566132861756,-0.9041108852091421,-0.35348445613566615,-5.236385781080803,5.29193153765585,-1.4819027607793207,0.8175576590142261,0.6256807611669268,0.6753571234565289,3.7413343627216733,-1.4800937088565078,-0.13831400225510226,-1.1025656463620066,3.6458168718123556,4.944553068151892,-0.16387430075527865,0.6586687422015151,-0.009995946743058481,-0.14702173373263405,-0.6741856990812714,0.004306216740723567,-0.6640254041498747,0.5725253310786489,2.935743487466347,5.367394921803535,0.014839378163190586,3.5735230845158927,0.5824227687538814
9.903336272629735,1.7063427181270983,6.976450531819436,-2.290718901823753,-11.753632144360404,7.414359128659338,12.684011286538375,-14.640299571765386,1.2123601790474001,0.06915727450386144,7.658674000256501,9.466305576944016,-9.716853451810184,2.079772852440339,-4.014321392229512,2.1515498954785595,-9.219928129124394,5.9117270444353665,-0.7937982250593228,-14.946775180901927,-8.889701624047722,-6.052817196844885,-3.345859329736749,10.948015768742344,-2.626589638030617,13.680644717070289,-6.921086597137116,5.54837736383721,-2.0943058652739626,-2.25181120113622,9.220256176152503,-1.4800937088565078,-6.036197391459592,4.358022583747834,0.5999440978345518,-12.867872555461593,-9.303297491825997,0.2768598137909548,-2.7743266187556204,-2.1164561384243643,-2.6446788203542333,-4.609613182040463,-8.309903055792901,2.9007935073742814,-4.394107822836032,6.954929193738174,-8.499341605205057,-4.784195086769852,12.103905030787628,2.2245051277950685
-4.964374127036635,6.446069983847566,0.6818805789945898,0.6026445732220036,7.847585192680622,-1.9245706836920835,-9.943979600752327,-3.1548364567985923,-0.025790133192157005,-0.0065273889208165015,1.4104048683389605,0.25379445934870837,-10.223029127598874,-1.0642306301645779,0.3179114575233381,-0.15969102531544122,-1.9290865256429424,8.610332771313285,0.46589638313862203,-1.4955068575155268,-0.22667883502823316,-0.45513113877364497,-0.5400244827247985,-2.3554234886880208,-0.21337830172628425,-0.5831356090092414,2.2572320734889777,7.059837507812047,1.5658880896015748,-3.2721222266011742,-1.0190321733954417,-0.13831400225510176,4.358022583747833,4.268015553337362,8.617718738122536,-6.652299873591154,-3.1625941288864015,0.3849508956416041,-6.699236050597837,-0.22101930884347298,-1.31323533502285,0.05960051524304319,0.013963550317892481,5.485654348021671,3.1232585661884205,-0.6814045223689633,2.23172329413045,0.4914840198940258,5.374789381876674,-5.149016886368319
-2.5942087648575733,-2.937661467287943,4.723629099377552,6.610423315196234,-0.9787456814054659,0.7910925218730238,-7.507452406523633,15.766511538175784,-2.2194100788788997,0.09100347481354734,1.4037970352876326,4.993165370735229,6.840075601296326,5.458722564000343,1.013723890072459,0.23933740998496755,0.41746043213241946,-1.7263118989937811,0.8761173049782933,3.1939269418566947,10.752642232050027,-5.999643282008652,-2.6751598782625092,6.703386936024543,-3.054200326862948,-13.898518462128669,6.027082739081206,8.190240520842874,12.628369958296698,-6.071246901915094,-16.20902879318116,-1.1025656463620077,0.5999440978345518,8.617718738122536,2.776687574100592,16.928360887344287,4.6754767774497115,4.777260720939417,3.394783580076078,-0.5883283768648981,-3.069474566842419,-0.6274712763167782,-2.2079298406761114,-3.1085494210915736,8.218222440089198,3.985206406305062,1.2228529682069564,5.435216055588291,-4.984635342006621,6.526849696583271
-3.1352053336140973,-9.796899793645768,1.447438890772379,-11.028870702840212,-5.75715034868007,3.0138708520398434,5.708126546044123,5.4234483419478225,3.13437425871352,-3.5008454255284382,8.081214750572034,3.1141257038431696,-5.948052618170977,-10.615023418536786,-2.9341559594262376,-6.15116528427672,-17.67935384338054,-19.303876920672614,4.384698002400457,-12.149208117058949,-8.649105642865406,7.3500643657100975,-1.4723519683187953,2.579362070331828,-7.096883893523806,5.740191759547316,7.226591893799587,6.912527840729496,-8.154067341163731,13.387818016742887,0.5296705142465261,3.645816871812356,-12.867872555461593,-6.652299873591153,16.928360887344283,-5.067892164773591,-10.160626728108214,7.221322414317592,8.251608986428316,-2.0070286244251827,-8.115705966400196,-2.6330421539491393,2.7702388448916797,3.377894577273069,-3.713674685842199,6.0285564831923795,-9.810834839465807,8.877510094036781,-2.0786968699925588,-3.3596480197021537
8.70992071035589,6.037246104537031,1.1241663510459081,-4.42609258812479,-0.4069920881841041,2.8155741392546565,8.5131526161799,-17.25343260212299,1.2121522164426668,2.7366924637911563,9.814530117702507,-4.995714252510432,-8.278707707967172,-1.3714742777834432,-1.283860129228301,0.6065328930139703,-11.11796808050783,-0.4110448945382727,-0.19556986578447288,-2.9511849452045587,-4.959916814597526,5.857951829673344,5.360493675088759,6.812538636600955,1.808853280443363,16.371327762274607,-0.9200505436098931,3.020348612153997,-4.308875959596557,14.906883597281244,10.573499600242982,4.944553068151892,-9.303297491825997,-3.1625941288864015,4.675476777449711,-10.160626728108214,-1.175558539719991,3.104359999594581,5.379741946760372,5.2298688680351795,-5.8823280199133094,1.1273180553225617,2.292075774520927,10.636112471999404,1.5068275012013994,1.9306055667089312,-3.831455160390588,4.30354063360315,5.013627931642636,6.402546825285925
0.4681272558554106,5.524214743898478,-0.27073879763257636,6.837410968411279,0.5730943816966253,-7.00104509417921,-2.7356146230794436,-7.0287003393646215,-0.11079097476549044,-0.23466575822393063,8.073937587034676,-0.11918837178636671,-2.2261366867591046,-8.345554037613095,0.19971776297734795,-0.2798318786066568,-6.225687311203337,2.8137551096437825,0.015435145858441246,4.14446036467317,-7.925554146558072,-0.5095338345886932,0.18148356454774062,-2.30567579575577,-0.6832463732266227,0.30138541445723277,-1.4910285021917749,1.6628952898156566,1.163285546232491,0.9157334310299773,-6.524235521103015,-0.1638743007552781,0.2768598137909547,0.3849508956416041,4.777260720939417,7.221322414317591,3.10435999959458,4.074046961520227,-6.4208164668405505,0.4328819879449688,0.4689002600408149,-0.5177817493252598,0.2289035653589897,-0.3821330342952025,-1.696727111123749,2.9776375647594717,9.188591513695027,0.061314683972805706,0.4643670383632061,-3.6915745173639243
-0.8533404166817835,0.9131992862939161,9.135700220228031,16.520088850724548,6.153665677283461,4.175499048273356,-0.2505615812373024,12.16353006180298,4.4553350608825015,-9.644734548052933,-3.511084909674078,-7.023172051570856,11.730956686387472,10.575248341304558,2.031184447384912,-6.958025457819202,7.919347504431975,10.63613176417873,9.606859559594072,9.51973262457284,3.481271198455701,-9.665338897413285,-0.33358521505775923,-5.5311160727197946,-3.0707836151205266,-1.1749690428776955,3.065837362525449,4.659959603709776,-2.2868039696631652,-12.19381513907276,4.272105044409969,0.6586687422015137,-2.7743266187556204,-6.699236050597837,3.3947835800760777,8.251608986428316,5.379741946760372,-6.4208164668405505,-5.805792090753877,2.8096334968851298,2.490752684094017,1.93257316296407,4.969837275116039,-11.818755356262566,6.272173595019974,-18.103474644667088,12.061446415374643,2.2508720483134277,3.372694183890858,8.190130467352668
3.161900153962245,5.066123296202919,0.009763283144295642,7.587698648747678,-4.960893661256474,1.2749292585696756,5.953291589728831,-5.366128601585134,-0.3451786110992262,0.10896464782003792,-1.6910889161868108,0.023777563124234624,1.8392961792789428,-6.531742182358215,-0.7578007554949854,-0.15465635308045866,8.494813225315406,-0.35032451278512183,0.16993057957330032,7.949868644867446,0.9950758849364854,0.21951576686057994,0.16245919213040683,9.115138859348308,-0.019683429052513857,4.910508929502759,6.545485866014349,1.5721284457768845,-8.971440558462247,-4.711851502492746,-5.06821512653354,-0.009995946743058648,-2.1164561384243643,-0.22101930884347265,-0.5883283768648986,-2.007028624425183,5.229868868035179,0.43288198794496957,2.8096334968851298,4.932136746726376,-0.3198341190762021,0.3473967050367099,-0.35627100791998256,-10.493821495176963,-1.213000811993097,-7.133423569553024,-0.2870698771679928,0.43526537774829027,5.210280797452023,-6.794330056240057
-3.983140142476176,-4.151049595803437,0.6041461637448045,4.181864431118758,-4.674457874342473,7.3035508969751595,2.539679615360164,-1.7755120026905364,-0.14125027087638764,0.22184650757115815,1.5566550563302057,0.0866881192221452,2.9619406094674043,0.7386241855339682,-0.1625363028975751,0.18030159395607603,2.008092409567544,-2.4875161938401043,0.09707997679850518,-5.254215042837026,0.7390152320784072,-0.8179871669159645,-0.23833476348309324,1.646953561581508,0.3253930840945538,-5.608409369427761,-9.298441465925993,0.9623717571243343,1.225507707652341,2.616643619662986,7.829200107203304,-0.14702173373263394,-2.644678820354233,-1.3132353350228496,-3.0694745668424184,-8.115705966400196,-5.88232801991331,0.46890026004081437,2.4907526840940175,-0.3198341190762028,4.39799079548726,0.006912484835035815,0.1507266016200827,-3.232800249084449,1.592982703362668,-7.907010558198386,2.7029953030600087,-0.29242330299706976,9.499097189680569,3.568482749382993
4.787465753374067,1.7737188242725024,0.7413247659072265,-4.709656420951009,-7.8848923945005875,-2.3535825170338085,1.3856411166251168,-0.567962231069218,-0.8842299685936287,-0.19398938941718813,-0.05564416114368198,0.09270407159643457,-3.2645119290586635,3.0950858495762823,-0.060487038605535726,0.4185555063380353,2.1997263706637202,3.8471197827472023,0.32437928284193895,6.95893638154237,-5.914037874723758,0.23527034500898458,0.036453714004397925,6.29445508772761,0.16156419674287714,3.0402556711884987,3.191843669597427,-2.7668434408442897,-0.06184295584961963,3.391963708910432,-5.722769021197831,-0.6741856990812722,-4.609613182040462,0.05960051524304344,-0.627471276316779,-2.6330421539491393,1.1273180553225615,-0.517781749325259,1.9325731629640697,0.34739670503670894,0.0069124848350359935,5.0471636597979135,-0.17832805087942566,3.4397170982344067,-1.1563594637561365,9.532555426953225,6.1835243774832565,-0.3274698207815797,7.262792074112995,-4.424356775742156
1.9346809863473262,-1.274159709569966,-0.05981544300301711,3.984590420450517,-2.044085125664751,7.290979621767569,0.07930074289896463,2.5233891683683884,0.6376884514995185,0.023992038078691102,3.8994257207389755,-0.5003447175025285,-3.2245219442549256,1.3192122926162613,0.2627132246845696,0.5785658326303258,-3.3872062911506577,2.367829833978056,-0.16023015934991308,4.046870481443482,2.8375518077576256,-0.006196143251069708,-0.48176148074298814,6.59442090978918,-0.4479384442208627,-3.5326464652499747,-3.156335130296563,-0.7971406850506196,8.8667784517374,3.671336970432973,-4.035658689850645,0.004306216740723512,-8.3099030557929,0.013963550317892537,-2.207929840676111,2.7702388448916797,2.2920757745209275,0.22890356535898992,4.96983727511604,-0.35627100791998356,0.15072660162008317,-0.17832805087942638,4.3798447784051096,2.896869610724462,1.89005662733604,3.3889658685526074,2.6392035618463714,0.005203613418542238,5.159869162542737,-7.781829934928478
-9.861206668084291,11.305887963664441,-4.201467563607224,9.183906199866831,6.916858879867801,2.5994024401450733,0.4393413865879604,-2.324242330421651,-1.9908587965841456,-1.2179565915398587,0.18443763371891753,-4.0914664622690475,-4.188462441057287,17.543910796039015,6.784098191266135,-0.13415006725173861,2.5056139199333476,4.183461840666294,-7.1316984446382765,9.524430816900535,1.283934402199015,-2.8993745927252172,-3.7004714578752242,-8.751398835927837,2.749876257907229,-13.345414744977283,7.895830005611497,10.644727680058857,4.64462134448191,-9.141135404725414,-5.567838099634518,-0.6640254041498744,2.900793507374281,5.4856543480216695,-3.108549421091573,3.377894577273069,10.636112471999404,-0.38213303429520323,-11.818755356262566,-10.493821495176961,-3.2328002490844487,3.4397170982344085,2.896869610724462,-13.097886734282211,6.925572498102798,-4.013538624038859,-1.3544243483637595,0.5968782570101732,-7.342424370438094,7.518183521821434
7.146380016155671,-16.36979700712496,4.079744605965928,2.240179068711817,-10.004488434594979,-3.876695459729457,8.522706506090344,-8.980047135966151,6.9801420001316385,6.001410546191732,9.655187407537166,-5.586846778331763,-0.12747329761342097,0.3326473365881182,3.8051647416989116,2.2120198105577025,-6.570531697361063,-9.1892572791235,-0.5115779822758826,3.0486087379985247,-8.63105436215996,3.469443601507815,-4.537928730612517,6.813052777531829,10.94657981213776,1.0761643202733213,-4.696564681074298,-0.8381555346755634,-1.5642984424787578,2.535282620863188,8.691348272976686,0.5725253310786489,-4.394107822836033,3.1232585661884205,8.218222440089198,-3.7136746858421987,1.5068275012014,-1.6967271111237499,6.272173595019973,-1.213000811993097,1.5929827033626678,-1.1563594637561374,1.89005662733604,6.925572498102798,-0.6959468509842912,5.689654875109492,4.082899305692026,0.7284412124426081,3.1452375956209124,6.538925452533364
2.8131166291133245,8.453930480193723,-1.160178451901394,9.839677922332351,8.052027557061463,5.224927387538775,3.7802870609079466,3.2007513773127467,-6.721031981747522,3.906929492500791,5.145900848047368,-1.4423339000087905,3.5756746525494756,0.035239580686701966,-5.161878372921554,8.74645229782439,-7.726111292163968,0.9480410184180488,-2.987944072867874,4.483251629405608,5.880817170444087,2.1641349125071065,-1.2384700150406696,-5.004540313484027,-5.8067502541366975,-2.9877604189584104,0.08011081065260717,13.191985240836463,3.966807163369122,-8.280013334074646,-4.820693152445763,2.9357434874663477,6.954929193738174,-0.6814045223689621,3.985206406305062,6.0285564831923795,1.9306055667089301,2.9776375647594726,-18.103474644667088,-7.133423569553024,-7.907010558198385,9.532555426953225,3.3889658685526074,-4.013538624038859,5.689654875109492,-7.9611662294928065,11.459166048615767,-4.575812945397998,4.041949497303267,1.5517427679116136
6.776764566511357,-16.858245227079802,0.1854427622596081,-12.477980157297367,-7.633933118264527,5.697335865792844,4.853731481979057,-5.973025617929016,-1.5439474685533467,-4.182060089672451,1.1910454622712976,0.6770792990846566,-9.418416747232005,-1.548248199176367,-0.19382601876571914,1.9903466750610392,-7.159063804037748,-12.211834829158635,-7.34035915002735,-11.667038710478717,-5.6881927373907635,1.9172371662046943,-3.7100761982596326,5.2311040073559525,1.9458756696456732,9.65586913002399,0.5298533183335445,-5.669977840819161,-7.678273554236553,4.34294803899069,2.812670269865685,5.367394921803534,-8.499341605205055,2.2317232941304495,1.2228529682069564,-9.810834839465805,-3.831455160390588,9.188591513695028,12.061446415374645,-0.2870698771679925,2.7029953030600082,6.1835243774832565,2.6392035618463714,-1.3544243483637588,4.082899305692026,11.459166048615765,7.177466333212665,-0.5545109266267771,-2.9520665537798223,-2.89921041584612
1.954035349696232,-10.245611415191306,-0.4825581715148146,-7.323609377725685,9.627704781235996,1.067091390000102,-0.2492219418539462,-4.184062787170769,-0.41895012093925915,-0.4836814097938508,-7.932605803054978,-0.7228575438351229,-2.789427939771855,6.2579200130169665,0.4822251681288947,0.09180600259879601,1.0171780373611166,0.47162115457296805,-0.15851729474960313,1.604867850238973,-3.2193695009176095,0.06898620655601785,0.6257821301529559,0.039177071329155516,-0.7763698383032709,-0.6581068516100578,-4.035577629567775,4.341861016255193,-0.5705059222421698,0.9051696544133687,-7.365807911398124,0.014839378163190586,-4.784195086769853,0.4914840198940259,5.435216055588291,8.877510094036781,4.303540633603149,0.06131468397280593,2.2508720483134272,0.43526537774829055,-0.2924233029970701,-0.32746982078158016,0.005203613418542863,0.5968782570101734,0.7284412124426078,-4.575812945397999,-0.5545109266267773,4.520899615091086,-5.256100133631756,-3.469777570509565
0.574114266537165,7.8421989037215365,-1.289394210171392,-3.036867045588184,12.866299156176897,10.175679649859282,-7.390751078687022,2.970522774147966,-1.2555121505116675,4.118604542326365,-5.397411116126381,1.8812618938818455,3.868588795867028,6.530408555481632,-5.911382356976596,5.5320194369584526,6.269612246802901,5.317934588945157,3.7181782517750954,7.506211649830284,6.332784653696015,-0.4734940823968712,7.253245259860708,-5.8996689476648045,-7.216738365710954,0.31098045057689583,-4.843034267078489,0.9613285234898308,8.136342162371294,-11.765789898766883,-0.3759091439806165,3.573523084515893,12.103905030787628,5.374789381876674,-4.984635342006622,-2.0786968699925588,5.0136279316426355,0.46436703836320625,3.3726941838908577,5.210280797452023,9.499097189680569,7.262792074112994,5.159869162542738,-7.342424370438094,3.1452375956209115,4.041949497303267,-2.9520665537798223,-5.256100133631756,-6.607976849296435,14.468574436188392
7.444644788456845,-1.693628477903836,2.2460457693741502,-0.2394732643430466,-7.4322368269319,-9.814589399454674,5.14155810457711,-1.1020728495574974,-3.1261378869376264,-2.211796732182768,6.684837242889023,2.46030210026127,-1.7020930512859571,-5.635052091727023,-0.46310354106049123,-0.1778153794931216,0.5794517333248539,-6.961750777115172,1.7350256059495672,5.931504048348952,-5.718473785374897,6.418516170410235,-6.759278668362056,-2.248057403192945,4.9959708953207596,8.809980741557379,-7.606426850408755,-7.5031279500326855,-11.605246583765673,5.578413896111741,9.619209260597199,0.5824227687538814,2.2245051277950694,-5.14901688636832,6.526849696583271,-3.3596480197021537,6.402546825285925,-3.691574517363924,8.190130467352668,-6.794330056240056,3.568482749382993,-4.424356775742156,-7.781829934928478,7.518183521821433,6.5389254525333635,1.551742767911614,-2.899210415846119,-3.469777570509565,14.468574436188392,-0.44823368736546776
