n
50
c
213.91655694675507 -193.51039795244438 -151.4578445345476 -180.53097840269353 208.06194343290304 162.49839901015739 162.97809096462996 189.250349040656 -10.17906517541179 194.67245025332454 -168.96705675195847 4.014068126181234 179.76631908790418 -207.02365182829263 -178.83101147069667 -158.36959004931305 -15.684835028873223 -192.10033372661547 -42.557317016819965 -18.031520546805073 1.2732681735946025 238.62094720709774 161.65880247727938 22.163754238106062 -225.3979218485901 232.6495782833646 1.226749515841259 -156.1674307450718 -190.03245058712974 170.63250709041523 169.47555552233305 143.58003862340274 -3.4359118256303014 5.21569960589512 -11.61299402039894 8.451731993955585 203.284697683344 190.3431074816686 181.0735030281137 204.1530077593512 208.17556937061593 -237.65191362922437 -162.83848229063466 -173.1553658282254 178.47333842048218 173.48108370865913 -191.1806472848131 190.54040929686687 185.18228986672085 -18.43611788848189
Q
-0.8857636586828415,-4.835622158927022,0.05845665323523069,6.279153018230554,-3.6579370415232644,-11.173956516788394,-7.538110712477808,-3.814116900853319,-5.088658423799937,-8.88866215622146,-9.155020956741124,0.4586266550293807,2.29482182037124,1.5869353965256647,2.6472659230317235,3.1608333785856972,-9.34157200407706,6.749522233751183,5.8417217904762335,-7.997172568315061,-1.1112983155047071,-9.517175987413424,-0.1358169811137277,1.8287955476782238,-1.618799660719422,-8.766699312646455,-1.031162097224861,0.7198178243264377,5.286535882794364,2.2351619129404012,-10.684527035218931,-8.915987396817304,8.19727265074845,6.350106040190723,5.552598984884621,-2.937020441423899,-15.254427750832356,0.3408602635571216,-14.84465795998984,1.3861799003696913,-8.079717926505408,5.257764309549909,2.3615813818229503,7.7746361693592725,0.8208237883865668,-5.483961668333409,-0.40886266812871286,-8.642844635516424,-16.535687009657604,-4.18233623691035
-4.835622158927023,-10.176920862620182,2.0604075745784884,-3.7851008946782363,6.50219256251487,14.001129859085214,-1.967271499131701,1.4708423832308097,-2.6561916105750765,5.829118247686817,-15.090531267155182,-0.7560715454746798,-2.0359337861435307,-4.6465971288548245,5.330478638810831,-8.809845871826097,3.839263717221837,0.3280999218784839,9.618412720442805,6.8128289135153235,4.460429818886161,6.464784797573702,13.491771560625757,-5.142527678973181,-1.7199778245770312,0.49469825108996013,-0.7781492705967459,-13.500365964826702,3.335112728492356,9.728527195091457,1.0691728200576354,8.198643785885372,3.9211889491085286,-0.17976835740688724,2.380609925761912,-5.820467525426602,11.348285902850233,-4.282644695925017,3.659275139441018,7.836550687316321,6.017414276720076,0.7840322994374026,-4.086101379566875,-4.032284235506857,5.669092404088345,12.506123388720223,-9.324712868682793,3.7699703578973236,4.934335870149112,-1.2185739578755184
0.058456653235230804,2.0604075745784884,-0.2131349322566729,-0.0679900131449056,7.700098032443893,8.014388014903142,-3.0310243369362055,3.639601653864096,3.581348212610239,5.53532852330348,-8.119513432200957,-0.24134963725470193,6.0254343492511335,-10.872480891513346,0.19107860146750758,-8.912873280196683,3.867556953994732,-6.715875894011638,-2.962705406903878,-0.8069047098236717,-3.2135957455109425,6.25509299301121,8.515844728703032,-0.3717660845472147,-9.753032371971699,4.950541901656471,7.2973820426954905,-8.33091608220779,-7.399427143868803,6.317654874690788,1.4430233759717583,10.103212767579716,5.128518429249869,-1.5120513475025346,-7.2419224565887905,1.8691588792987348,-1.821416261734786,16.204434554651435,17.582007393221915,2.4311136485783433,2.077784022053498,-1.2706556749704594,-6.378410787884135,-18.711899913223935,0.16845588864319672,12.543952302352558,-6.344369888348514,3.4060851355651187,1.1810221028678114,5.598962104808337
6.279153018230554,-3.785100894678236,-0.06799001314490538,-2.9328463736278767,4.935893392191107,11.208200548037217,4.483430200241853,0.7506161015521859,-1.8537865895068557,-1.1708917434869626,-3.8963970706079625,-7.040022013013136,8.146434113425649,-7.482720493556654,-0.5263931936041635,2.9753074838957825,-4.839942159592842,3.7840016724251644,-2.5507011032619697,-6.620531713187399,5.882065044375444,8.134625656889678,0.19655142371925566,-2.111527796609471,-4.8268032106674035,-2.858080948221056,5.999026374454656,-3.530937402191526,-8.164370394886662,8.160698439501223,2.6098880286659325,8.422850092781605,-0.4661140605112074,5.501828163871798,3.944012003642455,-6.42622114012308,9.307044092863975,8.321961449896126,5.453222219409076,11.0508362389884,6.210091660161109,0.288411248734593,-4.00858887333205,0.14411971288951664,10.627105905708431,7.4914831873254215,1.8081547519348473,-4.630008734098585,4.09574656611931,-6.990160497145042
-3.657937041523266,6.502192562514871,7.700098032443893,4.935893392191108,10.23594691906617,-5.734981028865182,-3.8284103196723946,-2.68231202311355,-8.418726339548472,-6.237519618298771,6.222520219284859,4.203219584965658,-7.519277896838939,-0.6833600015890856,11.218702619671394,5.509752353752251,2.946749090272597,1.9906896208593285,2.9403177048223412,-0.06506133547459514,1.1792637206130399,-17.45960640270205,-5.527706178369643,7.80226526939501,-0.36795096945970285,-11.889129463197555,-1.745760659613694,9.734115133554166,4.331182985626494,-8.86432300543336,-5.166071246842639,-14.6172611353565,-4.190888103569476,-1.0887080961357276,-5.531058148903214,-4.027597502185427,-9.183137259212957,-6.229042041669627,0.7128859063405483,0.9735011331178728,-11.12530062303505,7.328345217545271,7.317595061361513,-2.650122607625084,4.451177634075824,-1.816346936713722,0.6786413642123321,-2.754949489933899,-0.3785135793802269,2.9156714664714793
-11.173956516788396,14.001129859085212,8.014388014903142,11.208200548037217,-5.734981028865182,4.6948404314272505,-3.1311679876569674,3.6229824550499212,-1.939322374568087,-5.667385473577351,7.484874614888418,-7.704269641621076,2.2631550438823522,-1.600765605205956,4.067946295724536,-1.284578457033292,-3.1454636071144195,10.549010547526947,-8.859323257051,3.416268341022244,3.3103814745107023,-15.190183561952903,-18.642669693195938,9.468549595863138,0.9012597210393699,-10.563892320282624,6.451553951522017,9.533746480831416,-3.479636849143155,-8.189788085390795,-13.424544425777091,2.1591699466696856,2.3925019965120664,-0.5651851807766439,4.693529331704946,10.258085596963136,-2.3038894054234524,-1.7779263465753607,1.7674978668363608,-2.904459869460796,-4.137204247660639,2.360761235415869,11.471759288853018,3.169555013182779,-13.76966672800028,-10.733884483317082,13.012741510222805,-6.423366978499305,-4.801949549609409,3.487846580416937
-7.538110712477807,-1.9672714991317015,-3.031024336936205,4.483430200241854,-3.828410319672395,-3.1311679876569682,-2.616673153959751,1.2402283533695309,0.9226526146037815,-16.795524859451863,3.645328156342484,-2.0856386467224857,-9.530071467973713,8.931248186476461,1.4263257222408394,-0.5784106554348241,-2.295593819598877,8.853436371127417,2.6334767997453663,-5.924690679449659,-6.259449764030423,-7.007124277205948,-8.073984783466237,-2.278990054470757,7.68721906878034,-6.880403664106311,-2.4813786534583726,9.94279176828776,1.8252943882923256,-3.0040371035959303,-5.80706536986858,-10.123230969452095,-0.07568920361382869,0.27163103544408107,4.9733973058032745,3.002303233795275,-1.0877188953715389,-1.4665590223322318,-2.9077814548390166,-10.982015776253819,1.008214852032463,1.2379107631145398,6.285851743198475,10.401658259226709,-0.3594103226446803,-9.926594207282186,5.3090856794216315,-16.61217107032911,-1.2038920769240684,5.935768351824001
-3.814116900853318,1.4708423832308106,3.6396016538640956,0.750616101552186,-2.6823120231135507,3.62298245504992,1.2402283533695315,-8.432112838665201,1.1338726906048027,3.068452824135552,10.7705151403338,0.25613284219908117,5.7770362641932085,7.026163171033823,5.104922073552987,2.7424960226662227,7.18731303810045,-1.7662476789167214,-1.6184695696737177,-2.0870046243025655,1.6431003739076184,-8.31967554768178,4.886532636671877,-5.999054652406868,7.877798410796526,-13.04491587094551,3.099467320223123,-7.721067535395763,5.53459068903047,8.269574275416346,-9.324664617322414,0.09400807924963256,-1.908111343975016,7.156448667486159,2.9427524230513926,5.773480489259117,-14.797439828045684,-12.83294546982836,-7.475732286492072,-14.601036587933427,-6.974736017195242,12.805423510864555,-9.361386357170764,2.7795546999229863,4.530791467149294,-4.163870987233729,3.6679068398638486,-4.630827987414416,-7.162026070252622,7.775082562383953
-5.088658423799937,-2.6561916105750765,3.5813482126102385,-1.8537865895068566,-8.418726339548472,-1.9393223745680872,0.922652614603782,1.133872690604803,4.644443633742638,4.581741503202112,3.177215826826974,-0.5828138580871024,-0.6454042171340454,5.7022019908774215,-2.7938850884022384,7.020205560587443,-0.5056592290425583,-4.08836386816938,-0.004384591806913973,0.34283820553932176,-0.22797157204706187,-0.6752682185024157,-4.26362545946526,-0.34808778596148615,6.885864506780621,4.163808187840897,-0.27703075083201245,-8.958150979780173,-2.770717999874775,-8.755550271068183,-0.9197753792368603,-3.1469958638372026,-0.28678418048927407,0.3546270067805203,-0.46544112701201135,0.3748226106315551,-1.0895457382324494,8.189582083601685,6.067639672072341,-7.080335923873119,-1.1635186647699374,5.518401304783266,-3.2619390702658886,1.3040652797110155,-4.755951762768666,-4.546832778089258,3.6331391177559835,5.745092942480559,1.7147279801714639,0.38739966725171227
-8.888662156221459,5.829118247686815,5.53532852330348,-1.1708917434869637,-6.23751961829877,-5.667385473577351,-16.795524859451863,3.0684528241355524,4.581741503202112,2.9930657764382946,8.534399628419374,5.049433671110368,-1.897084221973852,7.1865560889018525,2.620347830484167,-6.446730680141818,-4.482600982921919,12.043819491770751,-4.837475913935963,-5.952383465535601,5.896855182499865,-7.79152787006072,-5.444341396175973,-3.7288442892920513,6.043574518073488,-0.40723677652463086,1.9139714583120873,10.191313627565052,8.412872343479098,-4.787426037686499,-1.8594571564203692,-11.309983671739763,1.2815115203221752,8.519889738063613,-2.4586542379167264,1.1970678605150404,-11.221785588290068,-13.495595318594528,0.5768528295563182,-0.020623671719631698,0.7734963796968026,9.495747757311761,5.256384963728336,8.429714381613568,-6.406427664189508,5.4630256021304975,-3.7385893509085273,-5.201750471842594,-20.13020651102979,-8.486663697302186
-9.155020956741124,-15.090531267155182,-8.119513432200957,-3.896397070607963,6.222520219284858,7.484874614888418,3.6453281563424844,10.7705151403338,3.1772158268269735,8.534399628419374,3.8719394081844376,-5.893289631255366,6.8945373550503195,-5.966423243851142,-9.595760990371097,-10.49999768340399,-0.1970407190236168,-0.9166820725463605,6.85752288239013,5.89777613137723,-5.916129447598629,-3.909081389231723,3.4224490420622464,-1.4212399426017168,-4.81902572991186,3.008258207133517,0.3058743119646232,-12.704721114979277,-8.919742722123937,-0.22954392185118755,4.743214430612914,13.894734098911034,-3.772966930893895,5.0775122925486444,-1.5662846881528223,-0.727394249452312,-1.3945746232271792,11.823878684178563,1.517002985898313,5.64249204849346,-7.890158978768888,4.703927304473299,-15.967349014999648,-7.6927382333356835,6.276838970948854,4.715785709486214,-3.7121667932237497,16.81844344902834,6.686730923850003,2.0657179647686164
0.45862665502937994,-0.7560715454746807,-0.2413496372547017,-7.040022013013136,4.203219584965659,-7.704269641621076,-2.085638646722486,0.2561328421990816,-0.5828138580871027,5.049433671110368,-5.893289631255367,4.431102161772961,-2.8534013954259243,-0.7405861146489294,2.90396716826928,-0.34624883252353034,-0.3597296551554743,-1.2862366560596823,0.3164458487021249,0.33824576657474603,0.41978822083656375,1.2781448329710776,0.23784313153620693,0.031282735931290606,3.06594359673697,2.512637110552174,0.10752791671324363,8.822822397721493,-5.890588473674948,-5.944005861744394,-1.1387996951168793,-8.821252842548864,0.0031726779680386064,0.1981074448466288,0.3134954708168176,0.8056171667087824,-3.697199394835228,-0.20542250904164516,4.478220988915838,-3.8585882687280035,6.19340289474266,2.64939443034203,-2.2630172543411122,-2.30342992957694,3.5939084046506413,4.294764799287309,0.7967640124288177,-2.9059575055058304,8.028807768513316,0.26728491102365415
2.2948218203712396,-2.035933786143529,6.025434349251133,8.146434113425647,-7.51927789683894,2.263155043882352,-9.530071467973713,5.7770362641932085,-0.6454042171340459,-1.8970842219738513,6.894537355050319,-2.853401395425923,2.350113648763563,4.730463781147932,-2.313584999412196,9.707763126384862,0.10704824512061872,13.061456557508974,-2.938445342819645,2.1442861777428144,1.4955699165381044,-9.709943052814495,-7.475343797050116,2.790509702177004,2.4382651354796545,-9.061684752326595,5.014368172078273,1.2165094818909787,5.403234105620861,-15.128589160688726,1.8827286163666606,-7.145593623971408,-5.4693235683458346,8.869254645643776,6.121720947558616,-7.84128174951696,-5.887278921888733,-7.859732068230241,-0.778801356718114,-7.151797764618491,-8.500500369993722,6.654264510243616,3.0009199807993854,3.7871397633694235,3.0829608721377846,-11.151568084535327,6.634451021273803,-3.0751424043478277,-13.642286300520762,4.110520670806219
1.5869353965256663,-4.646597128854826,-10.872480891513344,-7.482720493556653,-0.6833600015890853,-1.600765605205956,8.931248186476461,7.026163171033824,5.7022019908774215,7.186556088901853,-5.966423243851141,-0.7405861146489298,4.730463781147932,-6.14079545194344,-5.719369204625699,-8.296137816292232,1.0453814482707138,-5.019598019313192,4.017541078436567,-1.431557040530559,4.244159306367099,2.3774888376200143,3.715726538445211,0.5748554793507968,2.3033107982624985,-5.568778705473208,0.10622834843388562,-12.537597070128168,-1.619741566548012,8.645316044553873,11.091692043302185,11.511266468702727,1.5369447734166255,4.996817160294203,0.4810273020441491,0.42480558890071385,4.321400494853024,-8.975639873224965,3.031074021652858,17.298761192732034,-0.28211032333413555,-11.994301798584566,-7.575581795830075,2.1702938104792135,12.362288462361692,4.32779238470101,-7.369707729146189,6.140923724473447,2.9127919284544506,-3.4201706875853737
2.6472659230317235,5.330478638810831,0.19107860146750688,-0.5263931936041637,11.218702619671392,4.0679462957245365,1.4263257222408392,5.104922073552987,-2.7938850884022384,2.6203478304841687,-9.595760990371097,2.9039671682692796,-2.313584999412196,-5.719369204625699,-1.628136237525986,-1.2525989724027986,-2.8299044583010775,-6.3263222469756775,8.124310521597245,2.7033874680691463,-3.859258927782269,14.896984648322068,7.415482281770199,-1.3781373170985884,-2.084286903168183,5.049739946322174,-2.414324338720299,-0.9942610130552139,8.590261099064678,3.685971293430994,4.851063779061295,9.224706967307574,-2.692798881877384,-4.535607380369378,4.215710081346321,-4.123763184386146,-5.817021852782045,4.40584618557303,-0.315941320661284,6.875150482982938,10.922150420446389,-6.620827841469099,-6.3350072707288465,-11.56292764739623,10.023585031382765,11.056613899347534,-15.427992317813448,3.5220364605084225,3.671588647362474,-5.572990396274538
3.1608333785856972,-8.809845871826099,-8.912873280196683,2.9753074838957843,5.509752353752251,-1.284578457033292,-0.5784106554348241,2.7424960226662227,7.020205560587442,-6.446730680141818,-10.499997683403992,-0.34624883252353045,9.707763126384862,-8.296137816292232,-1.2525989724028002,-9.681187032735524,-9.793874099228118,-5.582258290032562,5.901482596514574,7.511802897254135,-2.8303069944026262,5.80686066950357,10.146885501847992,-5.016169094664871,-6.916528406660521,6.575297280302229,-5.4627086436682255,-1.843121224355394,1.508081106885764,16.122541939679255,14.89331058766724,13.347435637502425,8.261068821724681,0.38690365877398625,6.870160526275466,-3.0780496147178025,3.1666242112951757,18.4853425887946,0.8943224235172059,2.7668329228372555,-5.459171161627319,-4.500275448750645,-11.133252523246322,-8.882464170541622,6.320659600415919,6.395314516213562,-6.7723022579976,0.09308360114318392,2.4402747484793705,7.806426974178484
-9.34157200407706,3.8392637172218365,3.8675569539947325,-4.839942159592842,2.946749090272598,-3.145463607114418,-2.2955938195988765,7.18731303810045,-0.5056592290425579,-4.4826009829219196,-0.19704071902361675,-0.35972965515547367,0.10704824512061728,1.0453814482707136,-2.829904458301078,-9.793874099228118,4.107164120380194,9.303983838785197,0.06397050189135223,0.24846393360498437,0.00786352458432063,-4.892964323805421,0.4105788387611623,-0.6105116948563978,5.311877571194616,0.8211740528189593,-0.5370868475258213,4.58183226793865,1.0122956897944428,5.4643635724305994,-9.257247202785523,9.70638819534394,0.08709194838135054,-0.1833836063835511,-0.3192361005704596,0.006428735997029089,4.273828181406425,0.6861645288454863,5.8091228626799944,3.8323868271762858,-8.281175132356047,1.837130269497232,1.9967616544891618,2.587768138396137,-3.2933678734600518,5.0669296485340025,-4.981996348422195,-0.5807030454321113,1.225757226302158,-0.035157698184617336
6.749522233751183,0.32809992187848314,-6.715875894011638,3.784001672425166,1.9906896208593285,10.549010547526947,8.853436371127419,-1.7662476789167219,-4.088363868169379,12.04381949177075,-0.91668207254636,-1.2862366560596843,13.061456557508972,-5.019598019313192,-6.326322246975678,-5.582258290032562,9.303983838785197,-9.564121762896553,0.6931505748754447,-6.87320072438716,1.9128841951819822,5.82313855267919,12.590005597027387,1.3980441414532936,-0.04409718322059103,2.5699064915766057,1.847199427575477,1.2184064234789513,-4.011190151427894,-1.602439912289697,18.742989815853345,0.1745059094657193,0.05050636499654093,8.791614158429724,-0.9303245887219337,-5.2589208444878075,5.5646989101572375,-3.3790041610988655,-3.5960958785838075,0.263682332478393,3.2809679899491373,4.035943581627853,-5.954719538244648,-13.794889436926278,0.1289400910530195,9.033578138715292,2.594087400306027,8.625268976512496,7.423932945292799,-1.3922735510256024
5.841721790476233,9.618412720442805,-2.9627054069038783,-2.55070110326197,2.94031770482234,-8.859323257051,2.633476799745366,-1.6184695696737181,-0.004384591806914084,-4.837475913935962,6.857522882390131,0.31644584870212544,-2.938445342819646,4.017541078436569,8.124310521597245,5.901482596514575,0.06397050189135212,0.6931505748754463,5.237642503731587,0.05597417730028659,-0.31915173459806345,-2.017225380081187,2.3813293939600224,-0.4280317468360184,-0.11552237339514426,-0.38411430050698314,-0.3841379213660109,9.160401961854989,-5.928317364380544,-7.647540820679796,-5.169250068638744,1.6082728794328065,-0.10299515226124217,0.42951076778650243,-0.19085148324723186,-0.26085456648877764,-0.19382514064892986,-10.303739372867037,7.412975275916213,4.6759642393987475,7.280297608359655,3.762348338865145,0.7286455249239994,-5.641227909260351,1.6144607373272535,-4.140605488288753,5.844465803180377,2.270343992433321,-3.0535242540348784,0.3658555276102915
-7.99717256831506,6.812828913515323,-0.8069047098236701,-6.620531713187399,-0.06506133547459503,3.416268341022244,-5.92469067944966,-2.0870046243025664,0.34283820553932065,-5.952383465535602,5.897776131377231,0.33824576657474603,2.1442861777428135,-1.4315570405305595,2.703387468069147,7.511802897254135,0.2484639336049851,-6.873200724387159,0.05597417730028645,4.890368771459995,0.18346920992831217,-7.774196920375044,1.916509684963821,-0.6637337079929864,6.280569100644428,-1.1121021462388228,-0.3584849265798937,-5.356305884633048,7.007860826591932,4.910143521454948,-0.03525846257830101,-6.2810077176929235,0.828812559108543,0.01661301444356522,0.035052444087062984,-0.1858369123740491,1.2487510669465702,2.132506019493039,-3.997646507175088,-6.571587922035525,0.5086745779768735,4.367107423974074,-2.5522365295742846,-5.252956701302885,-8.371847204297172,7.22645443483121,1.354759997697862,-6.106602366963371,3.9376689016815654,-0.20424253809643655
-1.1112983155047063,4.460429818886161,-3.213595745510942,5.882065044375444,1.179263720613039,3.3103814745107023,-6.259449764030423,1.6431003739076193,-0.22797157204706253,5.896855182499866,-5.91612944759863,0.419788220836564,1.4955699165381051,4.244159306367099,-3.8592589277822684,-2.8303069944026276,0.00786352458432027,1.912884195181982,-0.31915173459806306,0.18346920992831195,4.897987720158945,-0.21012228328092517,-3.0530689033138554,0.0658865697089619,4.784260098993006,1.7786460720914605,0.24877190757332368,-2.038338291014139,-0.027560633221641595,7.222029624558902,-0.797695879851037,-0.5417180731341681,0.4185748690616655,-0.05204066392276985,-0.14788748774541283,0.15216971544961633,-6.197070826669138,4.942308562274459,0.1038404563327846,-7.087842574446872,2.8910877978282388,-0.7702290044685753,-3.70978977380536,-2.2786876219285,9.366340510861809,4.824965943914345,-1.8447767762023064,0.7150866650846894,-5.82206727540321,0.26100584464006427
-9.517175987413424,6.464784797573702,6.25509299301121,8.134625656889678,-17.45960640270205,-15.190183561952901,-7.007124277205948,-8.31967554768178,-0.6752682185024159,-7.79152787006072,-3.909081389231723,1.2781448329710772,-9.709943052814495,2.3774888376200143,14.896984648322068,5.806860669503571,-4.892964323805421,5.823138552679191,-2.0172253800811872,-7.774196920375044,-0.21012228328092475,-7.195044338848165,-4.827804319301023,-5.076125231754493,-1.3429050605555797,-7.422394098883752,-3.322672160988581,3.826594863410024,8.5757421739158,-11.223070011471066,-12.297428638258205,-9.008766727561916,-5.37378395500397,-1.9565003580595715,3.2377452470389447,4.708217173324718,3.2591054113929427,-10.911706597853879,-15.838557968990097,-4.3249137909478765,-13.886809128263993,-5.402663007780206,0.9126693222846327,2.599798097719102,-4.835205236434764,3.566253522059793,3.9956973691165905,-7.220487765972032,-8.86813495443981,5.096600919742457
-0.13581698111372797,13.491771560625757,8.515844728703032,0.19655142371925516,-5.527706178369643,-18.642669693195938,-8.073984783466237,4.886532636671876,-4.26362545946526,-5.444341396175972,3.4224490420622464,0.2378431315362064,-7.475343797050115,3.715726538445211,7.415482281770199,10.146885501847992,0.4105788387611635,12.590005597027389,2.3813293939600237,1.9165096849638203,-3.0530689033138563,-4.8278043193010225,11.981844584959893,-3.5320356125883183,10.103641661809451,-5.231539995218136,-3.987998279773664,13.625069819329743,-10.239479365919445,-20.0862515043343,-8.84556692961959,-1.3038774476294257,-3.14999279483563,-8.137452699836313,-6.1729958213735685,7.818153424362124,-9.42868252871654,-2.4288352791386725,-2.751412608802863,-5.328889978169981,-2.954062958456215,6.6070570426946,8.59082216381493,2.3124105626654243,-6.291615026905265,-3.754239338041974,8.058743228806746,-4.030494281960652,-1.5929197004715707,-0.29846513143236164
1.828795547678225,-5.142527678973182,-0.37176608454721516,-2.11152779660947,7.80226526939501,9.46854959586314,-2.2789900544707558,-5.999054652406869,-0.3480877859614875,-3.728844289292051,-1.4212399426017166,0.03128273593129127,2.7905097021770042,0.5748554793507971,-1.3781373170985882,-5.016169094664871,-0.6105116948563978,1.398044141453294,-0.4280317468360182,-0.6637337079929863,0.065886569708962,-5.076125231754493,-3.5320356125883188,5.979740320147622,2.849519954930447,-0.25205932368872563,-0.12047655057780227,-7.055600285596849,-4.225344854867456,-2.6724287766243817,-1.0485098320992883,-6.846288659849024,0.636460792127053,0.03241656901379647,-0.5690578897342002,-0.3002476121896821,-9.264003725429372,-0.34974018577541277,1.9495207211310674,0.853441540519514,0.4060422220586042,4.459960440830237,-0.2235457657088573,-6.724372416180804,-2.9827061513784345,-0.3105280800550778,0.9922002900923418,3.2184089841060954,6.427730158791723,-0.5152127304240026
-1.6187996607194224,-1.7199778245770305,-9.753032371971699,-4.826803210667403,-0.3679509694597026,0.9012597210393691,7.687219068780342,7.877798410796527,6.885864506780621,6.0435745180734886,-4.81902572991186,3.065943596736969,2.4382651354796545,2.303310798262499,-2.084286903168182,-6.916528406660521,5.311877571194616,-0.04409718322059142,-0.11552237339514398,6.280569100644427,4.7842600989930055,-1.3429050605555795,10.10364166180945,2.8495199549304475,8.857776419996064,5.3297046387383205,-7.795700983214856,-18.439634354619052,0.4190513276012705,4.253046866968434,7.362484961806573,1.3197863140509507,4.071584153613857,-7.752350792893559,-2.466693731164605,3.999219367135317,11.019782120737707,-2.067041061080185,2.628791101522321,-1.0303428885911088,-2.128495519955511,1.1215193227404303,0.11368208963686444,-0.13255838534026265,0.4339697762555077,2.524116982100554,-2.090925937076492,10.197371301276048,2.911631351407527,4.848279552927623
-8.766699312646455,0.49469825108996013,4.950541901656472,-2.8580809482210556,-11.889129463197555,-10.563892320282624,-6.8804036641063115,-13.04491587094551,4.163808187840896,-0.40723677652463064,3.0082582071335167,2.512637110552174,-9.061684752326595,-5.568778705473209,5.049739946322173,6.575297280302228,0.8211740528189593,2.5699064915766052,-0.384114300506984,-1.112102146238823,1.7786460720914616,-7.422394098883752,-5.231539995218136,-0.2520593236887264,5.329704638738322,12.742494110428876,1.812147243354229,8.843876822919327,5.070346789024627,-6.95298574999338,1.2026465234153327,-6.223823904473816,-4.6561197264103935,-3.1900840492319453,2.0302472339973523,-0.6133068841764382,1.808672461791644,-11.12266352302032,-5.581978001651482,-17.789835803613425,-3.8096334874604154,6.940691457628001,0.5495202037046993,6.745307203127052,-4.323939581496947,-7.185661954093756,8.790487936991834,-3.855559870399995,-18.227540973048495,6.4456355162090295
-1.0311620972248599,-0.7781492705967461,7.2973820426954905,5.999026374454655,-1.7457606596136936,6.451553951522017,-2.481378653458373,3.0994673202231233,-0.27703075083201245,1.9139714583120881,0.3058743119646221,0.10752791671324391,5.014368172078274,0.1062283484338856,-2.4143243387202995,-5.4627086436682255,-0.5370868475258215,1.8471994275754766,-0.38413792136601066,-0.3584849265798935,0.24877190757332354,-3.3226721609885814,-3.9879982797736644,-0.12047655057780315,-7.795700983214856,1.8121472433542285,4.567098671067308,2.8357402662810607,-0.2588468956957194,-2.281815957722012,3.1036144926628753,0.9854124911656343,-0.1553037715005119,0.6987026438269613,0.037691853702882694,0.3498628230349447,-0.09003166764007475,0.01609984327902636,4.890368466663927,-0.6103836979810624,-4.003785263520339,-2.766801701735819,-5.010387185498658,0.3390944901623495,-2.202163584013971,-3.37079635310249,4.019362144677819,-1.9875017220034064,-9.561164356298901,-0.39998880943697857
0.7198178243264386,-13.500365964826704,-8.33091608220779,-3.5309374021915256,9.734115133554168,9.533746480831416,9.942791768287762,-7.721067535395763,-8.958150979780173,10.191313627565052,-12.704721114979277,8.822822397721492,1.216509481890979,-12.537597070128168,-0.994261013055214,-1.8431212243553943,4.58183226793865,1.2184064234789513,9.160401961854989,-5.356305884633048,-2.03833829101414,3.8265948634100235,13.625069819329743,-7.055600285596849,-18.439634354619052,8.843876822919327,2.8357402662810607,-8.190513678240432,0.9252015849919998,0.14544174322075742,7.136527471442052,4.526753673239763,-1.2243272500262135,-5.231462971861848,-2.3930619243949103,-2.8956366050132893,11.215839450466222,10.647950640784087,-1.5773586585472725,-0.3065751448095271,-3.8352843567478234,-5.366420992047428,-10.459254599742174,2.6079846944894767,-2.002358934713463,6.450617853662369,-6.663733118508363,-2.2441409966900663,12.755722054265448,3.8542424888638287
5.286535882794365,3.3351127284923545,-7.399427143868804,-8.164370394886662,4.331182985626493,-3.4796368491431555,1.825294388292325,5.53459068903047,-2.7707179998747753,8.412872343479098,-8.919742722123939,-5.890588473674948,5.40323410562086,-1.619741566548012,8.590261099064678,1.5080811068857622,1.012295689794443,-4.011190151427893,-5.928317364380545,7.007860826591933,-0.027560633221642483,8.575742173915803,-10.239479365919445,-4.225344854867457,0.4190513276012701,5.070346789024627,-0.25884689569571895,0.9252015849919997,-1.2518020692219194,9.54208243464383,-7.348260289774683,12.849129529602163,-0.654748437575116,-3.074880987115294,1.324786869347856,6.025466853547543,3.645869399078455,8.37945241576032,-2.4029985953268893,13.15701943325428,15.464287407721208,-0.03777529230908733,6.4172453784227885,-10.548844731961626,7.378732991438294,9.090785506895225,0.7077150244740674,-6.976554197986094,3.499909953754746,3.404974492010804
2.2351619129404012,9.728527195091457,6.317654874690788,8.160698439501225,-8.86432300543336,-8.189788085390793,-3.0040371035959303,8.269574275416344,-8.755550271068183,-4.787426037686499,-0.22954392185118855,-5.944005861744395,-15.128589160688726,8.645316044553873,3.685971293430995,16.122541939679255,5.4643635724306,-1.602439912289695,-7.647540820679797,4.910143521454947,7.222029624558902,-11.223070011471066,-20.0862515043343,-2.672428776624381,4.253046866968434,-6.95298574999338,-2.2818159577220127,0.14544174322075787,9.54208243464383,-4.3261921708414635,-13.058550718746442,-8.438270809397288,-3.129973320787192,-4.519078814453869,-2.6757453411445686,-4.702639286797859,4.613935840801032,4.894364500198879,-4.488749307382399,-15.987184266419394,1.8823990014843208,10.310065171975218,13.352977783553506,11.305838869716615,-8.226005314916197,-5.013914988104164,12.915956808634606,-0.9027802724055757,-8.150556791893019,0.1035067866888939
-10.684527035218931,1.0691728200576351,1.4430233759717583,2.609888028665933,-5.166071246842638,-13.424544425777091,-5.80706536986858,-9.324664617322414,-0.9197753792368594,-1.85945715642037,4.743214430612913,-1.138799695116879,1.8827286163666617,11.091692043302185,4.8510637790612945,14.89331058766724,-9.257247202785523,18.742989815853345,-5.169250068638745,-0.0352584625783009,-0.797695879851038,-12.297428638258204,-8.84556692961959,-1.0485098320992883,7.362484961806573,1.2026465234153325,3.1036144926628753,7.136527471442053,-7.348260289774682,-13.058550718746442,3.3486927324725624,-2.0616097595827596,-3.261071278094734,7.618424790071466,7.479347793624596,10.107873659811899,-12.099496707308312,-8.303980361219994,-12.878025049063737,-6.640714885963373,-14.99478276667806,15.970799316810353,-1.4279778868415385,0.6094280377006245,-5.045350904711033,-5.734193605189964,-2.320869052938943,-10.454897491721137,1.711711167113747,-7.481592454001245
-8.915987396817304,8.198643785885373,10.103212767579718,8.422850092781605,-14.6172611353565,2.159169946669685,-10.123230969452095,0.09400807924963253,-3.1469958638372035,-11.309983671739765,13.894734098911034,-8.821252842548862,-7.145593623971408,11.511266468702727,9.224706967307574,13.347435637502425,9.70638819534394,0.17450590946571998,1.6082728794328065,-6.281007717692924,-0.5417180731341678,-9.008766727561918,-1.3038774476294257,-6.846288659849024,1.3197863140509507,-6.223823904473817,0.9854124911656335,4.526753673239763,12.849129529602163,-8.438270809397288,-2.0616097595827596,-3.726690405746031,3.531299850241469,-3.3386097199586837,-1.9022337758818497,-4.159898905000782,-0.8080898830787149,-6.834328773865895,-0.4555753723353133,1.984299299479763,-4.985839213021944,2.4486979754932188,13.607306406776786,6.766213462857474,-0.655436633003222,-6.977272330916185,2.2695875124171616,-2.8035141049797154,-13.023649567375537,0.9032357438456293
8.197272650748449,3.9211889491085294,5.128518429249869,-0.4661140605112086,-4.190888103569476,2.3925019965120664,-0.07568920361382858,-1.9081113439750155,-0.2867841804892741,1.2815115203221747,-3.7729669308938947,0.003172677968038773,-5.469323568345834,1.536944773416625,-2.6927988818773834,8.261068821724681,0.08709194838135059,0.05050636499654093,-0.10299515226124151,0.8288125591085421,0.4185748690616644,-5.373783955003969,-3.1499927948356294,0.6364607921270529,4.071584153613858,-4.656119726410395,-0.1553037715005115,-1.2243272500262132,-0.6547484375751161,-3.1299733207871916,-3.261071278094734,3.531299850241469,4.620183823804247,-0.4154795577921741,0.18555845606104793,-0.5542906984308772,-3.3599469370963195,6.216630887030237,-9.831714367133332,3.439292456775019,-2.3515202866729754,-2.1317318563283463,-2.883328149137199,-4.308746443978085,7.4076661038854255,-8.212610327932497,-5.26423489989439,1.7473745845650268,-6.016877611063905,-0.19553897349597715
6.35010604019072,-0.17976835740688646,-1.5120513475025334,5.501828163871797,-1.0887080961357272,-0.5651851807766435,0.27163103544408074,7.15644866748616,0.35462700678052017,8.519889738063613,5.0775122925486444,0.1981074448466289,8.869254645643776,4.996817160294203,-4.535607380369378,0.386903658773986,-0.18338360638355145,8.791614158429724,0.429510767786504,0.01661301444356389,-0.05204066392276968,-1.9565003580595715,-8.137452699836313,0.03241656901379647,-7.752350792893558,-3.190084049231946,0.6987026438269619,-5.2314629718618475,-3.074880987115294,-4.519078814453868,7.618424790071467,-3.3386097199586837,-0.41547955779217405,4.273833057941006,0.26448603114465263,0.09387436830533596,4.237108793445228,-0.49574915523103114,-4.163024282775471,-2.203192287040127,1.090420850421301,-1.0142087560169442,0.4962741152843171,-7.7757494707828245,-2.7661393248200863,4.347870108004256,-2.556982293222942,-0.588737701942372,6.18844765921607,-0.4193254983071141
5.55259898488462,2.3806099257619118,-7.2419224565887905,3.9440120036424555,-5.531058148903215,4.693529331704946,4.973397305803275,2.942752423051392,-0.4654411270120115,-2.4586542379167273,-1.5662846881528234,0.3134954708168173,6.121720947558617,0.4810273020441491,4.21571008134632,6.870160526275467,-0.31923610057046,-0.9303245887219345,-0.19085148324723133,0.0350524440870629,-0.1478874877454118,3.237745247038944,-6.1729958213735685,-0.569057889734201,-2.4666937311646064,2.0302472339973527,0.03769185370288364,-2.3930619243949116,1.3247868693478564,-2.6757453411445686,7.479347793624596,-1.9022337758818504,0.18555845606104815,0.26448603114465297,4.638597486041444,0.22962837591039942,-8.856645452001958,-0.15323928865560332,-1.7280068861513254,-7.855026207289421,9.607314545238847,-1.3113835748745644,0.9738384578148181,0.9927065309881222,-7.437690221848021,-7.58565162937839,6.448523230717969,-4.575587560245063,-6.638822682734378,-0.4592040986983206
-2.937020441423899,-5.8204675254266025,1.8691588792987344,-6.426221140123079,-4.027597502185427,10.258085596963134,3.002303233795275,5.773480489259116,0.37482261063155486,1.1970678605150409,-0.7273942494523129,0.8056171667087819,-7.84128174951696,0.4248055889007142,-4.123763184386147,-3.0780496147178025,0.006428735997028867,-5.2589208444878075,-0.26085456648877825,-0.1858369123740493,0.1521697154496162,4.708217173324718,7.818153424362125,-0.300247612189681,3.9992193671353164,-0.6133068841764377,0.3498628230349452,-2.895636605013289,6.025466853547543,-4.702639286797859,10.107873659811899,-4.159898905000782,-0.5542906984308769,0.0938743683053358,0.22962837591039953,4.228792172304862,4.137309064668793,-0.20479289710014903,4.7804324499746365,-7.097344253990251,-1.4816061929904476,3.7733635255578135,-3.738563868142374,8.1289344375929,1.2508178415544868,-1.9931892553038357,-0.7210430592082727,2.7374486348080054,-4.31416966765596,-0.5737322013411078
-15.254427750832356,11.348285902850234,-1.821416261734786,9.307044092863975,-9.183137259212957,-2.303889405423453,-1.0877188953715378,-14.797439828045684,-1.0895457382324496,-11.221785588290068,-1.394574623227179,-3.6971993948352275,-5.887278921888733,4.321400494853024,-5.817021852782046,3.1666242112951757,4.273828181406425,5.564698910157238,-0.19382514064892953,1.24875106694657,-6.197070826669138,3.2591054113929423,-9.42868252871654,-9.264003725429372,11.019782120737707,1.8086724617916428,-0.09003166764007459,11.215839450466223,3.645869399078454,4.613935840801033,-12.099496707308312,-0.8080898830787147,-3.35994693709632,4.237108793445228,-8.856645452001956,4.137309064668793,-6.132464255792527,2.7148500809087723,-3.9692165949034064,-6.952628270141538,-9.144703307525221,15.667598848794501,8.870062587053539,9.67516053576796,-5.07482507682155,-6.812176496011516,6.9073150577158895,-9.81435088008721,-14.414394783216437,-5.142396958321836
0.3408602635571223,-4.282644695925017,16.204434554651435,8.321961449896126,-6.229042041669626,-1.777926346575362,-1.4665590223322311,-12.83294546982836,8.189582083601683,-13.495595318594528,11.823878684178563,-0.2054225090416455,-7.859732068230241,-8.975639873224965,4.40584618557303,18.4853425887946,0.686164528845486,-3.3790041610988655,-10.303739372867039,2.1325060194930385,4.942308562274458,-10.911706597853879,-2.4288352791386716,-0.349740185775413,-2.067041061080185,-11.12266352302032,0.01609984327902636,10.647950640784087,8.37945241576032,4.894364500198879,-8.303980361219994,-6.834328773865895,6.216630887030238,-0.4957491552310318,-0.15323928865560327,-0.20479289710014908,2.7148500809087723,-4.471166861896107,-15.384605156682595,-2.152685005520925,-12.01799712260123,0.3778740881665652,7.076349040178049,7.829092849964854,-5.987639188961085,-12.377161590026326,4.518370746550122,-0.7860068124905563,-4.478862888710609,9.337573038425557
-14.844657959989842,3.6592751394410166,17.58200739322191,5.453222219409077,0.7128859063405486,1.7674978668363615,-2.9077814548390166,-7.4757322864920726,6.067639672072342,0.5768528295563181,1.5170029858983112,4.478220988915837,-0.7788013567181122,3.031074021652858,-0.3159413206612831,0.8943224235172055,5.809122862679995,-3.5960958785838084,7.412975275916213,-3.9976465071750873,0.10384045633278377,-15.838557968990097,-2.7514126088028643,1.9495207211310688,2.6287911015223204,-5.581978001651481,4.890368466663928,-1.5773586585472728,-2.4029985953268893,-4.488749307382399,-12.878025049063737,-0.4555753723353126,-9.83171436713333,-4.1630242827754715,-1.7280068861513254,4.780432449974636,-3.9692165949034055,-15.384605156682596,4.970445326721294,-2.290164154846468,-9.011322928502935,13.90175704038905,15.496492422133915,-2.489971360797038,-6.935202227628182,-4.21580391644063,5.426079622893424,-7.062610118453625,-3.8890572788067286,1.632346204202991
1.386179900369691,7.836550687316321,2.4311136485783438,11.0508362389884,0.9735011331178732,-2.904459869460797,-10.982015776253819,-14.601036587933427,-7.08033592387312,-0.02062367171963242,5.64249204849346,-3.8585882687280035,-7.151797764618491,17.298761192732034,6.875150482982939,2.7668329228372555,3.832386827176286,0.2636823324783931,4.675964239398748,-6.571587922035525,-7.087842574446872,-4.3249137909478765,-5.328889978169981,0.8534415405195139,-1.0303428885911086,-17.789835803613425,-0.6103836979810628,-0.3065751448095275,13.15701943325428,-15.987184266419394,-6.640714885963371,1.9842992994797635,3.4392924567750205,-2.2031922870401264,-7.855026207289422,-7.097344253990251,-6.952628270141538,-2.1526850055209255,-2.290164154846468,5.99216213487643,-10.290540577369622,6.234713713421984,4.275901943185123,8.471169113536602,-6.968882702941249,-0.3770144908413483,-0.26453148769466706,-7.019047152197399,-8.442736107621709,4.939513098572534
-8.079717926505406,6.017414276720077,2.077784022053498,6.210091660161108,-11.12530062303505,-4.13720424766064,1.0082148520324625,-6.974736017195242,-1.163518664769937,0.7734963796968028,-7.8901589787688895,6.193402894742659,-8.500500369993722,-0.28211032333413566,10.92215042044639,-5.45917116162732,-8.281175132356047,3.2809679899491386,7.280297608359656,0.508674577976874,2.891087797828238,-13.886809128263994,-2.9540629584562157,0.4060422220586033,-2.12849551995551,-3.809633487460416,-4.003785263520338,-3.8352843567478225,15.464287407721208,1.8823990014843206,-14.994782766678062,-4.985839213021945,-2.351520286672976,1.0904208504213013,9.607314545238848,-1.4816061929904476,-9.144703307525221,-12.01799712260123,-9.011322928502935,-10.290540577369622,-2.985562375363209,11.177568981069886,-3.492171239533887,-0.6112294593111187,-4.250957407045075,5.552281614057766,-5.19355655264373,-9.416743889602047,9.469758881666083,1.2718179846414435
5.257764309549909,0.7840322994374018,-1.2706556749704592,0.288411248734592,7.328345217545271,2.36076123541587,1.2379107631145396,12.805423510864555,5.518401304783266,9.495747757311761,4.703927304473299,2.6493944303420296,6.654264510243616,-11.994301798584566,-6.620827841469099,-4.500275448750644,1.8371302694972316,4.035943581627853,3.762348338865146,4.367107423974074,-0.770229004468576,-5.402663007780206,6.607057042694599,4.459960440830236,1.1215193227404303,6.940691457628001,-2.766801701735818,-5.366420992047428,-0.03777529230908672,10.310065171975218,15.970799316810353,2.4486979754932197,-2.1317318563283467,-1.0142087560169446,-1.3113835748745646,3.773363525557813,15.667598848794501,0.3778740881665652,13.90175704038905,6.234713713421984,11.177568981069886,-12.439180472136457,-6.935096050197988,-8.399094761305406,9.821597909634557,-3.5901351129829235,1.6863826498914491,1.9538733658572816,6.176110118617333,-0.5435481111908
2.36158138182295,-4.086101379566875,-6.3784107878841345,-4.008588873332051,7.317595061361512,11.471759288853018,6.285851743198476,-9.361386357170764,-3.2619390702658886,5.256384963728337,-15.967349014999648,-2.2630172543411122,3.0009199807993854,-7.575581795830075,-6.335007270728847,-11.133252523246322,1.9967616544891613,-5.954719538244648,0.728645524923999,-2.5522365295742846,-3.7097897738053605,0.9126693222846328,8.590822163814929,-0.22354576570885776,0.11368208963686463,0.5495202037046982,-5.010387185498658,-10.459254599742176,6.4172453784227885,13.352977783553506,-1.4279778868415385,13.607306406776786,-2.8833281491371996,0.49627411528431753,0.9738384578148177,-3.738563868142374,8.870062587053537,7.076349040178049,15.496492422133915,4.275901943185122,-3.4921712395338864,-6.935096050197987,1.3797540125574708,-3.663315541705949,0.9348144861229178,-0.6545598818086288,-9.613355301180942,1.6872423396399345,11.892645448873644,2.7655055833568545
7.7746361693592725,-4.032284235506856,-18.711899913223935,0.14411971288951775,-2.6501226076250832,3.169555013182779,10.401658259226709,2.7795546999229863,1.3040652797110166,8.429714381613568,-7.6927382333356835,-2.3034299295769394,3.7871397633694226,2.170293810479213,-11.56292764739623,-8.882464170541622,2.587768138396137,-13.794889436926278,-5.64122790926035,-5.252956701302887,-2.278687621928501,2.599798097719102,2.3124105626654243,-6.724372416180805,-0.13255838534026343,6.7453072031270525,0.33909449016234794,2.6079846944894776,-10.548844731961626,11.305838869716615,0.6094280377006247,6.766213462857473,-4.308746443978085,-7.7757494707828245,0.9927065309881216,8.1289344375929,9.67516053576796,7.829092849964853,-2.4899713607970377,8.471169113536602,-0.6112294593111187,-8.399094761305406,-3.6633155417059484,-5.9019161975572985,2.7385942149037072,1.8652777507050955,-11.687018480079024,5.694096310231241,-0.6953095170944935,6.4093299127612635
0.8208237883865663,5.669092404088344,0.16845588864319683,10.627105905708431,4.451177634075824,-13.76966672800028,-0.3594103226446812,4.530791467149294,-4.755951762768666,-6.406427664189509,6.276838970948855,3.5939084046506413,3.082960872137785,12.362288462361692,10.023585031382765,6.320659600415918,-3.293367873460052,0.1289400910530194,1.6144607373272533,-8.371847204297174,9.366340510861809,-4.835205236434764,-6.291615026905266,-2.9827061513784345,0.433969776255508,-4.323939581496948,-2.202163584013971,-2.0023589347134623,7.3787329914382935,-8.226005314916197,-5.045350904711033,-0.6554366330032219,7.4076661038854255,-2.766139324820087,-7.437690221848021,1.2508178415544864,-5.07482507682155,-5.987639188961085,-6.9352022276281815,-6.968882702941249,-4.250957407045075,9.821597909634557,0.934814486122918,2.7385942149037072,1.0257811186244252,-5.523418219168312,1.5218702146218963,-0.12962657713437148,-13.612052654173795,-4.101418625730826
-5.483961668333409,12.506123388720225,12.543952302352558,7.491483187325421,-1.8163469367137215,-10.733884483317082,-9.926594207282184,-4.163870987233728,-4.546832778089259,5.463025602130497,4.715785709486214,4.294764799287309,-11.151568084535327,4.327792384701011,11.056613899347534,6.395314516213561,5.0669296485340025,9.033578138715294,-4.140605488288753,7.2264544348312105,4.824965943914345,3.566253522059793,-3.754239338041975,-0.31052808005507837,2.524116982100554,-7.185661954093756,-3.3707963531024903,6.450617853662369,9.090785506895225,-5.013914988104164,-5.734193605189964,-6.977272330916184,-8.212610327932495,4.347870108004256,-7.58565162937839,-1.9931892553038362,-6.812176496011516,-12.377161590026326,-4.21580391644063,-0.37701449084134797,5.552281614057765,-3.5901351129829244,-0.6545598818086287,1.8652777507050962,-5.523418219168311,6.3143085845231735,1.5341339652832633,3.152342742309246,-5.197289986782747,2.4867402645830246
-0.4088626681287151,-9.324712868682793,-6.344369888348514,1.8081547519348458,0.6786413642123312,13.012741510222805,5.3090856794216315,3.6679068398638486,3.6331391177559844,-3.7385893509085264,-3.7121667932237497,0.796764012428817,6.634451021273803,-7.36970772914619,-15.427992317813446,-6.7723022579976,-4.981996348422194,2.594087400306027,5.844465803180377,1.3547599976978617,-1.844776776202306,3.995697369116592,8.058743228806746,0.9922002900923412,-2.090925937076492,8.790487936991832,4.01936214467782,-6.663733118508362,0.707715024474068,12.915956808634608,-2.3208690529389426,2.269587512417163,-5.264234899894391,-2.5569822932229416,6.448523230717968,-0.7210430592082729,6.907315057715889,4.51837074655012,5.426079622893424,-0.2645314876946676,-5.19355655264373,1.6863826498914485,-9.613355301180942,-11.687018480079024,1.5218702146218963,1.534133965283264,-2.898848869737689,10.973875432524796,15.768606898405972,-1.1324089956822936
-8.642844635516424,3.769970357897323,3.4060851355651187,-4.630008734098586,-2.7549494899338995,-6.423366978499306,-16.61217107032911,-4.630827987414415,5.745092942480558,-5.201750471842594,16.81844344902834,-2.905957505505831,-3.075142404347828,6.140923724473447,3.5220364605084225,0.09308360114318395,-0.5807030454321114,8.625268976512496,2.270343992433321,-6.10660236696337,0.7150866650846887,-7.220487765972032,-4.030494281960652,3.2184089841060954,10.197371301276048,-3.855559870399995,-1.9875017220034064,-2.244140996690066,-6.976554197986094,-0.9027802724055753,-10.454897491721137,-2.8035141049797154,1.747374584565026,-0.5887377019423723,-4.575587560245064,2.737448634808004,-9.814350880087208,-0.7860068124905566,-7.062610118453625,-7.0190471521974,-9.416743889602046,1.953873365857281,1.6872423396399343,5.694096310231241,-0.12962657713437142,3.1523427423092456,10.973875432524796,12.983548132328679,1.1528776259731908,-4.815300064426365
-16.535687009657604,4.934335870149113,1.1810221028678114,4.0957465661193115,-0.3785135793802264,-4.801949549609408,-1.2038920769240689,-7.162026070252623,1.7147279801714628,-20.13020651102979,6.6867309238500034,8.028807768513316,-13.64228630052076,2.9127919284544506,3.671588647362474,2.440274748479371,1.225757226302158,7.423932945292798,-3.053524254034879,3.9376689016815654,-5.82206727540321,-8.86813495443981,-1.5929197004715705,6.427730158791723,2.9116313514075274,-18.227540973048495,-9.561164356298901,12.755722054265448,3.499909953754746,-8.150556791893017,1.7117111671137466,-13.023649567375537,-6.016877611063905,6.18844765921607,-6.638822682734377,-4.31416966765596,-14.414394783216437,-4.47886288871061,-3.889057278806729,-8.442736107621709,9.469758881666083,6.176110118617333,11.892645448873644,-0.695309517094493,-13.612052654173796,-5.197289986782747,15.76860689840597,1.1528776259731908,11.72309409087414,0.9193545066287943
-4.18233623691035,-1.2185739578755195,5.598962104808338,-6.990160497145041,2.91567146647148,3.4878465804169383,5.9357683518240005,7.775082562383953,0.38739966725171193,-8.486663697302186,2.0657179647686164,0.26728491102365526,4.110520670806219,-3.4201706875853737,-5.572990396274539,7.806426974178483,-0.035157698184616226,-1.3922735510256021,0.3658555276102904,-0.20424253809643633,0.2610058446400644,5.096600919742457,-0.29846513143236175,-0.515212730424004,4.848279552927623,6.44563551620903,-0.39998880943697895,3.854242488863829,3.404974492010804,0.1035067866888939,-7.481592454001245,0.9032357438456302,-0.19553897349597704,-0.41932549830711363,-0.45920409869832013,-0.5737322013411078,-5.142396958321836,9.337573038425557,1.6323462042029904,4.939513098572534,1.2718179846414435,-0.5435481111908005,2.7655055833568554,6.4093299127612635,-4.101418625730826,2.4867402645830237,-1.132408995682293,-4.815300064426365,0.9193545066287938,4.808312125499792
