n
50
c
10.625436043615947 -12.292333401299956 -206.07857365090746 148.42688815409022 -153.20677546270022 190.52816712204535 -4.001512697523367 216.1955768008548 187.35952134289835 -196.35680351589087 168.7226804623507 210.6912440117335 -10.919519221804919 -167.92079409734393 211.14813301059587 14.917585837593748 211.5228422260106 167.74122662002372 -155.29915936266545 222.27999717634648 -23.593074850721095 -173.18943614445044 176.7257515956895 211.96208761124478 176.14370344659642 162.53269077589317 -210.8378260249293 20.553895790028697 214.11157984836376 -15.32842566984655 128.9646039702708 208.10756369922967 -36.7866412433935 13.811644752181186 226.8307600578254 11.651180902355625 220.46750303724582 141.95871882571763 -192.50440153022086 -170.5005124865613 -235.06312216865294 -195.38960070254672 18.997809054943062 -10.44020199603798 -33.56396991327872 -219.93982648001213 -156.03566833760138 -150.9126737529106 175.54922866836776 -168.1635332221076
Q
5.687920391261466,-0.4534847606800523,-2.65054716054596,-1.6998923455090862,-4.399423818658433,2.1471926285480545,0.5925078298292203,3.3952481831317507,-1.104944069723834,0.35754913659479715,1.167029147946469,5.15192258412509,-0.012518363152649425,-2.2160731531057998,3.944934517012914,0.1959755455768646,4.3297992508123,7.975956579825597,2.633385982743072,2.5568042883880544,0.17833952554211385,4.374435271076463,-8.954074880937764,-0.5394895062106821,-4.2889459141891715,3.3132050240113537,-3.5759685366879816,0.2144690271958793,-3.731409422745859,0.05731612329282948,-4.798578514240041,6.8163579759065875,-0.3206893690202166,-0.5513418392060057,-1.0017976685199896,-0.2929800971001968,2.6186565548172154,-3.252180692800226,3.6038190621724744,4.605126467193216,-4.692176811787786,2.205073933384724,-0.015330141944521924,0.6894586207708343,-0.7595900851173998,-8.409730928937233,3.0178147053960043,-4.345650637830924,-1.6622446874652468,-1.91700641120339
-0.45348476068005117,5.887848857883871,-0.4166114609054177,-7.380541997660217,7.941881343296904,-3.7870810276277145,-0.3525485299525335,4.257241129915396,2.611322513859817,4.044396350860835,2.053563913362738,2.0065105608898524,-0.6953918849568264,-2.250363654874439,5.985996180703398,0.2095420164290559,-0.4934515006654905,-2.950814093202385,-3.4469893619490186,0.05551985195521014,0.3358083969715181,6.130525033691637,-4.919120525778764,0.4368720868627162,-2.373152146035824,-2.9607306751614333,9.449289391982381,-0.5380908299622753,0.6701152237665133,0.3458083237067603,7.372256914159126,-9.095771044245987,-0.809944107291287,0.8283500624853176,-3.36011268230608,0.20580733482738123,-1.3151669757880156,7.450662084690633,-5.879556106174108,-3.607193030810547,-2.061419431821572,8.605488948894681,0.6108701098491548,0.5768905246647069,0.3853352571799554,2.063626966631329,-10.582710638420853,0.6852717112818466,0.7370176786033149,-0.8451067288968708
-2.6505471605459587,-0.41661146090541806,8.979507914538821,16.053647214681806,5.917698720468351,1.526619484215107,-5.5702370158642545,-0.1347017608636074,2.345100561478609,-2.605161759708128,12.742677167345901,7.736774290777635,4.420996799500399,-5.820539697331116,7.058103404214452,-6.954823689764304,-3.9033042097726383,8.232198793623036,-15.307757054287347,8.585526903249184,-1.7725214261503455,-4.81539072842959,-7.076083511967322,-10.192495250202308,-1.1404819396562331,7.8138566257696835,-6.851250923610654,-4.377629453939317,0.9612841426713911,5.041943433756105,9.615033329847947,5.657272314154879,7.627526443177579,1.088216045763309,4.836097146111096,7.239257726728669,5.395086439390305,4.522397998348108,-10.540117639935481,-8.278016913070307,5.302418908713147,-6.799107869033598,-5.020860441032487,8.804025841434138,7.8834262255430545,-3.5994531826303198,-7.2622975035445645,0.9993173090688843,3.8845694659472176,2.0480636749012433
-1.6998923455090873,-7.380541997660215,16.053647214681806,6.679311975095227,8.908587501390196,1.0817929326514981,6.201195093105108,-7.756216909793879,-2.0577908416567703,2.840629747262999,-4.3519533552482805,-8.832601617652553,-2.2051322279942918,16.054299132411174,-4.330134031849884,3.7876287985637704,-15.090820355189697,-5.743281259588375,1.6339134031652605,-11.234987954383426,1.8358923529280138,7.588076132249766,-11.796602743417285,-9.99696591126042,-4.30555070065393,-9.37169900448033,8.28651651046149,2.7244383669838594,-5.991312019329929,0.5335095859578854,2.4127107236888943,-0.29957724423182974,-2.365582566153966,4.846382127998062,-5.920923510518291,0.9098731167261651,-10.363289792649798,-4.733073119342969,13.594597614160893,3.5648177160833723,0.8767974385921881,12.044138981745173,1.1662072903494363,6.039141027052843,-0.8459910444580097,5.722429937243604,2.2673007481511744,7.947418345135614,-7.481329679271166,2.3498678673326943
-4.399423818658434,7.941881343296906,5.91769872046835,8.908587501390194,-4.4126121886250775,3.030681948231212,0.706729087056017,3.646937774417448,6.858830191831506,-4.652523675761215,14.793804933732511,3.762954436043389,-3.727438096417819,-14.831596781298922,14.277710018471794,0.8929622092712151,7.260046016490261,9.895550308997995,-6.194980427624235,-3.0839588349397244,-6.106372164163574,-11.022658156167402,0.19511535596172658,6.5579727651346165,11.31429158831543,7.128071450410543,-6.037418117500762,1.6829669489976518,-5.895472922632339,0.9240628768965438,7.47394086878878,6.087996040082761,4.1854377828202365,2.777778261324925,7.851158875256355,-0.09289325172922991,2.461562427002126,6.463053890550288,-6.743034614978013,-1.937135989441886,-10.272974794608638,-1.5152201346070555,-1.7502184828922565,-2.123307831080243,9.249769406838352,-11.92270065837423,-6.615538725885407,-9.8841054419332,6.247682281703242,-5.032124952290831
2.1471926285480545,-3.7870810276277123,1.5266194842151068,1.0817929326514972,3.030681948231211,4.582479621492536,1.1793012780434178,-5.738801821481122,-13.509810487823756,1.5025493044439924,1.980444424124049,-10.187443150735668,-4.9899501444258245,19.879979011153793,-1.4734617564773997,7.262193208597964,-8.982031258434686,-4.705239941593664,2.2457662296024368,-8.836006778552663,-4.546396313094017,0.6233799260425472,-10.547053037741406,-10.598494594077291,-3.3893030916010427,4.3307538556018965,2.637140122855996,-0.9069939406177465,-12.018187104163694,6.58074235366242,-8.665033858047325,-1.9085276054594515,1.956654769730215,0.5834825051741457,-8.15162965947224,3.689235647375938,-8.916361605438043,7.341506195376036,4.431170265640695,7.076183178013912,6.982191476924503,9.827923733564349,1.4248641456274553,7.808539237362406,3.8663459924848884,1.172885627892992,5.1316709474557305,1.7584766769921725,-6.990135429228662,4.08086968509364
0.5925078298292192,-0.35254852995253294,-5.570237015864253,6.201195093105106,0.7067290870560157,1.1793012780434176,6.87877387492939,-5.567148801885673,-9.31066006803025,-1.4488153994511785,-7.616644942180918,-6.314105595751906,0.6447606121543563,5.237992840438309,3.9006185331735175,0.5516338343207059,-2.9543279713072708,-4.891870239359925,6.254767408245801,-1.6005417837680953,0.3809858250314,-1.7769128555708613,4.751698491370831,-0.7989796127050663,3.1912384487459433,-1.2713119277269298,-1.9753534017576477,0.1050166601426787,-5.381821120565733,-0.23879490615704874,3.7302176820924955,-1.891895557606123,0.45743610284830694,-0.1768958030995737,-0.6018437296625018,-0.9305536924396935,-3.3224236936300087,6.03235423695049,-0.6765782427876974,-3.6716552949373646,1.5359113277922192,3.8118196105052222,0.3548726481150286,0.14578190276284086,-0.08320426184295271,2.0286989982447285,-4.984676130971697,-0.458010421673249,2.5176191962004024,1.1604111025681412
3.3952481831317507,4.257241129915395,-0.13470176086360697,-7.756216909793879,3.6469377744174487,-5.738801821481122,-5.567148801885673,-0.8632745080893809,-2.283598480956715,-3.2875846448139976,-8.309567676501503,2.6877119474583706,2.2059270906440123,1.2292383213234683,-10.286678225459521,3.3561024368428813,-1.588460797942504,-3.596683374859413,17.81076581705095,-12.683897400038546,-1.9174720524485453,-4.669771449035947,3.226475979938451,-8.06587027569791,0.04571502603055591,-6.593196674699978,1.454636889172706,-2.183428790900491,-10.989798798624676,6.326602201859011,-3.552091249087485,-8.084871870824342,3.5610020991933626,-7.784593118908204,-0.6807273457628393,8.04040144423441,-9.192802956879241,1.9117160831245577,3.470430845475536,0.30381542600994793,9.665111450156022,17.069655382700834,-4.3609649786675275,-5.239741721800865,-9.195414255438223,-2.0803300177144046,-0.08324163572781701,-3.0367905050030646,-12.058359703551876,9.185110883463457
-1.1049440697238342,2.6113225138598155,2.345100561478608,-2.057790841656769,6.8588301918315056,-13.509810487823758,-9.310660068030248,-2.2835984809567136,-9.64361529222138,-2.442505937357107,-10.83857380926416,-8.891132947254851,-1.6569218174032796,16.221081083513877,-8.329282872037595,-0.07532751922692221,-0.8254766065451866,-3.7565577731880055,-2.526990549491208,-0.771686390362459,5.90419398275742,5.588587643982245,8.22853342017153,1.9336628746583373,-3.277296131212311,-1.7506309715453348,14.38820401749749,0.07968436653534998,-8.575295878362908,-3.335334594239906,-10.285521341409654,-4.993686547114308,5.800704985756943,9.530904521739597,-11.896465752412173,5.196802698001616,-5.801326617524582,1.067706550190254,0.3623151018918802,5.003926320288418,6.293845480674076,0.7684216048490526,-6.160219722573541,-5.760644423321148,-1.7906616568232427,9.652904195215871,-1.2665861722370468,4.149416947633976,-6.900209329886077,-5.089431848349059
0.3575491365947976,4.044396350860834,-2.6051617597081274,2.840629747262998,-4.652523675761215,1.5025493044439935,-1.448815399451178,-3.2875846448139994,-2.4425059373571076,12.524490017770082,2.9163542593770173,2.537701557146249,3.8157257451214566,-10.373947120850534,13.253223878329864,-4.028029226068438,-1.4358240010311722,0.7043203285333971,-20.284201957276185,4.838861677773375,-0.24721207565955527,0.9997205205697073,5.062227596761755,3.6826395612894762,-3.9374643256881194,1.4640561174107487,0.2934004161597039,0.3738989153960439,0.21652224219348448,0.9937633572607929,3.7753715113550927,0.6091839053203436,9.908417171823352,-0.28764355442464873,-7.507785968111718,-1.0411829570845827,0.7279487420624721,5.289945149922209,-11.403874772003102,-3.461287448529385,-7.208079264402987,-3.8599532335120075,7.491362127822286,6.229420703822538,2.3560961381475973,5.975902141529229,-2.7271287842705303,-3.566294951447911,5.897271967857431,-6.566128511176793
1.16702914794647,2.053563913362736,12.742677167345901,-4.35195335524828,14.793804933732511,1.9804444241240486,-7.616644942180919,-8.309567676501501,-10.83857380926416,2.916354259377015,5.1082061544079975,-6.774682200252651,2.4943676162088364,6.106181383731424,-8.686640063192954,2.462405581308977,-13.169247235896089,-16.890287756232006,2.8513620583525174,1.5653331535558996,4.455351746496594,2.07044925015985,-2.51967639223588,6.5182117644541995,1.0610566650100755,-4.885784907910063,2.5816181310240047,7.077153182774094,-12.13909205118698,-0.07315194877015008,2.5354567574626046,-7.285343026283901,0.03849081735480109,-5.43616666285732,-2.7005185703316767,1.565685382543323,-13.668128100273698,-6.167810425647954,-0.03646684702138303,6.643773091703393,-2.0278799789840134,-5.116567973130579,-3.2567023597827127,-0.2364619914131736,1.936756346955591,8.013460066081718,9.61407511430445,-2.4303536406625295,3.083425002840715,2.641145340341701
5.15192258412509,2.0065105608898515,7.736774290777635,-8.832601617652553,3.7629544360433886,-10.187443150735668,-6.314105595751904,2.6877119474583693,-8.891132947254851,2.5377015571462502,-6.774682200252653,2.508647358598312,6.395206545514296,-1.7005824043636217,-12.528354336342247,-7.552457783590137,4.257316708158089,-1.752914295533731,2.0775845759179004,-4.47688471623394,-5.2476448431399465,-3.962981007298047,-5.990688674165781,0.29827410404127414,2.2762121804443645,-9.909607712704027,6.042535459632232,-0.2758656121076749,-8.301084592708712,-1.1246907652521,-15.505572719232541,-2.9640930793261964,7.923304873636907,-3.005763128531086,-8.963002185018228,-7.123206386364124,2.7438614537153114,-9.9448879363997,9.171854916371476,2.286408294184751,4.981969349137536,11.551885408151549,-6.384698459657603,3.214946563561281,4.539375106794624,5.9810963778354385,0.041188762772833676,-2.4856446449616794,-2.1685095441521836,-2.892419288072425
-0.01251836315264876,-0.6953918849568277,4.420996799500399,-2.2051322279942913,-3.727438096417819,-4.989950144425825,0.6447606121543581,2.2059270906440114,-1.6569218174032811,3.8157257451214566,2.494367616208836,6.395206545514295,5.516898400575228,-1.0820374773696484,-0.99700920262711,0.809071556839485,5.288331583229848,1.0643423078120056,0.1739746085850642,6.385646416580032,-0.7286538986369313,-6.2271280929078054,1.9147338104280271,-4.900263285150364,-6.352857334418023,-6.237231590707141,7.159258983174989,-0.2877672815530338,5.208835673194058,0.2241333203705204,3.078143359954418,-6.192393899340312,0.17046519391533166,-0.2899453149621133,3.2375466189306437,-0.4877570278281693,-0.18268721566960444,3.0591659812092113,5.74201895000957,4.735406440268336,3.267287547975932,2.832354643328236,1.0079632468008664,-0.013758563318506778,-0.3572985039633819,-4.275127506566588,-3.6805986341638066,-1.024528261422538,-9.529188013794043,-2.3754622668198957
-2.2160731531057976,-2.250363654874438,-5.820539697331115,16.054299132411174,-14.831596781298922,19.879979011153793,5.23799284043831,1.2292383213234692,16.221081083513877,-10.373947120850532,6.106181383731423,-1.700582404363621,-1.0820374773696482,4.342841625858739,-3.5461327158240663,-4.583425522805376,9.967294281747508,-6.882043973865386,-1.2820045868692804,7.135950158516325,-3.114711504052547,-0.7234671838322522,3.8435712995762072,5.874422581877958,7.845445042531458,4.686645175480612,-9.579539876871632,-5.820706334277693,4.702043038896109,4.857384933953076,3.8857711630449625,7.721529350534484,1.2877126140493298,-7.390508188407118,7.397984180439784,-3.897114014082645,0.9018131148252727,1.0771497609229563,8.34002849590537,-5.522405692387996,-7.684806233464767,-2.9858026425887174,-2.6686488191638134,-0.7830182892728852,4.9424263602158005,-1.0630773474603799,-2.235822631295271,-9.99381478044629,7.232924121678019,-12.805649052444243
3.9449345170129146,5.9859961807033955,7.058103404214453,-4.330134031849884,14.277710018471794,-1.4734617564774,3.900618533173518,-10.28667822545952,-8.329282872037593,13.253223878329864,-8.686640063192954,-12.528354336342247,-0.9970092026271096,-3.5461327158240685,-1.780986183232601,0.37430490882374234,-10.941087034333513,-2.6130673173614687,1.4396651827115972,-9.887373998680456,-5.364006811219416,0.20226636840196766,-8.813956381742665,-8.116509218296116,-7.900330921713495,-5.888212480839473,13.79210478498951,-3.6640582141109714,-14.262589918315127,9.974090640752282,-13.320854759358,-10.339855124124414,-4.359573925928594,0.9019729474894156,5.335290167201388,-8.526550872414212,-15.905596332954243,-9.86278187863254,11.619141052385517,1.1927847406480612,19.063227323557612,5.353445529665341,3.930195405157969,-0.4382444067314567,-3.1835946548450202,1.2050396582036007,6.793630110755638,14.739427724157734,-1.3244968111279822,-2.108536479198288
0.19597554557686414,0.2095420164290558,-6.954823689764303,3.7876287985637713,0.8929622092712155,7.262193208597964,0.5516338343207065,3.356102436842881,-0.07532751922692223,-4.028029226068438,2.462405581308978,-7.552457783590137,0.8090715568394851,-4.583425522805376,0.37430490882374223,4.213332620992517,-2.749500087579861,2.0840292149793394,2.3634042884007136,6.990182467754757,-0.22364785292645806,-5.229765157489702,-4.7300950177192105,8.820013492845646,1.87044816318656,-0.24274110406401173,0.06190090558456729,0.8157478158204176,2.8589488387542445,0.4139851534093957,-0.017896764504168106,-7.1595227643302275,-0.43037598535539867,0.14806380185486742,-1.1955969863135985,0.8568567781179597,0.3500517259538921,5.168197058898494,-4.780392705427109,2.6129605473752666,-2.1803819463454923,7.027935672103032,0.1201738652777653,-0.14648673918028665,-1.537057879309264,8.1909278710441,-4.282910100242651,-4.282316119805355,8.727543002519731,0.09234835225770333
4.3297992508123,-0.4934515006654925,-3.9033042097726383,-15.090820355189697,7.26004601649026,-8.982031258434686,-2.9543279713072703,-1.5884607979425047,-0.8254766065451868,-1.4358240010311714,-13.169247235896089,4.257316708158087,5.28833158322985,9.967294281747506,-10.941087034333513,-2.7495000875798605,-11.663708879935571,-12.150806876468442,4.77003961111679,-7.874207382858759,-8.833969214394646,4.795563834941309,-4.570470068614246,-6.483076836511334,-1.734115326459516,-5.052564732277528,11.819380956766166,-8.014510044507134,-10.54490974512616,-3.0488895420211746,-2.821460892305099,-7.229881849528642,-4.051537371497863,-7.6900172625758065,-0.26980369259086123,-10.323107643652742,-7.3264528114407925,-7.4525985888135695,4.227052599816333,7.952969058479505,-2.6197125678973237,5.647748177037819,2.3412066285113755,0.9128259288151847,-2.5048071951824378,4.716916482536815,-1.5400879804672813,-0.6308278576562795,-3.3751539470459884,7.215359605539881
7.9759565798255965,-2.9508140932023847,8.232198793623036,-5.743281259588375,9.895550308997995,-4.705239941593664,-4.891870239359925,-3.596683374859414,-3.756557773188007,0.7043203285333968,-16.890287756232002,-1.752914295533733,1.0643423078120062,-6.882043973865386,-2.6130673173614682,2.0840292149793402,-12.15080687646844,14.186753351464155,17.322998426951028,-7.923857168329694,-1.2801846574014437,1.6796798871551701,-0.9887889414590152,4.583917716108918,-6.612173859249867,-14.517533997513533,-1.3653660423707528,3.9590563754851056,-13.953944257144379,0.8218808125290205,-6.1407992085665315,-14.055038750379799,2.623225065867361,0.8908197932585035,-1.440837236630146,1.470416907607102,-10.162467503306878,-3.994665156885344,5.362994397755146,3.8675793386453523,7.717522453226784,11.344939368878688,-6.71033251091054,-5.611230284837053,-4.540701369005405,5.497670613942572,17.604400559200773,-5.61390523922777,-9.108455982446419,3.40347652943285
2.633385982743072,-3.4469893619490177,-15.307757054287345,1.6339134031652607,-6.194980427624236,2.2457662296024377,6.254767408245803,17.810765817050953,-2.526990549491206,-20.284201957276185,2.8513620583525174,2.0775845759179,0.17397460858506364,-1.2820045868692809,1.4396651827115965,2.3634042884007136,4.770039611116791,17.322998426951028,-11.992262825445884,1.7450364324513832,1.6874124485712951,-7.194147265593128,3.702749886097638,-0.4627377982070694,0.14474542165167298,-0.4008926671670532,-0.0872748675302768,2.993357747133505,4.739829495947602,0.35900692462636835,7.243988348852422,0.48948523138352296,4.514230893075044,-3.0915310201370265,5.3968199802004815,-2.276562393689219,8.288644885872722,7.40014336325484,-8.288618006631804,-4.961451315559122,-2.095431387685342,-6.7157056946402935,-8.65736488639961,2.3396861207879507,0.575984589739289,0.3319069238103136,-3.848715948580362,-6.336192609872549,4.147975130999569,-12.526208883697564
2.5568042883880553,0.05551985195520959,8.585526903249184,-11.234987954383426,-3.083958834939726,-8.836006778552663,-1.6005417837680957,-12.683897400038546,-0.7716863903624578,4.838861677773375,1.5653331535558994,-4.476884716233942,6.385646416580034,7.135950158516326,-9.887373998680456,6.990182467754757,-7.87420738285876,-7.923857168329695,1.745036432451383,-3.2799844678440513,0.17580483523936774,3.638989646187035,-4.073554063941345,-7.902995691760213,-11.20366422634552,3.3115614677783665,8.815833719999624,-2.5557182897281665,-10.173306451947289,3.554962438753829,-4.730597303120872,-1.347071155242288,-3.650057055409206,2.4249469421808105,-13.06168746032005,-2.4444849728541875,-0.6942263529568611,0.9277149381031574,10.03195786787829,5.636609923668696,-6.053233036757304,0.6692061515652612,-7.922488479729366,-1.9482928544879246,0.5764208046678685,-4.90791837327918,-3.6586089556623964,4.137078164991199,-1.994109390969075,3.1198420133225206
0.17833952554211308,0.33580839697151854,-1.7725214261503455,1.8358923529280142,-6.106372164163575,-4.546396313094018,0.3809858250313989,-1.9174720524485456,5.9041939827574215,-0.2472120756595555,4.455351746496594,-5.247644843139948,-0.728653898636932,-3.1147115040525466,-5.364006811219415,-0.22364785292645784,-8.833969214394646,-1.2801846574014442,1.6874124485712954,0.17580483523936752,5.56898885740036,4.324444580874173,-6.129060894528418,6.3601551167365225,1.1986682255779386,-3.29598995996961,1.3266471553259982,0.4492085059345752,2.434223828407907,0.321789754282233,0.4992400048304574,-5.087356631131147,0.6491023221796477,-0.01836397123990499,-0.14741162624713167,0.8577193138132975,0.2641724233811107,0.043064509877396184,-0.7932702671320554,1.9558049366855481,-7.215185745196996,7.912572630320514,0.6515935941648461,0.0014337371157612244,0.06762795578731873,7.672167777500925,3.5360469757559274,7.452533057421089,-0.5844012403389711,2.9578529900323645
4.374435271076463,6.130525033691636,-4.815390728429589,7.588076132249764,-11.022658156167402,0.6233799260425466,-1.7769128555708613,-4.669771449035946,5.588587643982246,0.9997205205697063,2.07044925015985,-3.962981007298047,-6.227128092907806,-0.7234671838322524,0.20226636840196743,-5.229765157489702,4.7955638349413094,1.6796798871551704,-7.194147265593128,3.638989646187034,4.324444580874175,11.823963868612662,12.993640415432445,1.3007409833566943,1.4094278044073105,4.252775245131824,-2.9092095965672664,-6.591120661031312,12.68795698537382,2.2506364420570364,12.097106114877784,11.025329330431273,-3.100985581511197,0.8496745446237377,9.283640847952638,-7.580067632099295,10.353602119089084,8.883766466495183,-8.704548098478021,-0.41890581346081635,-6.315427279389612,2.377225605385654,-10.15860869780356,-5.85362719088792,-2.3422725587282884,2.7382396778132554,-4.350622788296126,-1.1081114545907695,12.669096595436,0.5677028304840577
-8.954074880937764,-4.919120525778766,-7.076083511967323,-11.796602743417287,0.1951153559617278,-10.547053037741406,4.751698491370831,3.226475979938452,8.22853342017153,5.062227596761754,-2.5196763922358802,-5.990688674165781,1.9147338104280276,3.843571299576207,-8.813956381742665,-4.7300950177192105,-4.570470068614245,-0.988788941459017,3.7027498860976404,-4.073554063941345,-6.1290608945284175,12.993640415432445,-1.3614810261254853,-1.732736418292408,-18.419742718630616,-9.66364764146808,0.7768126847583241,-2.4260781328771612,2.0102825512753784,-2.827449376696362,-6.296711519980747,3.97643465142764,6.707919034338746,4.874812132684439,-4.963762774594332,5.537141842022047,-0.8129480394778569,1.1900010024288248,0.169107050974741,2.3927081451164813,1.353875642058444,6.645548785714523,-2.756774586617853,-8.771201022381824,-2.346838517454339,0.9299758274816872,3.5314880261026427,10.97764721786081,-10.833565910708474,17.506810488253567
-0.5394895062106814,0.4368720868627167,-10.192495250202308,-9.996965911260421,6.5579727651346165,-10.598494594077291,-0.7989796127050663,-8.06587027569791,1.9336628746583366,3.6826395612894767,6.5182117644541995,0.29827410404127475,-4.900263285150363,5.874422581877958,-8.116509218296116,8.820013492845646,-6.483076836511334,4.583917716108918,-0.4627377982070702,-7.902995691760213,6.360155116736523,1.300740983356694,-1.7327364182924088,9.298911508760062,-9.396333984820703,-1.6154394288468497,-3.4209222439573668,3.608130485679549,-8.92120079128462,-9.608912553870725,0.09107555122532646,-3.4221795550333916,4.800949832156757,-6.963690497493191,-7.102901688911102,-0.3787581996709273,-8.438681277374139,-8.989743259655995,4.6404812261557975,0.44986344833308256,0.8348355931296938,5.0235838689605,6.8304829058231595,-0.2797353312701228,-2.8954806826700685,-3.3051195652605867,2.9496419694475255,8.726043955339865,2.5778103081536132,4.405431624124116
-4.2889459141891715,-2.373152146035822,-1.1404819396562336,-4.305550700653929,11.314291588315427,-3.3893030916010414,3.191238448745943,0.04571502603055588,-3.27729613121231,-3.9374643256881194,1.0610566650100743,2.2762121804443645,-6.352857334418025,7.84544504253146,-7.900330921713494,1.8704481631865595,-1.7341153264595153,-6.612173859249866,0.14474542165167248,-11.20366422634552,1.1986682255779382,1.4094278044073116,-18.419742718630616,-9.396333984820702,-6.985425033932009,1.5759204492606018,18.30847489745447,-4.300726810536581,1.643978136153638,1.9453952380076727,-7.341546670857162,2.0759752432176297,3.2557068410742334,1.88543912209198,-3.2104090929491202,8.066761329550033,-2.1540789680936587,-5.6616092084102405,16.151535787686072,0.32510086342727285,11.737017773632626,-2.447014178720617,0.77139515638012,-4.206398049482294,-0.6368964733658714,9.226121210400715,4.470837981463715,1.632597043929748,-1.637024448026082,0.669536788139735
3.3132050240113546,-2.9607306751614333,7.8138566257696835,-9.371699004480329,7.128071450410545,4.3307538556018965,-1.2713119277269291,-6.593196674699978,-1.750630971545335,1.4640561174107494,-4.885784907910063,-9.909607712704027,-6.237231590707141,4.68664517548061,-5.888212480839473,-0.24274110406401217,-5.052564732277529,-14.517533997513533,-0.4008926671670535,3.311561467778366,-3.295989959969611,4.252775245131824,-9.66364764146808,-1.61543942884685,1.5759204492606012,-1.1721137218529787,9.69073743414178,-0.3857141128790933,-7.9494531338767365,-1.0018491098232325,-4.651582615500088,-0.09465050367201844,3.6096237479037105,2.458293052032059,-8.79442677322924,-1.1229796186680918,1.6251796676284682,-10.52516219956329,9.457327493596027,6.572626797182712,6.747032391563447,0.7280355085626864,-0.9582069424525383,0.000566929676101946,2.158985912394356,6.992075564822687,5.656637322150502,4.065687626011725,7.172978230995616,8.245628728031951
-3.5759685366879825,9.449289391982381,-6.851250923610655,8.286516510461492,-6.037418117500762,2.637140122855996,-1.9753534017576482,1.4546368891727073,14.38820401749749,0.293400416159704,2.5816181310240056,6.042535459632232,7.15925898317499,-9.579539876871632,13.792104784989508,0.06190090558456662,11.819380956766166,-1.365366042370753,-0.08727486753027602,8.815833719999624,1.326647155325998,-2.9092095965672664,0.7768126847583237,-3.420922243957368,18.30847489745447,9.69073743414178,-3.9895962020715885,-1.9140117876859934,-4.030302003639615,5.895309502210218,-5.393243410264817,4.3803485475307244,4.514553962676452,-3.899716513614189,12.121045077953468,1.87518210909535,-1.2812177070224293,6.523906900482346,-9.257383462462705,-6.966866331409815,-7.112499133328116,-4.908423073358997,7.453293945592482,4.121332252791179,8.591993358689306,-12.227687946780025,-7.732368300391535,-3.1554536976763146,-0.7651556572559933,-3.4281150969155654
0.2144690271958809,-0.5380908299622762,-4.377629453939317,2.7244383669838594,1.6829669489976515,-0.9069939406177472,0.1050166601426788,-2.18342879090049,0.07968436653534955,0.3738989153960448,7.0771531827740946,-0.2758656121076738,-0.287767281553034,-5.820706334277693,-3.6640582141109714,0.8157478158204177,-8.014510044507134,3.9590563754851056,2.993357747133505,-2.555718289728165,0.4492085059345762,-6.5911206610313124,-2.4260781328771612,3.608130485679548,-4.300726810536582,-0.38571411287909435,-1.9140117876859937,4.936488761357411,-1.4389068500502584,0.3684257811315696,-7.287392435717091,-3.9310489778633335,0.44346973401865153,0.4695610706699832,0.05364885133356667,-0.6791365191960281,2.708578220809148,6.324910617393466,-1.2775275687636434,0.4421011720604239,-0.327681651596373,-3.255164290685695,-0.024037317936488334,-0.10507060177145314,-0.4629028355016671,4.941376992035308,-2.1170316190494622,-3.22198381714426,-6.196274217144449,-5.411510603517111
-3.731409422745859,0.6701152237665129,0.9612841426713924,-5.991312019329929,-5.895472922632339,-12.018187104163694,-5.381821120565732,-10.989798798624674,-8.575295878362907,0.21652224219348448,-12.13909205118698,-8.301084592708714,5.208835673194058,4.702043038896107,-14.262589918315127,2.8589488387542445,-10.54490974512616,-13.953944257144377,4.739829495947603,-10.173306451947289,2.4342238284079074,12.68795698537382,2.010282551275377,-8.92120079128462,1.6439781361536376,-7.9494531338767365,-4.030302003639615,-1.4389068500502582,-4.333421550814611,-4.3323604565283835,-11.726684201925066,-3.666391794907742,0.5567770862520202,-1.305949330946798,-0.16903063803659166,-3.1422931275689185,-15.888406610288781,-7.796288320893504,1.8244239001786475,-0.9385473758691902,7.529905204568965,16.890574650424696,4.172758760427555,-4.397391053841907,3.9465188837388276,11.309727674057065,9.656601255777526,-2.852508810284645,-10.10968710692457,2.688785783742365
0.05731612329282987,0.3458083237067605,5.041943433756105,0.5335095859578846,0.924062876896544,6.580742353662421,-0.23879490615704874,6.326602201859011,-3.3353345942399066,0.9937633572607933,-0.07315194877014897,-1.1246907652521005,0.2241333203705218,4.857384933953076,9.974090640752282,0.41398515340939723,-3.048889542021175,0.82188081252902,0.35900692462636796,3.554962438753829,0.32178975428223233,2.250636442057037,-2.827449376696362,-9.608912553870727,1.945395238007673,-1.001849109823233,5.895309502210218,0.36842578113156943,-4.3323604565283835,5.993773421647759,2.709552790643224,7.599533777045588,0.3092046528945833,-0.3433135863534065,-6.959829697132958,-0.12920868265677532,0.6798851080501257,-6.912024397849777,-9.652450181298287,-0.04610436188502579,3.3643777740464893,-1.2670844959947967,-0.7531502327194604,-0.05518988365331427,0.06352390469884439,7.119866547888209,-2.9150122778928607,-7.644558636344808,-9.724200704515507,2.1511451248324067
-4.79857851424004,7.372256914159126,9.615033329847947,2.412710723688894,7.473940868788782,-8.665033858047325,3.730217682092496,-3.552091249087485,-10.285521341409654,3.775371511355093,2.5354567574626055,-15.505572719232543,3.0781433599544186,3.8857711630449625,-13.320854759358,-0.017896764504168106,-2.8214608923051,-6.1407992085665315,7.2439883488524215,-4.730597303120873,0.499240004830458,12.097106114877784,-6.296711519980747,0.09107555122532583,-7.341546670857161,-4.651582615500087,-5.393243410264816,-7.287392435717091,-11.726684201925067,2.7095527906432233,-1.8366853429316805,0.6285809220424972,1.0264229556370708,3.607608905527145,-2.7338675448626857,4.5784323941314256,-2.485255283239274,2.713908563066224,16.007645471935504,1.7335924850491742,10.014529229965024,10.255566429582613,8.035820556033684,0.7735032646771333,2.563852894150851,4.061500389905173,1.094550265615056,9.231809104085661,-6.428962233043574,14.586904047432897
6.8163579759065875,-9.095771044245987,5.657272314154877,-0.29957724423182985,6.087996040082761,-1.9085276054594522,-1.891895557606121,-8.084871870824342,-4.993686547114309,0.6091839053203442,-7.285343026283901,-2.964093079326196,-6.192393899340312,7.721529350534485,-10.339855124124414,-7.159522764330228,-7.229881849528641,-14.055038750379799,0.4894852313835226,-1.3470711552422883,-5.087356631131148,11.025329330431273,3.9764346514276405,-3.422179555033391,2.0759752432176306,-0.09465050367201855,4.3803485475307244,-3.931048977863333,-3.6663917949077414,7.599533777045589,0.6285809220424974,4.273986960082842,-0.2561544272223728,-1.551867221292311,-6.106996351813198,-2.066313503453095,-2.6930900640511366,1.2351443611832873,-2.551618095739423,9.238171239090624,-0.7080275046698944,-4.826335318625346,-7.66075729892818,5.26176721321249,-4.842690966983739,12.051703102928247,-5.34327720506081,2.8977494246155153,0.6195749975637073,6.204622331190771
-0.3206893690202176,-0.8099441072912872,7.627526443177579,-2.3655825661539644,4.1854377828202365,1.9566547697302146,0.45743610284830716,3.561002099193363,5.800704985756943,9.90841717182335,0.038490817354801754,7.923304873636907,0.1704651939153321,1.2877126140493296,-4.359573925928595,-0.4303759853553982,-4.051537371497864,2.623225065867362,4.514230893075044,-3.6500570554092047,0.6491023221796466,-3.100985581511197,6.707919034338746,4.800949832156757,3.255706841074237,3.6096237479037088,4.514553962676452,0.44346973401865164,0.55677708625202,0.3092046528945828,1.026422955637071,-0.25615442722237325,5.4321902067653465,-0.13148502174869214,4.386242055209432,0.5885953247595519,5.972867305401548,-6.761509272949407,0.6726693712303412,1.5519346094689872,-0.8845603650633252,0.2912785806498195,0.5111704222107993,-0.37360889787748364,0.4527398087316514,0.25938590362248903,-3.2566160291337556,-2.689014804016483,-0.9764851973346107,7.3271413249815085
-0.5513418392060063,0.8283500624853173,1.0882160457633097,4.846382127998063,2.777778261324924,0.5834825051741458,-0.17689580309957176,-7.784593118908203,9.530904521739595,-0.2876435544246479,-5.43616666285732,-3.005763128531086,-0.28994531496211406,-7.390508188407117,0.9019729474894159,0.14806380185486667,-7.6900172625758065,0.8908197932585045,-3.0915310201370265,2.424946942180809,-0.018363971239904853,0.8496745446237387,4.874812132684439,-6.963690497493192,1.8854391220919795,2.45829305203206,-3.8997165136141887,0.4695610706699831,-1.3059493309467975,-0.34331358635340475,3.6076089055271456,-1.5518672212923117,-0.13148502174869203,6.1059797631109625,4.998167989385974,-0.5493082820858932,-8.64819617605198,-0.18137780308195872,4.690623728156744,6.2780489251875835,6.872930579301987,-9.008866083035258,-0.6098615956869736,0.33899307704197446,-0.19578094905210208,-10.19675388887227,-1.6606869755669322,0.1211399405981829,4.648451098890662,-4.586708592744002
-1.0017976685199894,-3.3601126823060805,4.836097146111097,-5.92092351051829,7.851158875256354,-8.15162965947224,-0.6018437296625021,-0.6807273457628396,-11.896465752412173,-7.507785968111719,-2.7005185703316763,-8.963002185018226,3.2375466189306437,7.397984180439785,5.3352901672013875,-1.1955969863135987,-0.26980369259086284,-1.4408372366301447,5.39681998020048,-13.06168746032005,-0.14741162624713278,9.283640847952638,-4.963762774594332,-7.102901688911102,-3.210409092949121,-8.79442677322924,12.121045077953468,0.05364885133356616,-0.16903063803659157,-6.9598296971329585,-2.7338675448626857,-6.106996351813197,4.386242055209432,4.998167989385974,-0.1013057555711816,3.293884444722253,-11.908395350613906,-0.47471679775863734,4.292741398509522,10.619368904236676,5.330297285422006,2.174496205861085,-0.06943934713535915,-4.812106237162733,-1.984237866343257,8.35412964361763,-2.3742840546692965,3.1536513761811173,-10.086443884344524,4.444735510134346
-0.2929800971001979,0.20580733482738145,7.239257726728667,0.9098731167261656,-0.0928932517292298,3.689235647375937,-0.9305536924396937,8.040401444234409,5.196802698001616,-1.0411829570845839,1.5656853825433235,-7.123206386364125,-0.4877570278281692,-3.897114014082644,-8.526550872414212,0.8568567781179597,-10.323107643652742,1.470416907607102,-2.2765623936892196,-2.444484972854189,0.8577193138132984,-7.580067632099296,5.537141842022047,-0.3787581996709277,8.066761329550033,-1.1229796186680925,1.8751821090953513,-0.6791365191960288,-3.1422931275689185,-0.1292086826567747,4.578432394131425,-2.066313503453095,0.5885953247595526,-0.5493082820858933,3.2938844447222526,5.482752605497837,-6.515739604198354,-4.256353091948631,-1.0774965174990172,-2.236996887578172,6.37229174007037,1.31959625141547,0.4374515301224989,-0.9353533868846221,0.2536709964628634,1.8502612630577682,-2.274768122881853,-1.3830198945694774,1.0159710386283678,-8.644117307480707
2.618656554817216,-1.315166975788016,5.3950864393903055,-10.363289792649798,2.461562427002126,-8.916361605438041,-3.3224236936300073,-9.19280295687924,-5.801326617524583,0.7279487420624723,-13.668128100273698,2.743861453715312,-0.182687215669605,0.9018131148252744,-15.905596332954241,0.35005172595389067,-7.326452811440793,-10.162467503306878,8.288644885872722,-0.6942263529568624,0.26417242338110936,10.353602119089084,-0.8129480394778562,-8.438681277374139,-2.1540789680936583,1.6251796676284687,-1.2812177070224298,2.708578220809147,-15.888406610288781,0.6798851080501256,-2.4852552832392734,-2.6930900640511366,5.972867305401548,-8.64819617605198,-11.908395350613906,-6.515739604198355,-1.1005161998915423,-0.29593402780866407,-2.1362929383446856,-0.05002548852826469,8.456618274940713,5.597211856513018,1.0248184298809069,1.8809369985421769,4.037753214364375,10.947954220303137,3.9180915200821556,6.734453429441711,-4.275048911890749,9.727496551150582
-3.2521806928002275,7.450662084690634,4.522397998348108,-4.733073119342969,6.463053890550288,7.341506195376036,6.032354236950491,1.9117160831245577,1.0677065501902532,5.289945149922208,-6.167810425647955,-9.944887936399702,3.059165981209211,1.0771497609229561,-9.86278187863254,5.168197058898494,-7.45259858881357,-3.994665156885344,7.4001433632548395,0.927714938103158,0.04306450987739563,8.883766466495185,1.190001002428825,-8.989743259655995,-5.66160920841024,-10.52516219956329,6.523906900482346,6.324910617393465,-7.796288320893505,-6.912024397849776,2.7139085630662243,1.2351443611832866,-6.761509272949407,-0.1813778030819595,-0.47471679775863695,-4.256353091948632,-0.29593402780866407,8.24169795994123,-8.061859789579493,9.266040671873494,-0.007888668397566759,7.1891243385464865,2.134323475097485,-7.943229742267634,-5.255978119242116,0.11508625098041657,-2.8336988198009747,2.8866606825281527,5.082570035659399,-4.578596479028933
3.603819062172475,-5.879556106174105,-10.540117639935481,13.594597614160891,-6.743034614978013,4.431170265640695,-0.6765782427876963,3.470430845475536,0.36231510189188,-11.4038747720031,-0.03646684702138342,9.171854916371476,5.74201895000957,8.340028495905369,11.619141052385519,-4.78039270542711,4.227052599816334,5.362994397755145,-8.288618006631804,10.03195786787829,-0.7932702671320544,-8.704548098478021,0.16910705097474119,4.6404812261557975,16.151535787686072,9.457327493596026,-9.257383462462707,-1.277527568763643,1.824423900178648,-9.652450181298287,16.007645471935504,-2.5516180957394234,0.6726693712303418,4.690623728156743,4.292741398509523,-1.0774965174990183,-2.136292938344685,-8.061859789579493,-5.902437087587045,3.7677986967909503,-10.45397793610336,-1.5574430639332957,3.106571119918792,-1.7795758085379179,-0.2902077047397399,-6.5661725558787625,2.423224669862695,-3.003055642228802,4.2130458011566985,-13.152707311108182
4.605126467193214,-3.6071930308105467,-8.278016913070307,3.5648177160833736,-1.9371359894418867,7.076183178013913,-3.671655294937363,0.30381542600994793,5.003926320288417,-3.4612874485293843,6.643773091703393,2.2864082941847514,4.735406440268337,-5.522405692387995,1.1927847406480614,2.612960547375266,7.952969058479504,3.8675793386453523,-4.961451315559122,5.636609923668696,1.9558049366855483,-0.418905813460816,2.3927081451164813,0.44986344833308245,0.32510086342727307,6.572626797182712,-6.966866331409815,0.4421011720604246,-0.9385473758691903,-0.04610436188502587,1.733592485049174,9.238171239090624,1.5519346094689879,6.2780489251875835,10.619368904236676,-2.2369968875781723,-0.05002548852826491,9.266040671873494,3.7677986967909503,-7.190574068732881,6.786936259629178,-10.296725956750993,0.4428098738319475,-1.4908132743501397,-5.541840679569179,-2.8956521432162234,-10.033890770753597,-6.988846389101472,3.6273497705607953,-12.468018143229953
-4.692176811787787,-2.061419431821572,5.302418908713146,0.8767974385921883,-10.27297479460864,6.982191476924502,1.5359113277922203,9.665111450156022,6.293845480674076,-7.208079264402987,-2.0278799789840134,4.981969349137535,3.2672875479759327,-7.6848062334647675,19.063227323557612,-2.1803819463454936,-2.619712567897324,7.717522453226785,-2.095431387685341,-6.053233036757305,-7.215185745196995,-6.315427279389612,1.3538756420584432,0.8348355931296936,11.737017773632626,6.747032391563446,-7.112499133328117,-0.3276816515963734,7.529905204568965,3.3643777740464897,10.014529229965024,-0.7080275046698943,-0.8845603650633258,6.872930579301987,5.330297285422007,6.37229174007037,8.456618274940713,-0.007888668397565468,-10.45397793610336,6.786936259629178,10.755446282560758,-6.093459278583868,-6.206738095993934,-1.5894450421834319,8.666491599064816,-1.9054465290919114,-0.6043570321870366,-6.4931496510668625,-0.4259991609223395,-6.617539976804087
2.205073933384723,8.605488948894683,-6.7991078690336,12.044138981745173,-1.5152201346070546,9.827923733564347,3.8118196105052213,17.069655382700834,0.7684216048490525,-3.8599532335120044,-5.116567973130579,11.55188540815155,2.832354643328236,-2.9858026425887183,5.353445529665342,7.027935672103031,5.647748177037819,11.344939368878686,-6.7157056946402935,0.6692061515652614,7.912572630320515,2.3772256053856546,6.645548785714523,5.0235838689604995,-2.4470141787206163,0.7280355085626857,-4.908423073358996,-3.2551642906856944,16.890574650424696,-1.2670844959947953,10.255566429582613,-4.826335318625348,0.29127858064981926,-9.008866083035256,2.174496205861085,1.3195962514154702,5.597211856513019,7.189124338546487,-1.5574430639332961,-10.296725956750995,-6.09345927858387,1.702766281395764,-3.1043710520174197,-6.336885259705988,1.8678565117240038,3.0679775447298674,-14.46878674050063,-14.513792447936776,9.080436680564517,0.2954154714398688
-0.015330141944522646,0.6108701098491551,-5.020860441032488,1.1662072903494365,-1.7502184828922556,1.4248641456274553,0.35487264811502905,-4.360964978667527,-6.160219722573541,7.491362127822287,-3.256702359782713,-6.384698459657602,1.0079632468008664,-2.668648819163813,3.9301954051579693,0.12017386527776516,2.3412066285113764,-6.710332510910541,-8.65736488639961,-7.922488479729365,0.6515935941648467,-10.15860869780356,-2.7567745866178526,6.830482905823159,0.7713951563801201,-0.9582069424525388,7.453293945592482,-0.024037317936488223,4.172758760427556,-0.7531502327194611,8.035820556033682,-7.66075729892818,0.5111704222107993,-0.6098615956869747,-0.06943934713536004,0.43745153012249816,1.024818429880907,2.134323475097485,3.106571119918793,0.4428098738319468,-6.206738095993934,-3.1043710520174197,5.6685589732311845,0.2907220719352968,0.01957755306072617,1.7029909811764599,0.617619690942139,-9.442824370763523,-0.3123574467883289,2.1390400761304313
0.6894586207708358,0.576890524664706,8.80402584143414,6.039141027052845,-2.123307831080243,7.808539237362405,0.14578190276283975,-5.239741721800864,-5.760644423321147,6.229420703822539,-0.23646199141317414,3.2149465635612806,-0.013758563318505002,-0.7830182892728847,-0.43824440673145837,-0.14648673918028615,0.9128259288151853,-5.611230284837054,2.3396861207879507,-1.9482928544879246,0.0014337371157604473,-5.85362719088792,-8.771201022381824,-0.27973533127012307,-4.206398049482295,0.0005669296761022791,4.12133225279118,-0.10507060177145379,-4.3973910538419085,-0.055189883653313954,0.7735032646771328,5.261767213212489,-0.37360889787748297,0.33899307704197384,-4.812106237162733,-0.9353533868846216,1.8809369985421762,-7.943229742267634,-1.779575808537917,-1.4908132743501386,-1.5894450421834325,-6.336885259705988,0.290722071935297,6.815326818346106,0.1542798602359921,0.6259814682914409,-1.9051592162287543,0.44478090583713353,1.1182644671947806,4.474593634757161
-0.7595900851174,0.38533525717995487,7.883426225543054,-0.8459910444580088,9.249769406838352,3.866345992484887,-0.08320426184295249,-9.195414255438221,-1.790661656823242,2.356096138147597,1.9367563469555902,4.539375106794624,-0.35729850396338225,4.9424263602158,-3.1835946548450194,-1.5370578793092637,-2.5048071951824378,-4.540701369005405,0.5759845897392895,0.5764208046678678,0.0676279557873184,-2.3422725587282898,-2.346838517454339,-2.8954806826700685,-0.6368964733658711,2.1589859123943564,8.591993358689308,-0.46290283550166755,3.9465188837388268,0.06352390469884517,2.5638528941508505,-4.8426909669837395,0.45273980873165165,-0.19578094905210186,-1.9842378663432563,0.25367099646286206,4.037753214364374,-5.2559781192421156,-0.29020770473974056,-5.541840679569179,8.666491599064818,1.8678565117240042,0.019577553060726394,0.15427986023599294,5.408141427619789,1.4915801270515519,-3.104118725357113,-4.588469504208433,-0.1191652693252272,-0.06317778654623196
-8.409730928937233,2.0636269666313307,-3.599453182630319,5.7224299372436045,-11.92270065837423,1.172885627892992,2.0286989982447263,-2.0803300177144033,9.652904195215871,5.975902141529227,8.013460066081718,5.9810963778354385,-4.275127506566588,-1.0630773474603794,1.205039658203601,8.1909278710441,4.716916482536815,5.497670613942571,0.33190692381031395,-4.90791837327918,7.672167777500925,2.7382396778132554,0.9299758274816877,-3.305119565260587,9.226121210400713,6.992075564822686,-12.227687946780023,4.941376992035309,11.309727674057065,7.119866547888208,4.061500389905172,12.051703102928247,0.2593859036224879,-10.196753888872271,8.35412964361763,1.8502612630577675,10.947954220303137,0.11508625098041725,-6.5661725558787625,-2.895652143216224,-1.905446529091912,3.0679775447298656,1.7029909811764594,0.6259814682914402,1.491580127051552,-2.9599506637787423,0.7389078500480415,1.3464154893174314,3.855922269107258,-3.6862168282543077
3.017814705396004,-10.582710638420853,-7.262297503544564,2.267300748151174,-6.615538725885406,5.1316709474557305,-4.984676130971698,-0.08324163572781695,-1.2665861722370466,-2.7271287842705307,9.61407511430445,0.04118876277283401,-3.6805986341638066,-2.2358226312952714,6.793630110755637,-4.282910100242651,-1.5400879804672831,17.604400559200773,-3.8487159485803613,-3.658608955662395,3.5360469757559283,-4.350622788296124,3.531488026102643,2.9496419694475255,4.470837981463714,5.656637322150501,-7.732368300391535,-2.117031619049462,9.656601255777526,-2.9150122778928593,1.0945502656150565,-5.3432772050608115,-3.2566160291337547,-1.6606869755669322,-2.3742840546692956,-2.2747681228818526,3.9180915200821556,-2.8336988198009743,2.4232246698626945,-10.033890770753597,-0.6043570321870372,-14.468786740500631,0.617619690942139,-1.9051592162287552,-3.1041187253571136,0.7389078500480408,5.374574146558183,-1.512301587041807,12.033814330751296,-1.3582867976139608
-4.345650637830925,0.6852717112818463,0.999317309068886,7.947418345135614,-9.8841054419332,1.7584766769921725,-0.45801042167324835,-3.0367905050030637,4.149416947633976,-3.56629495144791,-2.4303536406625295,-2.485644644961681,-1.024528261422539,-9.99381478044629,14.739427724157734,-4.282316119805354,-0.6308278576562789,-5.61390523922777,-6.336192609872549,4.137078164991199,7.45253305742109,-1.1081114545907687,10.977647217860808,8.726043955339865,1.6325970439297477,4.065687626011725,-3.1554536976763137,-3.22198381714426,-2.852508810284644,-7.644558636344807,9.231809104085661,2.897749424615514,-2.6890148040164825,0.12113994059818256,3.1536513761811182,-1.3830198945694772,6.734453429441711,2.886660682528152,-3.003055642228803,-6.988846389101472,-6.493149651066863,-14.513792447936778,-9.442824370763523,0.4447809058371346,-4.588469504208434,1.3464154893174325,-1.512301587041807,3.598420108194663,6.09263920922371,-15.378921762479171
-1.6622446874652466,0.7370176786033149,3.884569465947217,-7.481329679271167,6.247682281703242,-6.990135429228661,2.5176191962004024,-12.058359703551876,-6.900209329886078,5.8972719678574315,3.0834250028407153,-2.1685095441521827,-9.529188013794043,7.232924121678019,-1.324496811127982,8.727543002519733,-3.3751539470459884,-9.108455982446417,4.147975130999569,-1.994109390969074,-0.5844012403389711,12.669096595436,-10.833565910708476,2.577810308153613,-1.6370244480260834,7.172978230995616,-0.7651556572559943,-6.196274217144449,-10.109687106924572,-9.724200704515507,-6.428962233043573,0.6195749975637068,-0.97648519733461,4.648451098890662,-10.086443884344522,1.0159710386283685,-4.275048911890749,5.0825700356593995,4.213045801156698,3.6273497705607953,-0.42599916092234025,9.080436680564516,-0.3123574467883286,1.1182644671947808,-0.11916526932522653,3.8559222691072574,12.033814330751294,6.09263920922371,3.9321972789185153,12.6812225897226
-1.9170064112033907,-0.8451067288968719,2.0480636749012424,2.349867867332695,-5.032124952290831,4.080869685093641,1.1604111025681405,9.185110883463455,-5.089431848349059,-6.566128511176794,2.641145340341702,-2.8924192880724253,-2.3754622668198953,-12.805649052444243,-2.1085364791982877,0.09234835225770377,7.215359605539881,3.40347652943285,-12.526208883697564,3.11984201332252,2.9578529900323645,0.5677028304840563,17.506810488253567,4.405431624124116,0.6695367881397352,8.245628728031951,-3.428115096915566,-5.411510603517112,2.688785783742366,2.1511451248324063,14.586904047432897,6.204622331190772,7.3271413249815085,-4.586708592744003,4.444735510134346,-8.644117307480707,9.727496551150582,-4.578596479028932,-13.15270731110818,-12.468018143229953,-6.617539976804086,0.2954154714398687,2.1390400761304313,4.474593634757161,-0.0631777865462324,-3.6862168282543064,-1.358286797613961,-15.378921762479171,12.6812225897226,-1.941226396186078
