n
50
c
-5.119475311196522 197.16030036323335 167.10865054124156 132.19996465325028 -1.7024910464439973 -167.87823257030325 -177.83635606326948 82.7357844184132 -197.115311882016 -22.714446513432424 -11.962652371734805 11.720059361090009 147.55457510798487 -165.0706757959823 -20.1030304802847 -171.61476986902892 -144.97144425951515 -166.3756513185066 -6.609771841915322 -147.00248106373317 116.63512969632923 45.49064262318603 -200.55573730962078 5.594690204213862 181.79877833641612 213.4295192347796 150.58495672474015 31.385709478133624 -177.06228535296898 185.59031911943234 1.2043159156133854 154.95556845735936 -199.01133369386858 -7.599672759865502 162.5143676545543 -193.86238277923778 9.567428283329244 117.10358740042699 -203.32227955287152 -152.44504318063454 -17.676444672310197 180.39151516722404 -151.38336268690617 -166.28289787721124 179.98556986405666 -105.04454347946603 -185.71965630496044 141.8222529253041 25.49863491173739 200.58167201824472
Q
4.000341662354886,-2.2781721149718024,-9.118749541157086,-6.969841324745583,0.18199526790874399,0.1881973307565712,-6.910124458460884,-0.6778209228949068,2.3511184502888716,0.16086348932793892,0.9259729279691862,0.33449652877237035,-3.4487474245415806,1.1757546828739174,0.49378285554048984,-3.9185938644757696,-5.416811173192521,-4.057468443337601,0.15518068504865407,-1.2368686252736085,-0.05225964743315886,0.42609913970628716,0.11618783191008067,0.2522047923399007,5.359147112338307,-3.446306831677468,-6.110552470553104,0.20248481194271628,-5.536521404648552,-6.249344523817939,-0.10820162886174645,-8.055649625914146,4.156972801873151,0.39012927244471185,0.819850798266827,-0.13591161997775436,-0.5751893147989834,0.019513435112150257,6.092020915925501,6.365723282627268,0.13082475908784597,-1.8014718972026413,9.243146987097505,5.676938031938765,-1.7279951809909262,-5.312241214420555,0.24087008228069073,-0.13320912955156927,0.06005858503655448,0.9260516362566031
-2.2781721149718024,-6.902182195698038,-9.830465949247676,-4.551502833249177,-4.545189435613109,5.75662328558714,7.992928166770898,-5.2890307000924315,-2.3136567749462076,0.4063919696098762,-1.3592308538750881,1.4380092197970928,-9.202065414681353,1.6426445186382963,-4.300161466424499,8.688011372435906,10.267146113977542,-1.8327908859621307,-1.7267151828150409,11.849534733627744,-12.836938075435683,-2.473873750587101,-3.5288069138848903,-8.439630979037593,-2.0425761147616095,-6.830842635760951,-9.206656985383528,-2.282178315788019,8.30762591379727,-4.900735187133467,-7.650404020737083,0.25766477391189063,2.445935349941419,-7.275899903961982,2.771928513968586,8.205895615957498,-10.788739256077676,-1.2953796724396323,8.318376963974568,-4.9073393957266065,-3.401289088791611,-7.971131253959757,-1.5706923528340806,3.0332380729078494,2.779494288558644,9.09627196576255,1.3667034203493817,-12.696020136143709,0.9055169491802273,-2.2797857717856926
-9.118749541157086,-9.830465949247678,-14.298657172732442,-6.274757611820894,-4.983506833130018,8.69634055950311,7.120318907232303,-3.511834235262388,7.788751504020197,-2.3088371530707152,-5.9362842737421975,4.963126525806378,-2.039627198339535,4.51679219037839,6.2446938118782835,0.903228230052389,6.242856281192898,4.334211779244512,-2.4547466191923313,-4.417826143148663,-6.978058513037582,-5.654090907662513,8.63287874223623,2.776351136766951,-10.945098501256426,-4.968178849854747,-0.9769191224267859,-5.442610030232594,2.030069988659954,4.666032003569526,3.927972753836003,0.629705568184163,6.052103212793898,-5.692478086774993,-11.254915398611745,10.118783021193755,0.03191672045448224,0.4788237809498901,-1.6204221495349147,6.437330501673426,8.521499631636596,-6.138309379844636,9.718244772099142,12.241158662032367,-3.1984681129029733,-1.2577109994563327,8.878295526223868,-3.3506787047697553,3.0383833993331617,-12.02661616582666
-6.969841324745583,-4.551502833249177,-6.274757611820893,-9.746061518629938,-1.3944499276440048,1.784195184564137,-4.366991805408866,-19.76310200153096,12.387051637467438,0.1623757598132769,-2.656307355145404,4.305178182320529,-4.01668771912714,2.4447020443950973,1.1510765438365644,6.841174035033874,7.363164085901121,9.520758122630971,1.5637668979343176,2.9239628874371286,-7.809535244124466,0.8230008829718176,15.134485825915908,-1.4943191657134156,-7.903225699411987,-7.1041044876085495,-1.293976344073172,8.033722958063159,0.12351354249909247,-9.090596555714052,5.782328237357892,-3.8408738821686814,7.423849781708591,-9.159690854761743,-3.1264567001325814,14.204537531521355,5.378193777451618,-13.02919336776864,6.068589965691024,1.3711207542961656,3.7354400902608056,-1.7287240608937378,14.232758071537486,-2.7654211948182783,-7.704844938014873,-4.182846868308844,8.509739806118793,0.5042052951366102,-9.117027692482624,-7.223261410868989
0.1819952679087451,-4.545189435613108,-4.983506833130018,-1.3944499276440054,4.041254757698639,0.6087697033702502,7.551293664499493,5.067804335811099,-1.4482576354355974,0.45189979797868984,0.341271782322509,0.08450152221775536,-2.2764019780838325,3.5353474351284104,-0.1287935612952626,5.141803273114225,1.230263382714003,4.63278885342838,-0.24946754145247607,-3.7456784722573446,9.969987630469145,0.1197536739501377,6.5707925935359075,0.5752635170869069,-7.143646414333198,-1.534284369491712,1.231191635690739,0.4865969006774151,-8.861986529719285,-1.957422607360611,-0.4293030010115342,-3.87459284466175,2.4098676716249336,-0.26863062639386315,0.5804258154589796,-4.381870056555797,-0.4392937143886621,8.523102907849346,-2.958364043596403,-6.639526579924852,0.2229107071268086,2.5407384268280695,-5.34612627560807,-0.44792294885954487,-6.482267064761401,2.1518212022105274,-0.8645419636206246,0.6253809496292178,-0.11605506408936572,3.2025591584201383
0.1881973307565718,5.75662328558714,8.69634055950311,1.7841951845641375,0.6087697033702499,-4.2780730511384,0.5668141902885919,3.942849199852626,8.353107975259668,7.223717446993279,7.912288031442228,-4.821950553564194,11.275230916867415,0.6773505037748149,-4.978583069675969,-15.087631464549593,-3.4210276156155706,-1.4910526528035597,7.682408243619842,-13.120786224588533,9.774612055533867,3.6351558948869314,-13.259868002276555,1.5559627747776892,-0.1341111207573466,-2.565159051628651,-2.3791869301995603,-1.613246085596677,7.655189181152997,7.046139953473763,-3.5526955480700617,-1.8950820491903526,-2.3109487237047435,1.2571256806279334,15.019855572493544,-1.0914063291008322,1.028937907103911,1.1030903257703129,2.754566463989201,-8.990747835088385,1.1298809780849184,0.3059805880373268,-2.007654070590077,-5.993778311319097,-1.2952947712933334,-7.114167954661197,-8.042226882135607,2.652366303754069,-1.0285408637398228,4.843207207167271
-6.910124458460884,7.992928166770897,7.120318907232303,-4.366991805408867,7.551293664499494,0.566814190288594,5.328264373692043,4.502679980019638,-4.882690178899084,0.2103062690162426,1.0614140635384193,-2.393783248003316,5.050427519532516,-9.867893068185225,2.9625204784468684,-8.436772387213963,0.2295013825889341,3.954188258618177,-2.7175804352465236,1.5312088229926937,5.780688731509957,-3.8170712714672153,2.8172596555113314,4.207885186682452,9.835379194396381,0.33106619347471705,6.472441008422202,-4.957987839054815,1.2710446741213537,2.6379418002208626,-1.1744456098218152,7.325456589872452,-4.800149082991228,1.4027309984899738,-7.907287777142207,-6.512045794501032,-6.262258222749258,11.204230905438271,-2.1301222375574884,-3.369328063962026,1.9861432046712097,6.390635198124773,-15.877964342134513,-1.8757480597655443,-3.5644619111041598,-3.8473428342255,2.1932386629897,-0.1186949904486439,-3.4425784348417836,1.1263618252047172
-0.677820922894907,-5.2890307000924315,-3.511834235262388,-19.76310200153096,5.067804335811098,3.942849199852626,4.5026799800196375,10.028187765787262,6.42399177241481,-3.2263505326966815,-1.1344674535262937,-0.9815118336275352,-6.2068824527004045,3.2123839761412034,-3.122127803961497,0.2144897281117188,-8.431689431437865,5.415353299719423,8.581295200596283,7.101328353639534,-3.772676316037435,8.17639186126547,10.527046379050564,-7.872314843422126,5.999195118983671,8.925969787069771,-1.9173449716129194,-1.171785863745913,0.8547392745452235,-2.108515426053925,6.563630173159794,-12.734780264630535,9.186510067748143,-2.585469582906552,0.8762067101246522,14.313101708760438,-0.6559092381548064,-4.352185801134456,7.370115156404354,9.20151999713529,2.3010741083522643,2.3811059039793596,5.564651991326741,7.287106787839134,-4.448308448820133,11.000686613992581,14.506891578568151,-2.9537363138132777,5.104158066056968,1.734798361403187
2.3511184502888702,-2.3136567749462085,7.788751504020197,12.387051637467438,-1.4482576354355978,8.353107975259668,-4.882690178899084,6.4239917724148095,-2.159143443387924,5.452125149015418,3.962654996750138,-7.340831413998494,11.222133152684531,2.8375931274828945,1.4197872987518432,-15.199393105463201,-12.968223928799576,1.9695523371055421,5.448820942916718,1.3734489118926683,4.351768313662545,-2.827560671713651,-3.085667291414485,-4.9228096781023005,-2.6738208096561262,4.994796553267486,5.669964423458073,3.8593194966123923,2.795375398272474,-1.497226393505851,-1.2585354692489437,-4.090290411296386,-3.749013579352263,5.651661643987994,-1.768739367915011,-15.71987713851355,1.1053737063287457,13.535043023057112,0.9520477778631704,-9.340967515767325,-1.8435503485522244,0.5798441710829799,-6.802078148838794,4.449677750194904,-6.085387398161211,-7.458091386073787,-6.920553213006919,13.080908915424006,-7.602622970340747,16.29867630818582
0.16086348932793823,0.40639196960987545,-2.3088371530707157,0.16237575981327676,0.45189979797868846,7.223717446993279,0.21030626901624228,-3.226350532696682,5.4521251490154174,3.5484993291974822,0.3495823186410577,-0.3227242621964776,-3.7364401923535255,5.407572397473979,-0.3589500811528783,0.6350653427276092,-8.746991269796114,1.9078711838134192,-0.1163986280589702,6.216384627447079,-0.8788947745133325,-0.6507437780988916,5.541989722087793,0.02025617665341839,-3.611508188670185,0.8892506426355141,-6.111538137390835,-0.6649428529259132,-0.2989117252011573,-2.9518970643309137,-0.31196063127291895,-2.401620572308753,-4.155561584291403,-0.05240720255025383,-6.354257001841165,6.933191432548718,-0.012984653850187981,7.702198574879214,-1.7709261388506161,-5.113475249456361,-0.13908641330434446,7.160191566998478,-2.37486889178044,1.3901734921449989,-3.170866377337955,1.5012156156997696,0.4688093420886599,2.2107626112475005,0.9814539115383942,-4.16893815271279
0.9259729279691867,-1.3592308538750888,-5.936284273742197,-2.6563073551454037,0.34127178232250877,7.912288031442229,1.0614140635384195,-1.1344674535262933,3.9626549967501385,0.3495823186410578,4.7476434376830845,0.03684203028122973,3.9959459680338343,-7.383157588510277,0.022568651016718844,-3.5663663240646435,0.30487385398404676,3.185622650742617,-0.013180053752310194,-3.2174935739888517,0.6369472709555801,0.13785204417883357,3.187475441682047,0.6028082299695638,1.145778558477931,-4.316002537371355,-3.0499500019227233,0.7652163612375317,2.176390245480012,1.100343563508642,-0.049460836688598575,2.4512793403126842,3.0078425784023497,-0.0861658808400958,3.4560742732654424,-1.6924382072809319,-0.3788094593631579,10.042972312327876,-4.408485955106147,4.364093977253025,-0.576895234456603,4.268860009331358,9.653144322733366,-3.513004444427705,-4.178756518704194,-6.60043268939089,1.4789661131973904,4.86626502740397,-0.3662542803337171,3.5832231528304854
0.33449652877237057,1.438009219797093,4.963126525806378,4.305178182320529,0.08450152221775614,-4.821950553564193,-2.393783248003316,-0.9815118336275349,-7.340831413998494,-0.3227242621964769,0.03684203028122979,3.088348051262464,7.933654702437569,0.7390511902549001,-0.3875157673321534,4.0940022475012245,-8.40503344458919,-4.06506386830127,-0.8079032261408416,-1.6733880427067325,-1.9097274052721984,0.6840521530238959,4.589912158732025,0.1877022466289866,5.320466373224428,1.6946795577434353,8.039657285744617,0.39157403602295304,7.907067913777913,-7.724701007605588,0.23276276237050475,-0.6573615074513064,-3.172941511545817,-0.07051376617777427,0.8820703935551177,0.4383348564762812,0.2469186473085821,3.3973640931613796,-1.2814881384259764,-3.719559417566357,-0.003752287340012433,0.03974842538484974,2.019558962441323,-1.8756889772010035,3.3273739792772057,-1.30305232568701,5.985361914605297,-1.9830233243219328,-0.6220513859693241,6.421088518944902
-3.4487474245415806,-9.202065414681353,-2.039627198339535,-4.016687719127141,-2.2764019780838316,11.275230916867416,5.050427519532516,-6.206882452700404,11.222133152684531,-3.7364401923535255,3.9959459680338347,7.933654702437568,6.811516398081863,3.634715519513036,5.130433867671189,5.459945633391835,4.694053626868898,-0.17383899392228397,-0.13121546635735956,-2.3428244776052525,2.183994377421373,6.37462098503928,14.416180197413375,1.1560041783280255,-9.742158413417682,-1.4354276571249303,-9.434471578142032,7.336541528539157,16.357829340649314,-3.9349183450322975,-4.386171124764582,-12.096100625971282,6.765711559249379,-8.98577837280139,-5.753690210405871,7.073361268350086,2.570488308716257,2.9810904211703027,9.809774480929084,4.501857579241926,-1.4079232980626242,-4.141580973430449,0.8827134893268415,3.03083216251438,-8.161396873151512,3.2824810065104333,8.497746755433372,-3.948635137721529,5.601621598675347,-11.624499507754095
1.1757546828739183,1.642644518638296,4.51679219037839,2.444702044395097,3.53534743512841,0.6773505037748155,-9.867893068185225,3.2123839761412034,2.8375931274828945,5.407572397473978,-7.383157588510277,0.7390511902549001,3.6347155195130365,-5.637650991359054,-1.086427011197964,-4.511426114425168,-0.2693033811950105,-10.495941884724466,0.22171292680230237,5.4231026118338965,0.48797712338518373,-3.130010042853034,-1.1326023945161243,1.2386266260852343,-7.1602404089993446,6.4660881710288,7.008980354140357,-4.810421132203758,-2.151106902957824,4.467303254985464,-5.470961636446037,7.636768812410226,-11.431435209785086,-6.729990427900335,7.239577071289165,5.4878115115701345,6.182252064782566,17.718468434504768,-5.334830318083628,-6.745945875262503,-4.945242900134046,4.501408704631743,-4.323518465663135,-9.680541631187712,4.458645264095673,-9.67527420111114,-11.279419875323086,1.8317239794594888,-7.754566576640628,3.6766217288073215
0.49378285554048906,-4.3001614664245,6.244693811878283,1.1510765438365642,-0.12879356129526265,-4.9785830696759685,2.9625204784468684,-3.122127803961497,1.4197872987518438,-0.358950081152878,0.022568651016718982,-0.38751576733215376,5.130433867671189,-1.086427011197964,4.35981155970088,1.9378406448935974,-0.5528724959217798,3.7572946171963473,0.3788592561276064,5.038077754543431,-3.428702772871477,-0.444626965619757,1.4871228423741047,0.4299277980118885,-5.499780810650374,0.6492287579778826,-2.8293927729967923,-8.796220779172526e-5,-3.1933613579503835,2.2932912525999245,-0.005763078560801382,-6.053628811042359,0.7052168061594153,-0.02159612959344659,-3.4304261118938593,4.525756956915137,-0.19953201183095837,4.838866525610704,-0.5781748570256049,5.0919672294516545,0.16691523040130357,2.5503255588471756,3.5203795332469223,0.8728396806481702,-3.793850338682434,-4.869327067759276,1.4015625188584417,-5.64373659662843,-0.44015866013382277,-0.7300395707517175
-3.9185938644757687,8.688011372435906,0.9032282300523892,6.841174035033872,5.141803273114226,-15.087631464549593,-8.436772387213965,0.21448972811171807,-15.199393105463203,0.6350653427276084,-3.566366324064643,4.094002247501225,5.459945633391834,-4.511426114425168,1.9378406448935979,5.275482687479071,-19.479689026776082,-1.4450532632497899,0.764652149861483,-11.710573161982765,4.422372369963577,-2.2299812910640373,0.765572755324541,1.4767478121931625,16.548454905331827,-0.05064551556633305,4.898889593058341,-5.366591868187415,4.8245201672016345,3.30085526419413,4.774336697511287,17.50118840675293,2.6059359071364954,-8.21542694531298,9.01572994752037,-0.3416700964571303,1.8638218530353612,2.7041945886170393,-4.180697219786507,-8.894082949777516,-0.5531584887199879,2.1875734587638824,-8.766470829861461,-13.075045888051783,4.324813060607677,-13.417200066777754,5.783551136230269,11.126280885263416,5.415026854833693,6.770751407666278
-5.416811173192521,10.267146113977542,6.242856281192898,7.363164085901121,1.2302633827140042,-3.4210276156155706,0.2295013825889336,-8.431689431437864,-12.968223928799576,-8.746991269796114,0.304873853984047,-8.40503344458919,4.694053626868899,-0.26930338119501035,-0.5528724959217799,-19.479689026776082,-12.147212965299333,-8.693957382438839,-4.804254234293671,-8.489857600184497,-1.9838385760011001,-7.599033003667845,0.39523780108855416,4.38657524383661,7.807722099131459,3.808145755632463,-0.6435259027536775,-1.6273985613013067,1.8342190172413726,5.789911857321106,5.460233654991019,-7.06104423395448,4.351817969581489,3.1157986256529373,0.7147623746588093,-3.9096333718552954,2.6205082502350336,13.421371459562156,-0.3352103914206743,-0.6415955501714831,5.3225226804733206,5.916138748362122,1.7909942767952785,-8.397970715598635,7.123600464126985,-8.799034260566696,-5.285611554613185,9.483721923516685,1.7619372125599622,6.1538309742986925
-4.057468443337601,-1.8327908859621314,4.334211779244512,9.520758122630971,4.632788853428381,-1.49105265280356,3.954188258618177,5.415353299719424,1.9695523371055428,1.9078711838134197,3.1856226507426166,-4.06506386830127,-0.17383899392228513,-10.495941884724466,3.7572946171963477,-1.44505326324979,-8.69395738243884,-12.818494036628639,-2.5805140776761406,-7.880653058271162,2.513377889600272,-5.338708435385662,-3.976461180120578,3.021399756400209,7.161735893167469,1.0607793121733504,5.758588176825862,5.402973648377235,-15.442277430171698,0.6573217827982865,0.3882637117510753,3.542048862834566,2.088421871645843,3.3007711767340338,3.7821634391295786,-0.3757427994674607,-7.218095943966074,10.65843530590406,-7.384428882643132,-4.983093690740035,-8.010335547500457,6.318479226802643,-9.155450426485997,-14.499996222190486,10.545791653087326,-10.306457185177909,-6.702370036381987,-1.7307145427411108,-5.183527220621435,15.069755324719388
0.1551806850486542,-1.7267151828150409,-2.4547466191923317,1.5637668979343182,-0.24946754145247552,7.682408243619843,-2.7175804352465236,8.581295200596282,5.448820942916717,-0.11639862805896883,-0.013180053752310655,-0.8079032261408419,-0.13121546635735823,0.22171292680230315,0.3788592561276063,0.7646521498614836,-4.804254234293672,-2.58051407767614,4.42150068668094,4.437694965384069,6.047473079116447,0.18776468336589391,6.001772363608867,0.09339515159110845,0.049654160156079374,4.578945272197234,-5.367678449852253,-0.15023583927995776,-9.408553065102176,-5.981028941085782,0.39044917780042687,0.6880626795248321,9.926446944111198,0.37756350543240824,0.024918637732303184,0.8758182578568251,-0.11064336895830115,1.465384412212968,-9.022427133945518,4.462339207196139,-0.8005023747852991,-0.9051732161166904,-1.9215954621051172,7.191572415804208,-0.2026716887404511,-5.023603693934341,-4.235764948096534,5.036894083588784,-0.2184000404417314,1.2652791141211739
-1.2368686252736085,11.849534733627744,-4.417826143148663,2.923962887437129,-3.745678472257344,-13.120786224588535,1.5312088229926923,7.101328353639535,1.3734489118926678,6.216384627447079,-3.2174935739888513,-1.6733880427067322,-2.342824477605252,5.4231026118338965,5.03807775454343,-11.710573161982765,-8.489857600184497,-7.880653058271162,4.437694965384069,2.873094519998599,18.815071546646703,-3.0055663359201876,-6.779268321526588,0.3914397893735335,-1.2062599354201404,3.6866950293821725,11.89764399894217,-3.3663681539038715,-12.392031122712547,-2.009268550763065,0.48444592194192526,17.197831344496553,-4.8298437666391365,2.0474683577109936,6.047327506922301,3.800037126424762,-2.1130738865425127,-3.17230205912693,-10.489628956911227,-5.4445846553650785,5.943971968922052,-3.99526509108541,-6.008932937426904,-8.457810972879766,-1.7922727614194307,-6.283996451578364,-11.722510914626278,5.481159997330904,-0.914237741001731,9.639055437775749
-0.052259647433158564,-12.836938075435683,-6.978058513037583,-7.809535244124466,9.969987630469145,9.774612055533867,5.780688731509958,-3.772676316037437,4.351768313662545,-0.8788947745133331,0.6369472709555797,-1.9097274052721989,2.183994377421374,0.48797712338518306,-3.428702772871478,4.422372369963577,-1.983838576001101,2.513377889600271,6.047473079116447,18.8150715466467,10.366972550133054,-4.40530910262909,8.024180390332978,0.774857785839622,-9.223695680736705,-11.856905580109737,-6.557667965259112,0.697845131939808,0.7843150844312967,-6.302064439993944,2.57808414867256,-8.003024041686706,9.822842844755836,1.5143384577582597,-9.088228902642427,5.445986353835283,3.0513601574588103,-5.22598345374042,13.227200693160173,2.7652787423597394,-5.567232790674625,-8.190028028388525,12.74610860893241,-1.852183811445661,-4.248899812451357,-5.171800379626198,12.740559671107889,-4.607179530957875,0.649151197527575,-1.0645725646992483
0.42609913970628754,-2.473873750587101,-5.654090907662514,0.8230008829718175,0.11975367395013858,3.635155894886932,-3.8170712714672153,8.17639186126547,-2.827560671713651,-0.6507437780988912,0.1378520441788335,0.6840521530238951,6.37462098503928,-3.130010042853034,-0.44462696561975557,-2.229981291064036,-7.599033003667845,-5.338708435385662,0.18776468336589414,-3.0055663359201876,-4.40530910262909,3.7332073257589924,0.06654506907276159,0.25412524524754354,5.835574869612145,0.6977073566025509,-4.795040998937928,0.008247131159905496,2.6162984818543666,3.5766648874835494,-0.08255317703118764,-4.0669352561073175,-7.859129983003614,-0.7611972766826564,0.4323521284918347,-5.311889168706564,-0.08132044418692097,-0.2246525445412943,-1.316577539466437,-1.337733619014895,-0.5278006340704452,0.12176308376371403,-3.0410280097572513,0.205742999454179,2.4081661793821914,-3.138478781049014,-2.6896910050270586,-0.10507567583838062,-0.10061383416222973,-0.058803874477535434
0.11618783191008016,-3.52880691388489,8.63287874223623,15.13448582591591,6.570792593535906,-13.259868002276555,2.8172596555113314,10.527046379050564,-3.0856672914144836,5.541989722087793,3.1874754416820474,4.589912158732026,14.416180197413375,-1.132602394516124,1.4871228423741045,0.7655727553245402,0.3952378010885532,-3.9764611801205785,6.001772363608867,-6.7792683215265885,8.024180390332978,0.0665450690727617,4.38852046178512,-2.813979532332874,-0.3821535071631579,9.029956245625034,4.445778034503661,0.20198706058867005,-5.582573117562106,7.148766023227763,1.1022975849151344,4.8951136493643155,-3.257307590872644,0.5446521532745109,-0.6928723356328803,-8.517698433288905,1.7024338239354433,10.57135768618336,-13.992500976788408,-7.45312612934511,-2.7038906489507495,0.2996260403813181,-4.838662350946298,-7.729230312598612,6.55763072844631,-5.2446011585947785,-3.2101685344945814,13.631322819119125,-4.024957305717039,6.885453677030344
0.2522047923399017,-8.439630979037593,2.7763511367669502,-1.494319165713415,0.5752635170869063,1.555962774777689,4.207885186682452,-7.872314843422127,-4.9228096781023,0.020256176653417945,0.6028082299695641,0.18770224662898716,1.1560041783280253,1.2386266260852334,0.42992779801188813,1.476747812193162,4.386575243836608,3.0213997564002093,0.09339515159110814,0.39143978937353474,0.7748577858396207,0.2541252452475433,-2.8139795323328745,3.760443004565664,-4.635947682868553,0.07710526365793097,-6.080393735806842,0.34545112903141595,-8.947766301307373,1.5212553323467302,-0.10839993537847736,1.65114053657687,-5.133310448333873,-0.28463459135837854,0.796519855838526,0.4552739562486745,-0.4201096781578251,3.7953168442633305,-3.194406261754842,3.4934215706590055,-0.1650117566239926,0.27464800126614536,0.6211596999959317,-0.7106810715561559,1.855245540644428,-1.890151007029534,-1.432349036348676,8.387788170224926,-0.38699323340634395,-1.1248047420391702
5.359147112338306,-2.0425761147616095,-10.945098501256426,-7.903225699411985,-7.143646414333198,-0.1341111207573469,9.835379194396381,5.999195118983671,-2.6738208096561262,-3.611508188670186,1.145778558477931,5.320466373224429,-9.742158413417682,-7.1602404089993446,-5.499780810650374,16.548454905331827,7.8077220991314595,7.161735893167469,0.049654160156079596,-1.206259935420141,-9.223695680736705,5.835574869612144,-0.3821535071631579,-4.635947682868553,-9.384785413613038,-0.5044434489251041,0.15214453017373497,3.2689689533544475,-0.05430923715045566,-13.12518911182891,0.3349198419750456,-6.761614873191429,7.479913198319672,-0.8252340974971928,9.255954933417016,3.374648547997369,-4.435815056799851,-13.492602252049,6.451709442299859,7.259646657241871,5.52445173675524,-4.1798608732899725,2.952028952440984,13.979092400121901,-7.100959477459587,-2.479779711035839,7.333269862474408,-11.888653724327456,-2.562773800819563,-12.37387712462057
-3.4463068316774677,-6.830842635760952,-4.968178849854747,-7.1041044876085495,-1.5342843694917128,-2.565159051628651,0.3310661934747158,8.925969787069771,4.994796553267486,0.889250642635514,-4.316002537371354,1.6946795577434353,-1.4354276571249303,6.466088171028799,0.6492287579778829,-0.0506455155663339,3.808145755632463,1.0607793121733513,4.578945272197234,3.686695029382173,-11.856905580109736,0.6977073566025502,9.029956245625034,0.07710526365793102,-0.504443448925103,-7.16688302843566,-10.323028468718825,-7.119451081222407,1.099768769302464,-11.80737877527056,1.4759132066529328,-14.452070255116517,-7.450676623397202,1.5264197320363913,-12.244248518417331,5.151044226731977,-1.2645810495672154,-4.800149848849838,0.20039662321305762,-0.8456494348811765,-0.9493762242810839,5.205063569531998,1.668913226874357,2.840281302063392,-11.363140989668416,8.088209951391832,0.9483000170632434,-14.07021411399718,5.871470160878419,-4.153295101558124
-6.110552470553103,-9.206656985383528,-0.976919122426786,-1.293976344073172,1.2311916356907389,-2.3791869301995594,6.472441008422202,-1.91734497161292,5.669964423458072,-6.111538137390836,-3.0499500019227237,8.039657285744617,-9.43447157814203,7.008980354140357,-2.829392772996792,4.898889593058341,-0.6435259027536768,5.758588176825861,-5.367678449852253,11.89764399894217,-6.557667965259112,-4.795040998937928,4.445778034503661,-6.080393735806842,0.15214453017373453,-10.323028468718825,10.420782584477472,1.567530631669026,9.352438159401526,-13.653720307833101,1.1817001625404673,1.9493096986800047,4.869933715920992,-8.061593449034108,2.4636151705709146,10.889723918700454,-0.08103660109719846,-12.357306266954787,9.831076889006274,1.9294577179949224,9.473382491489927,2.832727725921515,5.509317192250857,-0.05890939567377851,1.1114277071224592,8.476481470159058,0.015814522360202088,-1.4427891882554542,0.5889768896337759,-1.3560672174070594
0.20248481194271684,-2.282178315788019,-5.442610030232594,8.033722958063159,0.48659690067741423,-1.6132460855966775,-4.957987839054816,-1.171785863745913,3.8593194966123914,-0.6649428529259145,0.7652163612375319,0.39157403602295315,7.336541528539156,-4.810421132203757,-8.796220779191954e-5,-5.366591868187415,-1.6273985613013067,5.402973648377236,-0.1502358392799581,-3.366368153903872,0.6978451319398075,0.00824713115990583,0.20198706058866991,0.34545112903141584,3.2689689533544466,-7.119451081222408,1.567530631669026,3.7464610246018184,-8.611490333716505,9.739589738656537,-0.7309728443023109,-1.7985353256347603,-0.23891748993389683,0.3355897215366498,-2.8611610010896835,0.25865067997518304,-0.8443571815846376,-0.15737540321396176,0.2876342323991963,-3.3689939710096874,-0.14780403810361187,-1.0655447773646376,-0.0010155944537849626,-3.1336354222645393,-0.44776737201544675,-0.22413460243793326,-4.8248094213802855,5.528778474034787,-0.4591567620561477,2.3967623430822
-5.536521404648551,8.30762591379727,2.030069988659955,0.12351354249909252,-8.861986529719283,7.6551891811529975,1.2710446741213537,0.8547392745452236,2.7953753982724745,-0.2989117252011577,2.1763902454800106,7.907067913777913,16.357829340649314,-2.151106902957824,-3.1933613579503835,4.824520167201635,1.8342190172413724,-15.442277430171698,-9.408553065102177,-12.392031122712547,0.7843150844312965,2.6162984818543658,-5.582573117562105,-8.947766301307373,-0.054309237150455214,1.099768769302464,9.352438159401526,-8.611490333716505,8.455692245024455,4.407190094176077,0.584088526176914,9.356294281897119,-1.7275010020870132,0.2661667450492263,13.695695565128965,-17.16763830772564,-9.57480146611122,6.991181167624639,-11.176351371847844,-4.953404180155102,5.941081462100285,1.133436089246465,-6.642067988741259,-1.2003615705788009,7.856693571847754,-10.102663961031416,-8.133806023797806,3.7336838228729623,-0.7763677579276814,5.680851576849601
-6.249344523817939,-4.900735187133468,4.666032003569527,-9.090596555714052,-1.9574226073606111,7.046139953473765,2.637941800220864,-2.108515426053925,-1.4972263935058505,-2.9518970643309133,1.1003435635086416,-7.724701007605587,-3.9349183450322984,4.467303254985463,2.2932912525999254,3.30085526419413,5.789911857321105,0.657321782798286,-5.981028941085782,-2.0092685507630645,-6.302064439993944,3.5766648874835485,7.148766023227763,1.5212553323467293,-13.125189111828911,-11.807378775270559,-13.653720307833103,9.739589738656536,4.407190094176077,0.14805761510308013,-4.294129169820273,-10.03178094442761,14.765528213088867,-2.9687657880503697,0.7483601172023742,7.785829505226893,-5.881198749735325,-14.006065500892642,3.533103916377959,-5.026915081141929,5.277862669002887,-9.676225522314185,12.154714544872418,4.437694435311066,-11.968637922154183,13.593497459916062,8.19338507110209,-1.15157386600258,-5.405871712421714,-10.531775290779986
-0.10820162886174678,-7.650404020737083,3.927972753836004,5.782328237357891,-0.4293030010115346,-3.5526955480700635,-1.1744456098218163,6.563630173159794,-1.258535469248944,-0.31196063127291906,-0.0494608366885988,0.23276276237050475,-4.386171124764583,-5.470961636446037,-0.005763078560801924,4.774336697511286,5.460233654991019,0.3882637117510761,0.39044917780042665,0.4844459219419248,2.57808414867256,-0.08255317703118648,1.1022975849151357,-0.10839993537847858,0.33491984197504665,1.4759132066529315,1.1817001625404675,-0.73097284430231,0.5840885261769138,-4.294129169820273,4.438227096649354,1.5365223073957082,-3.590065443450171,0.46990177518509624,-0.6462670994000357,-1.1803549152715127,0.10642304765242394,5.668037882410296,1.3649492941367725,-5.131797770372956,-0.09147037915845446,0.03959962897151437,-1.9320007808179331,7.933162057499199,-0.028860248723212578,-3.009822507831501,0.8081536184986408,-7.103659971072831,-0.6032166486674021,-7.3336602763746965
-8.055649625914146,0.25766477391189135,0.6297055681841633,-3.8408738821686814,-3.8745928446617497,-1.8950820491903526,7.325456589872452,-12.734780264630535,-4.090290411296386,-2.4016205723087527,2.451279340312684,-0.6573615074513077,-12.096100625971284,7.636768812410227,-6.053628811042359,17.50118840675293,-7.06104423395448,3.542048862834566,0.6880626795248334,17.197831344496553,-8.003024041686704,-4.0669352561073175,4.895113649364315,1.6511405365768708,-6.761614873191429,-14.452070255116517,1.9493096986800051,-1.7985353256347607,9.356294281897119,-10.03178094442761,1.5365223073957077,8.927156845622571,8.179447034315196,-7.88463561787951,-9.046556129951652,0.267228323160426,4.277191487604235,-9.19743581622677,10.047138959350061,6.668240167483667,-7.973921192269918,-3.4448293271655928,1.285469813878241,11.040255237882896,-7.72898372187366,9.075707600730643,6.560337448788317,-7.556798485029844,-0.7441130793614538,-13.147802978867723
4.1569728018731515,2.445935349941419,6.052103212793898,7.423849781708591,2.409867671624936,-2.3109487237047435,-4.8001490829912274,9.186510067748143,-3.7490135793522623,-4.155561584291403,3.0078425784023506,-3.1729415115458184,6.765711559249379,-11.431435209785086,0.7052168061594151,2.605935907136495,4.351817969581489,2.0884218716458447,9.926446944111197,-4.829843766639138,9.822842844755836,-7.859129983003614,-3.257307590872644,-5.133310448333874,7.479913198319672,-7.450676623397202,4.8699337159209914,-0.23891748993389872,-1.727501002087013,14.765528213088867,-3.590065443450171,8.179447034315197,-7.892227948453846,2.1183045027081087,6.662240634804757,-6.832166406039292,-1.1038975458769766,0.26476891430287774,-2.741559812773076,1.2112086636926316,-3.999752048955828,13.6179089054315,-9.330843632141749,-3.591233157119815,11.116571821796217,-2.2128597074303338,-4.400183036630607,10.665806319158472,6.967335025230101,-5.814819802196849
0.39012927244471285,-7.275899903961982,-5.692478086774993,-9.159690854761743,-0.2686306263938629,1.2571256806279325,1.402730998489974,-2.585469582906553,5.651661643987994,-0.05240720255025444,-0.08616588084009555,-0.07051376617777488,-8.98577837280139,-6.729990427900334,-0.021596129593446367,-8.21542694531298,3.1157986256529364,3.3007711767340333,0.37756350543240824,2.0474683577109936,1.514338457758259,-0.7611972766826564,0.5446521532745113,-0.2846345913583791,-0.8252340974971938,1.5264197320363917,-8.061593449034108,0.33558972153665034,0.26616674504922605,-2.96876578805037,0.4699017751850951,-7.88463561787951,2.118304502708109,4.541492618020154,-5.735932296903932,-0.7753523845163306,0.2602418578846522,1.0803875547957817,4.337904709111758,-2.0990303892879627,-0.2984789974943143,-2.88214539978677,-8.262657586937493,-2.336891750659026,-2.9983898376064775,1.0737953418197372,10.196888269446253,1.8595894572302678,-0.1378109054892318,1.767198082150534
0.8198507982668268,2.771928513968586,-11.254915398611745,-3.1264567001325823,0.5804258154589792,15.019855572493546,-7.907287777142207,0.8762067101246527,-1.7687393679150105,-6.354257001841164,3.4560742732654424,0.8820703935551182,-5.753690210405871,7.239577071289165,-3.4304261118938593,9.01572994752037,0.714762374658809,3.7821634391295786,0.024918637732303905,6.047327506922301,-9.088228902642427,0.4323521284918344,-0.6928723356328809,0.7965198558385269,9.255954933417016,-12.244248518417331,2.4636151705709137,-2.861161001089684,13.695695565128965,0.7483601172023739,-0.6462670994000362,-9.046556129951652,6.662240634804757,-5.735932296903931,-12.452768890044814,-0.12974005372573363,4.039615932927253,3.3453575162500218,1.6937968256794997,2.7362586005035068,-5.222435273136427,-12.184236543696178,4.513594286018246,9.616159693376726,-2.2814959713009513,9.48635981721347,6.145577547258528,-1.3825157017613108,-7.265507833876102,-7.842813149164285
-0.1359116199777542,8.205895615957498,10.118783021193755,14.204537531521355,-4.381870056555797,-1.0914063291008327,-6.512045794501032,14.313101708760438,-15.71987713851355,6.933191432548718,-1.6924382072809312,0.4383348564762823,7.0733612683500855,5.487811511570134,4.525756956915137,-0.3416700964571313,-3.909633371855295,-0.37574279946746025,0.875818257856824,3.8000371264247623,5.445986353835284,-5.311889168706564,-8.517698433288905,0.45527395624867406,3.374648547997369,5.151044226731977,10.889723918700454,0.2586506799751831,-17.167638307725635,7.785829505226893,-1.1803549152715127,0.26722832316042644,-6.832166406039292,-0.7753523845163313,-0.12974005372573405,-12.53630538069558,-0.3006417901282471,11.223767968829396,-10.705999801770583,-6.802588154945966,4.3027566923250244,1.7102750743705122,-11.798670326511385,-8.259675633790403,4.882905603699221,-7.514538056588172,-6.6407564259777505,2.2379498952927133,-5.148297206697185,10.035943343101206
-0.5751893147989829,-10.788739256077678,0.03191672045448146,5.378193777451619,-0.43929371438866277,1.0289379071039106,-6.262258222749258,-0.6559092381548057,1.105373706328746,-0.012984653850187988,-0.3788094593631577,0.24691864730858204,2.570488308716256,6.182252064782567,-0.1995320118309578,1.8638218530353607,2.6205082502350336,-7.218095943966074,-0.11064336895830046,-2.1130738865425136,3.0513601574588103,-0.08132044418692141,1.7024338239354426,-0.4201096781578242,-4.435815056799851,-1.2645810495672154,-0.0810366010971989,-0.8443571815846376,-9.57480146611122,-5.881198749735326,0.10642304765242308,4.277191487604236,-1.1038975458769777,0.2602418578846522,4.039615932927253,-0.30064179012824715,3.938661648953696,1.4279201257718888,3.1997259443689234,0.12047067923706228,0.03996732453560481,4.30052618715929,1.1432706418247265,3.092254392922857,3.6337226890440197,-8.18354511784507,1.1528906445963396,5.231036240745694,-0.02893603906004283,-2.4769508699847673
0.019513435112150264,-1.295379672439633,0.4788237809498893,-13.02919336776864,8.523102907849344,1.103090325770312,11.204230905438271,-4.352185801134457,13.535043023057112,7.702198574879214,10.042972312327878,3.3973640931613796,2.981090421170302,17.718468434504768,4.838866525610704,2.7041945886170398,13.421371459562156,10.65843530590406,1.4653844122129684,-3.17230205912693,-5.22598345374042,-0.22465254454129407,10.57135768618336,3.7953168442633314,-13.492602252049,-4.8001498488498395,-12.357306266954787,-0.15737540321396049,6.991181167624639,-14.006065500892642,5.668037882410295,-9.19743581622677,0.2647689143028795,1.0803875547957815,3.3453575162500213,11.223767968829396,1.4279201257718888,-14.305998957264446,12.852267733937087,6.366900444576792,0.7474324332359303,0.25268700899272245,0.5380362357174208,-7.448994754664719,-10.297940326815969,2.7663210172849344,13.600257085198809,-7.068133444098835,4.142154234242777,-6.951652823269048
6.092020915925501,8.318376963974568,-1.6204221495349138,6.068589965691023,-2.9583640435964034,2.7545664639892014,-2.1301222375574875,7.370115156404354,0.9520477778631705,-1.7709261388506148,-4.408485955106148,-1.2814881384259762,9.809774480929084,-5.334830318083628,-0.578174857025604,-4.180697219786506,-0.3352103914206748,-7.384428882643132,-9.022427133945516,-10.489628956911227,13.227200693160173,-1.316577539466437,-13.992500976788408,-3.194406261754842,6.451709442299859,0.2003966232130564,9.831076889006274,0.28763423239919605,-11.176351371847844,3.5331039163779594,1.364949294136772,10.047138959350061,-2.741559812773077,4.337904709111759,1.6937968256794997,-10.705999801770583,3.1997259443689225,12.852267733937087,3.233847274466095,8.772299462999975,1.1268388379080705,19.071721747314026,-8.870027675934272,3.492054900748993,7.209911667446203,-8.981069943553306,1.543352702531409,7.556027846449166,3.746012044835907,0.8316046960514186
6.365723282627268,-4.907339395726606,6.437330501673426,1.3711207542961665,-6.639526579924851,-8.990747835088385,-3.3693280639620267,9.20151999713529,-9.340967515767325,-5.11347524945636,4.364093977253025,-3.7195594175663578,4.501857579241927,-6.745945875262502,5.0919672294516545,-8.894082949777516,-0.6415955501714824,-4.983093690740036,4.462339207196139,-5.444584655365079,2.76527874235974,-1.3377336190148952,-7.45312612934511,3.493421570659005,7.25964665724187,-0.845649434881177,1.9294577179949215,-3.3689939710096866,-4.953404180155103,-5.02691508114193,-5.131797770372956,6.668240167483669,1.2112086636926316,-2.0990303892879627,2.736258600503507,-6.802588154945966,0.12047067923706267,6.3669004445767925,8.772299462999973,6.173283808468746,-3.0889331671540243,-5.1650769186330185,-0.12489335430728099,-9.67932460042552,1.0469581443463616,-6.2124825124236995,-14.674418479609889,9.71159460873043,-5.6937172932736555,15.900084116834789
0.13082475908784566,-3.4012890887916107,8.521499631636594,3.7354400902608047,0.22291070712680883,1.1298809780849184,1.9861432046712095,2.301074108352265,-1.8435503485522249,-0.13908641330434474,-0.576895234456603,-0.003752287340012657,-1.4079232980626237,-4.945242900134046,0.16691523040130385,-0.5531584887199872,5.3225226804733206,-8.010335547500457,-0.8005023747852992,5.943971968922052,-5.567232790674625,-0.5278006340704443,-2.7038906489507495,-0.1650117566239946,5.524451736755241,-0.9493762242810844,9.473382491489927,-0.14780403810361264,5.9410814621002865,5.277862669002886,-0.09147037915845391,-7.973921192269919,-3.999752048955827,-0.298478997494314,-5.222435273136427,4.3027566923250244,0.03996732453560531,0.7474324332359304,1.1268388379080703,-3.088933167154024,4.690692276912045,-0.3817409805292108,4.250408728889539,5.29595876003857,-5.868304315258048,-2.683523610303661,7.662257441628214,-1.0604613514642396,0.172710268403093,-7.972462189165981
-1.8014718972026418,-7.971131253959756,-6.138309379844636,-1.7287240608937373,2.54073842682807,0.30598058803732664,6.390635198124773,2.3811059039793587,0.5798441710829791,7.160191566998478,4.268860009331357,0.039748425384850294,-4.141580973430449,4.501408704631745,2.5503255588471765,2.1875734587638815,5.916138748362123,6.318479226802642,-0.9051732161166902,-3.9952650910854097,-8.190028028388525,0.12176308376371381,0.29962604038131835,0.2746480012661462,-4.179860873289973,5.2050635695319984,2.832727725921515,-1.0655447773646378,1.133436089246465,-9.676225522314185,0.03959962897151459,-3.4448293271655928,13.6179089054315,-2.8821453997867703,-12.184236543696178,1.710275074370513,4.30052618715929,0.2526870089927223,19.071721747314026,-5.1650769186330185,-0.38174098052921035,12.162712009906949,-6.528220525929162,4.019585011895151,-5.776441338969635,0.9438278867505491,16.94942205621086,-12.435112328311108,5.25444063244579,0.1778075984611167
9.243146987097505,-1.5706923528340808,9.718244772099142,14.232758071537486,-5.34612627560807,-2.0076540705900765,-15.877964342134513,5.564651991326739,-6.802078148838794,-2.374868891780439,9.653144322733366,2.0195589624413235,0.8827134893268408,-4.323518465663134,3.520379533246922,-8.766470829861461,1.7909942767952787,-9.155450426485997,-1.9215954621051181,-6.008932937426905,12.74610860893241,-3.0410280097572513,-4.838662350946297,0.6211596999959322,2.952028952440984,1.6689132268743576,5.509317192250857,-0.0010155944537855177,-6.642067988741258,12.154714544872418,-1.9320007808179338,1.2854698138782412,-9.330843632141749,-8.262657586937493,4.513594286018246,-11.798670326511385,1.1432706418247265,0.5380362357174213,-8.870027675934272,-0.1248933543072814,4.250408728889539,-6.528220525929162,-5.7765462723123076,-6.739806033196092,2.6868640010983236,-5.480745210370712,-7.692088225010956,5.305540495678953,0.2249482747117521,5.821546578416645
5.676938031938766,3.0332380729078494,12.241158662032369,-2.7654211948182787,-0.44792294885954487,-5.993778311319097,-1.8757480597655447,7.287106787839134,4.449677750194902,1.390173492144999,-3.5130044444277053,-1.875688977201003,3.03083216251438,-9.680541631187712,0.87283968064817,-13.075045888051783,-8.397970715598635,-14.499996222190484,7.191572415804208,-8.457810972879766,-1.8521838114456615,0.20574299945417823,-7.729230312598611,-0.7106810715561571,13.979092400121901,2.840281302063392,-0.05890939567377762,-3.1336354222645397,-1.2003615705788007,4.437694435311065,7.933162057499199,11.040255237882896,-3.5912331571198153,-2.336891750659026,9.616159693376728,-8.259675633790403,3.0922543929228565,-7.448994754664719,3.492054900748994,-9.679324600425522,5.29595876003857,4.019585011895151,-6.739806033196092,4.3626801062212435,6.447055417319171,-3.6899359778710084,-1.8325965456626154,12.678725796063024,0.748988079062868,3.846691857827184
-1.727995180990927,2.7794942885586433,-3.1984681129029737,-7.704844938014874,-6.482267064761402,-1.2952947712933347,-3.564461911104159,-4.448308448820133,-6.085387398161211,-3.1708663773379544,-4.178756518704194,3.3273739792772052,-8.16139687315151,4.458645264095674,-3.7938503386824336,4.324813060607677,7.1236004641269846,10.545791653087326,-0.20267168874045138,-1.7922727614194307,-4.248899812451357,2.4081661793821922,6.557630728446309,1.8552455406444281,-7.100959477459586,-11.363140989668416,1.1114277071224596,-0.44776737201544714,7.856693571847754,-11.968637922154183,-0.028860248723212134,-7.728983721873659,11.116571821796217,-2.998389837606477,-2.2814959713009504,4.882905603699221,3.6337226890440197,-10.297940326815967,7.209911667446203,1.0469581443463614,-5.868304315258048,-5.776441338969636,2.686864001098323,6.447055417319171,0.32787966762685805,4.3743806972842405,2.1489918239290664,-4.859178295316078,-3.5262690067570244,-10.046193402975264
-5.312241214420555,9.09627196576255,-1.2577109994563327,-4.182846868308844,2.1518212022105265,-7.114167954661197,-3.847342834225499,11.000686613992581,-7.458091386073786,1.5012156156997694,-6.600432689390892,-1.3030523256870103,3.2824810065104337,-9.67527420111114,-4.869327067759277,-13.417200066777754,-8.799034260566696,-10.306457185177909,-5.023603693934341,-6.283996451578364,-5.171800379626198,-3.138478781049014,-5.2446011585947785,-1.8901510070295342,-2.4797797110358393,8.088209951391832,8.476481470159058,-0.22413460243793337,-10.102663961031416,13.593497459916062,-3.009822507831501,9.075707600730643,-2.2128597074303338,1.0737953418197363,9.48635981721347,-7.514538056588172,-8.18354511784507,2.7663210172849335,-8.981069943553305,-6.2124825124236995,-2.683523610303661,0.9438278867505479,-5.480745210370711,-3.6899359778710075,4.3743806972842405,-8.176327511149818,-3.7674405255235826,11.021403143472805,-9.023920446389626,-2.3092260368204878
0.24087008228069062,1.3667034203493813,8.878295526223868,8.509739806118793,-0.8645419636206259,-8.042226882135605,2.1932386629896996,14.506891578568151,-6.920553213006919,0.4688093420886597,1.478966113197391,5.985361914605297,8.497746755433372,-11.279419875323084,1.4015625188584406,5.78355113623027,-5.285611554613184,-6.702370036381987,-4.235764948096533,-11.72251091462628,12.740559671107889,-2.6896910050270595,-3.210168534494581,-1.4323490363486764,7.333269862474409,0.9483000170632433,0.0158145223602022,-4.824809421380286,-8.133806023797806,8.19338507110209,0.8081536184986409,6.560337448788316,-4.400183036630607,10.196888269446253,6.145577547258529,-6.64075642597775,1.15289064459634,13.600257085198809,1.5433527025314087,-14.674418479609889,7.662257441628215,16.94942205621086,-7.692088225010956,-1.832596545662616,2.1489918239290664,-3.7674405255235826,0.516201123010279,13.135073578695879,4.330304295639901,-4.736959226849226
-0.13320912955156938,-12.696020136143709,-3.3506787047697544,0.5042052951366108,0.625380949629218,2.652366303754069,-0.11869499044864429,-2.953736313813277,13.080908915424008,2.2107626112475005,4.86626502740397,-1.9830233243219328,-3.9486351377215287,1.8317239794594895,-5.643736596628431,11.126280885263416,9.483721923516685,-1.7307145427411115,5.036894083588784,5.481159997330904,-4.607179530957875,-0.10507567583838012,13.631322819119127,8.387788170224928,-11.888653724327456,-14.070214113997178,-1.4427891882554544,5.528778474034787,3.733683822872962,-1.1515738660025807,-7.1036599710728305,-7.556798485029845,10.665806319158472,1.8595894572302676,-1.382515701761311,2.237949895292713,5.231036240745693,-7.068133444098835,7.556027846449167,9.71159460873043,-1.0604613514642398,-12.435112328311108,5.305540495678953,12.678725796063024,-4.859178295316078,11.021403143472803,13.135073578695879,-7.969146941638952,1.0405676236723493,-15.931705259613786
0.06005858503655427,0.9055169491802266,3.038383399333161,-9.117027692482624,-0.11605506408936482,-1.028540863739823,-3.4425784348417827,5.104158066056968,-7.6026229703407475,0.9814539115383941,-0.3662542803337176,-0.6220513859693244,5.6016215986753455,-7.754566576640628,-0.4401586601338233,5.415026854833695,1.7619372125599615,-5.183527220621435,-0.2184000404417317,-0.9142377410017307,0.6491511975275746,-0.10061383416223013,-4.024957305717039,-0.38699323340634384,-2.562773800819563,5.8714701608784186,0.5889768896337768,-0.45915676205614736,-0.7763677579276802,-5.405871712421714,-0.6032166486674015,-0.7441130793614533,6.967335025230102,-0.13781090548923225,-7.265507833876103,-5.148297206697185,-0.02893603906004294,4.142154234242777,3.7460120448359073,-5.693717293273655,0.17271026840309267,5.254440632445789,0.22494827471175283,0.7489880790628679,-3.5262690067570244,-9.023920446389626,4.330304295639901,1.0405676236723491,4.39144561014328,1.1870496041461331
0.9260516362566034,-2.279785771785693,-12.02661616582666,-7.223261410868989,3.202559158420139,4.843207207167271,1.1263618252047176,1.7347983614031866,16.29867630818582,-4.16893815271279,3.5832231528304854,6.421088518944902,-11.624499507754095,3.6766217288073215,-0.7300395707517174,6.770751407666279,6.1538309742986925,15.069755324719388,1.2652791141211732,9.639055437775749,-1.064572564699249,-0.05880387447753513,6.885453677030343,-1.1248047420391702,-12.37387712462057,-4.153295101558124,-1.3560672174070596,2.3967623430822003,5.680851576849601,-10.531775290779986,-7.3336602763746965,-13.147802978867723,-5.814819802196849,1.767198082150534,-7.842813149164285,10.035943343101204,-2.4769508699847678,-6.951652823269049,0.8316046960514194,15.90008411683479,-7.97246218916598,0.17780759846111638,5.821546578416645,3.846691857827185,-10.046193402975264,-2.3092260368204873,-4.736959226849226,-15.931705259613787,1.1870496041461331,-9.599896408585908
