n
50
c
-1.805091426838791 193.68433314185236 -4.6330713633362155 8.78671216150203 -187.8187141835594 -14.891877879207305 8.398364018018277 138.6105277927749 -10.336396091038916 141.53272429528224 211.97759866429988 161.10563517556923 -11.466411827971042 226.83024443771455 -232.95893414352358 -168.039357771019 141.55543644193855 0.9421198279956551 -188.15718810544587 187.17778235679867 169.60855761808156 6.356262703609289 224.78206460109422 -21.383128962956864 -8.903685228234432 -2.3952460476587785 -207.04371591601992 216.51697777410686 17.537578692455362 -11.011600815395703 192.12941135936308 -174.47893884505598 -8.833449479200436 -226.56509031567256 184.9017369966903 4.434580080639566 -3.766263745284718 186.60141834432406 2.1758677331489893 11.214428722268385 -15.942255647485435 -6.051577512644249 189.1850955052414 -243.38428549935773 -195.68645542633848 -196.28950376835832 176.57421508144904 197.3434022437717 -162.33582115329037 -192.72396287480754
Q
4.752490080237443,-9.129609805558376,0.39640225155595843,-0.7894608937072647,-5.697094790255508,-0.3486724657969505,0.043474865370888294,-5.52819060979453,-0.7110824188166822,8.714787983765888,0.16344919656127155,6.851397162816413,-0.16044511263650268,4.953958022145537,-2.275912566161259,4.923504764157092,1.373008689169817,0.17779605822550804,3.8145125352049547,1.9093171469688577,-0.4189413269736909,0.23465639927940973,2.3275639448992256,0.12846984210210144,0.12066818955682718,-0.46267246385010163,3.2762528872550902,4.763457211720741,-0.13281522607790058,0.8964782618959558,7.654539385109232,-6.245639893694803,0.5747781757736496,-0.8522775279736569,-3.795177197652664,-0.02703621364064232,0.01064813255433128,2.00530582705617,-0.8552928026288611,-1.0553138195584237,0.253319651152967,0.06667332409056143,-5.023390380764986,8.764857781873094,3.9001585820724016,-1.5466431828868052,0.6076778283170755,-1.4078344027086305,-2.00662776909538,-2.794149309356605
-9.129609805558376,1.039957349619784,-1.5621296174565031,-9.983178768590307,8.204778585293557,0.9455853825561604,-1.778204152885977,-1.0551996725559327,2.6645905669266914,-13.977887817615441,-5.307953873938119,5.418366780552189,-9.298371956532387,-2.2124684733996633,5.036845459280908,8.198350720609811,0.33718486059321184,4.741864808117049,2.137176901312442,0.4178920434202559,3.6641140948929647,-2.790714942453966,-5.058437553215662,-8.64391160767079,-5.8041220708444525,0.11874475388857353,7.409152733297916,-4.668405156741107,0.1368132520462405,-3.1841810189624096,5.63844150822648,6.375213430711692,-2.8081381932697305,4.7411203605670496,-7.368294676024092,4.373234201917085,-7.656357788452001,-6.546597544176396,-0.10527849497695874,-5.357329852498436,6.880065387106305,-3.2150481416150463,-14.916121317732348,3.271771232731972,4.640242001753625,5.135609184007398,-6.289677276454686,-14.038391837905419,7.375119472425894,0.8923328760320826
0.3964022515559596,-1.5621296174565034,4.670528314067341,-0.5923641337005491,-4.221356892683615,0.10334043912718398,0.7750623042423066,5.914716039346527,0.47902725662573764,2.0948374876436544,0.5463565099363844,-2.41259292729557,0.11146903354350257,-7.513282680712921,2.4182456790569358,0.9564491814973164,2.5501503990640826,0.07471981437544828,3.6122072633310194,-0.9841871857906819,-2.7115068826059696,0.42934510261537984,6.86815369670359,0.042684883966012444,-0.10490582055495001,-0.5645891411710808,-2.0261204167809277,1.1629894474920452,0.5201437283552975,0.2980858692414244,0.31726650465207373,-1.471059133770925,-0.4038422077880235,-2.2777025622671387,-2.1148752119953125,0.733392697887697,0.4756630588173557,6.3782145912998045,-0.4778032502271522,0.2887305299944266,0.2653662161945367,-0.4193340555597095,-4.44780582082324,8.075552196947855,-1.0172328256630867,-3.075219024880418,1.3673684649235804,0.6374505537650121,-4.141059373085436,4.8810925537069565
-0.7894608937072656,-9.983178768590307,-0.5923641337005487,4.253983622770156,-0.6396026328136467,0.5086373549746311,0.007601924244992342,3.6556244394566937,-0.08702567938267802,7.71857050257921,-9.1644424487914,8.254965908459594,0.6670246770176141,4.335919866288957,-7.077380827605963,-6.120721008296869,6.392181931504176,0.6392490113351113,0.827590063895256,-3.2982667280835294,-6.042293234242522,-0.4132701373442931,-6.24569970822484,0.4519035294677578,0.21535526024880552,-0.24671337727489584,-4.608750076965188,-0.11571283783985298,-0.47220805383356923,0.274155228160739,2.3779286822434806,1.188650152668142,0.15377177607528067,1.2748555007447555,1.9641401801418426,-0.1986182256457651,0.18108471220327638,2.109748519691417,0.012720501607963008,-0.49485223086188335,-0.6719633251568149,-0.17984662605153767,-3.0884419521702133,0.0917320867605671,-0.6958779133260741,0.04620045725827926,0.4083465497011767,-0.5185049667183801,3.3045877406977677,0.2289314397584499
-5.697094790255509,8.204778585293555,-4.221356892683616,-0.6396026328136466,-12.436943009626871,-6.875105087246156,-3.768984503360645,7.64466498164287,6.478834101672122,5.806217199255971,8.007922973766279,4.691323348747536,2.9270295773366826,-2.3262914335428477,-9.140174813933614,-0.6299156833109307,5.189775152852937,-6.086937986643851,-10.830739210277343,4.635789276022428,2.920215660157781,6.027928745859431,6.571356350695322,-2.950231469377321,6.689809386889968,-8.273013585775168,-5.91281529150563,6.21892766835054,-4.318766412767842,5.048160807764702,-0.7391682611151862,-8.816246924403027,-2.408334263909285,-12.39781406066705,14.91292028556565,-2.7674729327239262,-7.414927128762716,-0.8371798358433034,7.103794815278689,2.957810378922256,5.2420549290744045,1.4886992022623358,13.442858618826898,-9.659121222369421,-7.543357959456414,-1.0114907790651513,-2.7498329055721262,-0.5069863606930324,-8.737892757376729,-9.125326859764339
-0.3486724657969498,0.945585382556161,0.10334043912718371,0.5086373549746297,-6.8751050872461565,4.790088701984656,0.7444966183142168,4.6630303625701925,0.5976526510440847,-0.3850144151495428,-0.6695569198041106,3.922413840161957,0.37213854104336497,-6.148994238936689,2.12940913039126,4.812137877126354,1.2201052736141473,0.4910063177874032,-3.817637079298693,-1.3321030957403859,5.136201559646881,-0.26260129123411446,-6.6309705967448265,0.32507198915258184,0.20281994109059337,-0.2297947991481542,3.938704138820473,-3.6123552969765127,0.1868523405006065,0.6341304414723883,-3.6818367349483108,1.6978210414697454,-0.28734656810069015,8.06525788603452,2.426581102012325,-0.4890548571934866,-0.037254177104070085,1.0377362520122366,-0.9506815179351175,-0.3847284701005192,0.020180744447699794,-0.046086994357443456,-4.668923619724813,5.521133243042444,-1.6540016182203945,-0.9658411714907708,6.933841831228921,-2.720820782337367,0.28230864398885,-0.4215780586972
0.04347486537088874,-1.7782041528859784,0.7750623042423065,0.007601924244992966,-3.768984503360645,0.7444966183142163,4.3514837330277105,2.936258399977355,0.8985175233086146,3.9418930027165273,-5.581058323684531,2.2249591511711517,0.3301004901384703,1.6347260754919075,-5.394790706838672,2.0746937284361966,-4.410807028210243,-0.028445853647246222,-1.6121348417251942,-1.4931043817369607,9.583335140952787,0.4005943440109543,-6.6113515174870505,0.525980419108675,0.16441116037316894,0.2922521818945018,-6.128034052563458,-6.096881354947321,0.0719483494239494,-0.2370855254769008,1.7560677037221044,3.3641706213542597,0.31460068327350454,-1.2057868160698073,-0.39339761732261036,0.5309834693529252,-0.5135227627122294,1.418889284483999,-0.02744456234033349,-0.08311310015309592,-0.1242024710211952,-0.2830585732886115,10.495651980703308,-0.6875737791462444,0.9199289542013279,-0.6012022769415447,-4.691600839465488,5.889719289119688,-4.105887839252253,4.893761887373314
-5.52819060979453,-1.0551996725559332,5.914716039346526,3.6556244394566955,7.64466498164287,4.6630303625701925,2.936258399977354,-10.036083777998154,-3.3490835418763085,-7.680209614134983,-2.488778156051899,-8.141336024702504,-0.4036073750697819,3.257041744303984,6.03907058921506,5.954614189581591,0.13404415554867233,-1.7129492271261673,7.548465681240205,-0.46756676049513524,-7.352063250402434,6.010179751703201,-11.512127004373392,7.180188042970301,-3.1813476250018566,9.16820869455385,10.07867496247224,-3.8753517022148465,-2.598727136226974,-4.487970409979056,-5.296778849637346,10.499935602322294,1.0769406907608292,6.2674135442793615,0.319168841500676,-4.427886825504545,4.968849212354787,4.059785323953985,8.035431717999616,-1.60580159706373,6.692753801356898,0.6079418414109586,-6.07814723518722,12.561382030708927,9.723693118426418,4.7674719594288515,0.1923611693998304,-6.034934582624007,7.381802510115298,4.829525432602469
-0.7110824188166824,2.6645905669266905,0.4790272566257381,-0.08702567938267994,6.4788341016721205,0.5976526510440838,0.8985175233086138,-3.3490835418763094,4.378315071976531,4.826971463022822,-7.871118290432475,-8.203352109655558,0.18608511039505862,-2.250939508925618,-1.872689195423529,-4.650385235186787,-2.5933936406931886,-0.48160402390818746,-3.53459761799814,-1.1454481576267834,-2.3213270744988606,0.354569634259309,2.6533645875132863,0.26805558199463453,-0.5884927463229891,1.1047642690489052,3.1938835630325344,2.2300471991038457,0.4167452584344149,0.0825243954982974,-3.2656320645237087,0.5483385461586006,-0.49899455092815814,2.822284333471406,3.077374028584476,-0.2717181670920886,-0.10775881977406432,-6.318646177736929,-0.7467085654320151,-0.22009240499067062,-0.04557056692181655,0.1528437027003131,2.7099061163350338,-5.166676169005569,-2.7801167287581547,9.114195785599044,-6.210986452023027,-0.509270925486379,5.3008361938517,-3.9343985498808123
8.714787983765888,-13.97788781761544,2.0948374876436544,7.71857050257921,5.806217199255971,-0.38501441514954193,3.9418930027165278,-7.680209614134984,4.826971463022823,8.79346181721824,-9.247685762243705,-1.8676523134868852,2.0837052291590963,0.32357010979064493,6.130211851806319,-5.525856297287152,5.7906207008147685,-3.0181655838220784,2.798340612423946,-9.662646796554574,-0.5268631993406252,-3.1412457012332333,-3.8520708488165916,-3.251179715836466,-3.6772534788390856,0.10224810409337448,12.034673070109033,-10.068677587764112,3.4486791330913977,0.2600114932657355,0.4793734538012807,13.008896598126555,-1.7238177961501115,13.767897693433792,-7.479562927033032,0.5981995590080632,2.8527952648547372,-5.29998346477833,-1.3637667697996017,5.203184157007922,2.4291344029004938,4.0324835073334615,-6.151431975139007,7.83674478580947,3.637548218607392,8.224618794045005,2.4189867921964505,-5.88328747002656,4.610864824310337,7.792923454339965
0.16344919656127188,-5.307953873938119,0.5463565099363854,-9.1644424487914,8.00792297376628,-0.669556919804111,-5.581058323684532,-2.4887781560519,-7.8711182904324755,-9.247685762243703,-1.859810940802486,4.4006578712565885,1.0141164036840207,-9.562815037304293,6.221310390245483,-3.6881619973646873,0.7537919718221784,1.369402792016622,13.232278739934213,-10.250379622199912,-10.21127317886573,3.377030743036164,3.7757576764383125,1.938603036941098,-2.0586117896966485,3.107268833752088,7.036948952171248,-7.176003729822088,-0.12206417878346928,5.149768438058502,-12.025311107064327,11.828920828481431,7.116727890218517,9.833013878435345,-4.024355826154013,2.1266224224548154,-0.1561790225156966,-11.22562259792116,5.577902208283313,-4.038409200164612,3.9476539610504577,5.79588828587609,-1.2468957169791814,-4.408176673998809,0.5857362636793229,7.407908163817022,-7.615011583194465,-1.039328517064252,-6.825167357754292,3.7772577492132116
6.851397162816412,5.41836678055219,-2.41259292729557,8.254965908459594,4.691323348747536,3.9224138401619575,2.2249591511711517,-8.141336024702506,-8.203352109655558,-1.8676523134868848,4.400657871256588,-3.769746797869252,-0.326102558909557,-10.945189959111156,-0.17128898444135537,8.26803190454334,-4.427412833008328,4.134233682947677,5.0272515080724345,-0.4475132914670561,-8.605595629256017,-3.1535516937451984,-11.935802855632113,3.239034712363318,-0.5208513281838341,6.8578292426091085,3.080211768269384,-11.984111866514144,-4.46428533210409,-6.567021774037442,-7.711751381110412,-0.788243572708895,-0.9678070168852486,2.1424176692842742,-13.864445579951791,-0.5174200730443389,1.3726654092961865,-4.131797480646399,5.038659831823325,7.57875871910574,-3.4390802994805956,-3.23139433903165,-5.917199524561371,15.854919154042527,1.7782027849820183,3.2889665786704336,1.6859726470673095,-10.18411987398424,4.621921031800073,11.78227791032105
-0.1604451126365023,-9.298371956532387,0.1114690335435039,0.6670246770176134,2.927029577336682,0.37213854104336436,0.3301004901384702,-0.403607375069782,0.1860851103950596,2.0837052291590963,1.0141164036840207,-0.3261025589095575,4.547838304774624,-5.177532210844659,-0.02084469676470841,-1.371648080700504,8.032093024217168,-0.5143224432945702,9.452247278738497,-7.475090159317508,1.1682321379088356,-0.2159270950333474,-1.2853662355775983,0.08200312299181886,0.573490851685228,-0.37464692793979437,-4.129256762994154,-2.617353129657383,0.3949407303932102,0.5478039085779854,0.21165494065708745,-3.7883337598027182,0.322652890455966,8.991875996590224,4.165826943420054,-0.2927208284777669,-0.44332501470245955,-3.353074976419723,-0.23855495859605574,-0.33407688988271333,0.22596835596055587,-0.0058723356222024625,-7.766695427216717,6.772866728973787,-0.8519361797051828,2.0876431508173194,-0.6863563787701221,0.5320018810800069,-4.337128655827215,-6.235913217739883
4.953958022145537,-2.212468473399663,-7.513282680712921,4.335919866288956,-2.3262914335428477,-6.148994238936689,1.6347260754919088,3.2570417443039847,-2.2509395089256192,0.3235701097906454,-9.562815037304295,-10.945189959111156,-5.177532210844659,0.7157676376464326,5.205183380457908,4.766654288327523,-5.622952276310417,-5.990610948779068,4.182043346152899,-14.292535365813672,5.727585831823544,-6.529209755590824,-10.419552015820424,7.6997740047010925,-1.2288319615074836,-3.8607409995549244,9.730623155515115,-3.169169414209137,-3.8443901998127727,-8.13474966253293,-2.820448502129514,-0.8676635066500399,6.884210196156183,3.2768443581894156,1.6206355220758484,-5.938926301400098,-2.9195366073614,-7.030979493416733,-9.478431898458407,-9.83752908293167,5.2459779636411,4.529646928532114,-6.040014658517418,-3.260277666522375,11.080586878140805,3.3481773032393107,-4.650179770765847,-13.042383908981723,3.4068247550658275,5.55623051710498
-2.27591256616126,5.03684545928091,2.418245679056935,-7.077380827605963,-9.140174813933616,2.1294091303912595,-5.394790706838671,6.039070589215059,-1.87268919542353,6.13021185180632,6.221310390245482,-0.17128898444135612,-0.020844696764708612,5.205183380457909,-9.35277196285838,6.863727745837059,5.4523670798954305,2.0004426268142343,5.041782512936358,9.342660594195141,16.095320518681646,4.425003958199829,-5.729963257957849,5.107084429542281,1.3900443957305981,0.15031505109865595,-4.612028006516129,1.693481044235363,4.772256923987013,-7.98269989354333,3.5954126325770868,-0.27695295288852084,9.988730213150419,-0.42733626108243994,5.319460642704838,-0.30078357668866335,-2.7624021711823747,17.17878478637011,-0.44978059595849645,-5.554885561203683,-3.6612998832871053,-3.733113181977984,10.363306667234136,0.9675130018760005,-3.401417103923314,-7.8389464458492935,4.183509185758108,2.7980453336858204,-1.0191643633889815,5.244824020292151
4.923504764157093,8.198350720609811,0.9564491814973193,-6.12072100829687,-0.6299156833109312,4.812137877126352,2.074693728436196,5.95461418958159,-4.650385235186789,-5.525856297287152,-3.6881619973646873,8.26803190454334,-1.371648080700504,4.766654288327524,6.863727745837058,-11.101790188450014,12.823106160789473,1.7269075147719997,-13.814095358321017,7.897861101595732,6.601132830864637,0.2606283465568713,11.2339955525515,1.8064530661979148,0.18716430354771002,3.482406528762393,-8.14638159783122,6.414908897826521,-0.08189186361238066,-4.607068594777674,-0.9829058250896461,-16.1220800090877,-3.964773854793441,-4.529051000824434,4.53100334847365,3.5030874599659825,-1.8895747567319976,12.625928846252386,0.5135603599641873,0.6322846411205045,-1.460738314665624,6.019112010142797,-2.6939695242567243,-3.721385139694158,-13.56324726350902,-12.549594670382456,8.849726733454297,-2.5441226622014677,1.7454920659535795,-3.7444391034108344
1.3730086891698172,0.33718486059321195,2.5501503990640835,6.392181931504176,5.1897751528529374,1.2201052736141462,-4.410807028210244,0.1340441555486721,-2.5933936406931895,5.790620700814768,0.7537919718221784,-4.4274128330083276,8.032093024217167,-5.622952276310418,5.452367079895431,12.823106160789473,-7.359047731394014,0.031336960911563905,11.186257651047399,1.8789535907102946,-2.221673817848903,3.150135764702676,-11.359496267539502,0.889144511077494,-3.795325009825663,-6.409908985431719,4.062138741140492,-4.0238865753403665,5.3714713463458565,1.8212636007300849,-7.8828723455599015,9.590955190097642,-2.8713085336904833,3.5782365757902834,-4.6390666549826145,0.4076143139774713,3.7613998531062283,-10.923939506377813,2.2621704644948486,-0.5350920907186831,1.1267619292845488,-0.6650017454575761,3.11642956447401,12.088104852138747,2.574202277141313,5.191058693815208,-2.777513276840967,-2.5250796249579905,12.172268699004501,5.859370916327643
0.17779605822550826,4.741864808117049,0.07471981437544395,0.6392490113351119,-6.086937986643852,0.4910063177874042,-0.02844585364724561,-1.712949227126167,-0.4816040239081869,-3.018165583822078,1.36940279201662,4.134233682947677,-0.5143224432945696,-5.990610948779067,2.0004426268142335,1.7269075147719997,0.031336960911562725,4.530814080708907,-3.349765341910804,-5.802863111665692,5.333604520370574,0.08015394199851889,7.902718533791299,-0.018274042465137585,-0.3116489771669494,-0.2152060204005003,-3.8324771596109706,5.705649960472693,-0.5645630982461401,-0.011117287491517552,-5.827603489158286,-4.199654688670866,-0.9355740046307928,0.0756932778811999,-4.9171370608861915,-0.5326348114654829,0.6777239248317806,2.6883284170100166,-0.05267025508685319,-0.358082622988571,0.26059869256301227,1.020561477924675,-0.5181177786221567,1.2547424959559215,4.361363129767408,-3.0391059370820726,-6.453025556224085,-7.635823867541123,1.5986081972171806,5.47136066103768
3.814512535204953,2.1371769013124418,3.6122072633310216,0.8275900638952557,-10.830739210277343,-3.8176370792986924,-1.6121348417251935,7.548465681240205,-3.5345976179981413,2.798340612423945,13.232278739934214,5.027251508072435,9.452247278738497,4.182043346152899,5.041782512936359,-13.814095358321019,11.186257651047399,-3.349765341910804,1.651385693706974,7.128182730991566,6.701359821701742,-4.978749389319227,3.88216247812073,5.205009624021103,-6.801938723999172,2.6844243464616566,4.0401014314248584,1.8393939519805853,1.0021984104488144,0.6457820328249151,10.414481897513069,-0.16413114287544894,-2.8606647522588364,-6.883086194011568,9.030560184746623,-0.7651541826002008,7.232510448635386,-2.225002376326573,-2.740657571943607,1.4085939856732415,9.658160643289825,-1.94930141488669,3.4823407951024725,-10.928671800666041,-5.88754923174313,-11.332214152382058,-3.322318607063215,18.04340968789862,0.17642234568596715,-9.384250114127683
1.9093171469688563,0.41789204342025565,-0.9841871857906836,-3.2982667280835294,4.635789276022427,-1.3321030957403863,-1.4931043817369618,-0.46756676049513457,-1.145448157626784,-9.662646796554574,-10.250379622199912,-0.4475132914670559,-7.475090159317508,-14.292535365813672,9.342660594195141,7.8978611015957325,1.8789535907102943,-5.802863111665693,7.128182730991566,-5.889154407832278,-4.235133348517138,3.353281916639162,-13.82274200248854,-2.6874423190388925,-2.0192226834528375,-3.52281323696517,9.709651095605615,-9.270300619246822,-6.589851340045101,-3.428374469068043,-6.761827102384349,9.481942244333572,0.8523624724194485,7.392705733396129,-7.534118948465777,-2.2393052876692967,5.611388427596496,-8.256380295010063,-5.294863879650099,-5.7557534092176,-10.212955810566735,2.2901194542270993,-4.560883066197844,2.584340636289167,-0.42099055794567475,4.6619133905178325,0.04486999997082908,7.463887105516319,3.7028439208213304,2.7291638441166555
-0.41894132697369146,3.6641140948929634,-2.7115068826059696,-6.042293234242523,2.9202156601577816,5.136201559646881,9.583335140952787,-7.352063250402435,-2.3213270744988597,-0.526863199340625,-10.21127317886573,-8.605595629256017,1.1682321379088347,5.727585831823544,16.095320518681646,6.601132830864637,-2.2216738178489024,5.333604520370574,6.701359821701741,-4.235133348517139,4.065230457023611,4.729768318386424,-3.754409913521275,7.556631616708033,1.802836019740453,-0.6573594267273797,0.5520932522485265,-7.78367853618694,6.104824593364047,2.9383916785357127,3.6022387611369973,8.385558896055269,-4.669171153063759,12.2190696785559,4.823630083444484,-4.518471895976954,1.0359307443505448,-3.6490052496224448,2.0780353751050082,9.162052658596675,1.6695093156363696,-5.362454775857127,0.2888060152687003,0.1476020040794369,11.08221516767838,-4.175900469256235,-6.208396936480432,-8.009027767484778,-0.18109483761563447,0.6525516562211444
0.23465639927941007,-2.7907149424539655,0.42934510261538006,-0.4132701373442936,6.027928745859432,-0.2626012912341151,0.400594344010954,6.010179751703201,0.3545696342593084,-3.1412457012332307,3.3770307430361637,-3.153551693745199,-0.2159270950333472,-6.529209755590824,4.425003958199831,0.26062834655687156,3.150135764702676,0.08015394199851822,-4.978749389319228,3.353281916639162,4.729768318386423,3.373744681048623,2.3895203990903657,-0.015362097936649333,0.3428472240150361,-0.1822044720024506,4.1029309305792045,-7.728060891003427,-0.24240195551309462,0.016236746830740056,-3.4743926328946944,-2.1155982403981515,0.16859557056746632,2.6508733894046546,-5.227002060415252,0.018660907038640928,0.4958456063278929,-3.3005666166844154,-0.7580035165357708,-0.8749483879849447,-0.23902486045650873,0.8203209567237286,0.6776001952988695,5.726465463100567,-6.459191401095621,1.4189983078536637,7.049972052997641,-4.236989657572762,-8.597094944028404,-9.498420714085562
2.3275639448992256,-5.058437553215661,6.86815369670359,-6.245699708224839,6.571356350695321,-6.630970596744826,-6.61135151748705,-11.512127004373392,2.6533645875132854,-3.8520708488165902,3.7757576764383125,-11.935802855632113,-1.2853662355775977,-10.419552015820422,-5.729963257957849,11.2339955525515,-11.359496267539502,7.902718533791298,3.88216247812073,-13.82274200248854,-3.754409913521276,2.3895203990903657,-3.405733691375519,-9.900644500312591,-1.567204058111137,-8.408536673042786,6.576553313525956,-9.33802235826603,1.6868989383146127,-2.2625350993723594,-5.797371780268122,-7.105362017269366,-0.7493141730529678,12.310517015483635,-2.838540690700249,-9.016322001762886,-1.1387490929382982,-8.666125244487331,-5.069886186807615,-0.38701393807134865,-2.8180876749634756,4.119048639296366,-8.957323973110578,14.792692968360225,8.71966395518522,3.082634421592367,-11.202703718359968,-7.992495839961458,8.890033866295703,8.610531184489933
0.12846984210210333,-8.643911607670788,0.042684883966011666,0.45190352946775764,-2.9502314693773206,0.32507198915258195,0.5259804191086748,7.180188042970302,0.26805558199463453,-3.2511797158364666,1.9386030369410987,3.239034712363318,0.08200312299181792,7.6997740047010925,5.10708442954228,1.8064530661979155,0.8891445110774927,-0.018274042465138474,5.205009624021104,-2.687442319038892,7.556631616708033,-0.015362097936648,-9.90064450031259,4.323662141585662,-0.0310362094290886,-0.12797216408162893,3.3989031530530607,-7.537885277575951,0.08962416586700506,-0.09484720567746777,-2.5282073731590273,3.2001699821079104,0.09862710516288281,8.924839956150713,2.1175757285006775,-0.936871640310623,-0.19720569569167448,2.2682375560054364,-0.49588320318049095,-0.9721850711928637,-1.0983508831357334,0.13716305413363594,-0.24948763050171732,-4.9609231961314855,-3.4944667823616604,-2.3525288128033637,7.391476845033699,-1.3304550810847062,1.0219032306025126,6.480203177426847
0.12066818955682666,-5.8041220708444525,-0.1049058205549489,0.21535526024880602,6.689809386889969,0.20281994109059226,0.1644111603731681,-3.1813476250018558,-0.5884927463229896,-3.6772534788390856,-2.0586117896966485,-0.5208513281838343,0.5734908516852272,-1.2288319615074836,1.3900443957305977,0.18716430354770908,-3.7953250098256635,-0.3116489771669496,-6.8019387239991715,-2.019222683452839,1.8028360197404532,0.34284722401503676,-1.5672040581111375,-0.031036209429089023,4.192480655011996,0.3946141927924297,2.7162880170480506,0.464356617179666,-0.5069307323453123,-0.5686626603537185,-4.122587195018062,-4.656921349482921,-0.06478977689510546,4.137951384626748,6.7825346881233175,0.11682406694002334,0.3359807603717697,5.591929787937488,0.3368587684697515,0.38305087636951707,0.14337398521192676,-0.5897282317572956,1.818344806758155,4.268843900406327,-4.038249944810198,-6.589743295499462,6.759131814640559,2.1509309101831438,3.2106392117047577,7.376916440260855
-0.4626724638501003,0.1187447538885733,-0.5645891411710806,-0.24671337727489623,-8.273013585775168,-0.22979479914815368,0.2922521818945013,9.16820869455385,1.1047642690489061,0.10224810409337592,3.1072688337520886,6.8578292426091085,-0.3746469279397935,-3.8607409995549253,0.1503150510986554,3.482406528762394,-6.409908985431718,-0.21520602040050107,2.684424346461657,-3.5228132369651703,-0.6573594267273809,-0.18220447200245027,-8.408536673042786,-0.1279721640816296,0.39461419279243076,4.26821285989184,-1.3798632111812381,6.92105773390146,-0.008399202384203441,0.04730755148831883,1.4744360356135058,-3.6564263645282122,0.8768288447229131,0.9604371174893769,7.95922906615287,-0.40458295744844297,-0.24122884134635525,0.1269166790427413,0.4024383597304551,0.02751307416736748,0.08509461301779564,-0.6096399562665228,4.217194769880608,8.238673048349453,-5.129196485737197,7.1874240414304476,5.746198631034907,9.164443921698885,-4.655354876093086,-0.3058565930911656
3.2762528872550893,7.4091527332979155,-2.0261204167809272,-4.608750076965187,-5.91281529150563,3.938704138820473,-6.128034052563459,10.078674962472238,3.1938835630325344,12.034673070109033,7.036948952171249,3.0802117682693844,-4.129256762994154,9.730623155515115,-4.612028006516129,-8.14638159783122,4.062138741140492,-3.8324771596109706,4.0401014314248584,9.709651095605615,0.5520932522485258,4.1029309305792045,6.576553313525956,3.3989031530530607,2.7162880170480506,-1.3798632111812381,0.7473676450428597,-1.4459268592634813,4.696950982855725,3.6891620778348417,6.009783691835707,-7.16926504916252,-0.6305313872987437,-19.043911277561225,-1.1386898065573257,4.543565260677308,1.1364404678860758,10.650722898161888,-1.8184211092505809,-8.058070146875153,-3.660854353413976,-0.5038242812882107,15.107540845139194,-8.14274471654539,-2.3741374653470264,-14.099018370661312,15.132173025052978,5.674054774518262,-6.48918464189439,-8.209704020501595
4.763457211720741,-4.668405156741107,1.162989447492045,-0.11571283783985176,6.218927668350542,-3.612355296976511,-6.096881354947322,-3.875351702214847,2.230047199103846,-10.068677587764114,-7.176003729822088,-11.984111866514144,-2.6173531296573826,-3.169169414209138,1.6934810442353636,6.414908897826522,-4.0238865753403665,5.705649960472693,1.8393939519805849,-9.27030061924682,-7.78367853618694,-7.728060891003428,-9.33802235826603,-7.537885277575951,0.46435661717966586,6.921057733901462,-1.4459268592634817,-4.554089090603783,1.6832033126120374,0.48398043954857084,-5.281760518928865,-2.9905184173983472,6.2665464350606985,4.767268256354303,-2.1474702171857825,-4.128630675857177,-0.22929417990912115,-9.194207305463697,-2.775226724614523,2.941428616446526,-4.98564018509343,0.35119121496466055,1.6739559740891492,1.4495879001301561,2.434035829416543,6.473742706222175,-8.079629019832504,-6.422435489868098,1.019979944141741,14.374753632399889
-0.13281522607790008,0.1368132520462404,0.5201437283552974,-0.4722080538335683,-4.318766412767842,0.18685234050060612,0.07194834942394956,-2.598727136226974,0.41674525843441623,3.4486791330913973,-0.1220641787834687,-4.4642853321040885,0.3949407303932101,-3.844390199812773,4.772256923987013,-0.08189186361238127,5.3714713463458565,-0.56456309824614,1.002198410448814,-6.589851340045101,6.104824593364047,-0.24240195551309562,1.6868989383146125,0.08962416586700472,-0.5069307323453128,-0.008399202384203441,4.696950982855726,1.6832033126120376,4.178466728087403,0.44542401458896724,4.512458115187776,-4.420956865494081,-0.0124520124807731,-2.1206035312683746,-0.21643687649225818,0.0875990240985888,-0.1758201241174513,-5.115382546160861,0.36736459929158016,-0.005944179098576696,0.4095380715252637,0.32807413299809196,5.087827907244457,-5.705602012452951,-6.617000451829699,1.2630448098010982,1.0250031290296617,6.995587771731334,-7.679099058487749,0.052410126934669066
0.8964782618959555,-3.1841810189624087,0.2980858692414238,0.27415522816073923,5.048160807764702,0.6341304414723883,-0.2370855254769011,-4.487970409979056,0.08252439549829815,0.26001149326573547,5.149768438058503,-6.567021774037441,0.5478039085779858,-8.13474966253293,-7.982699893543329,-4.607068594777675,1.8212636007300844,-0.011117287491517691,0.645782032824916,-3.428374469068042,2.9383916785357127,0.01623674683073939,-2.2625350993723594,-0.09484720567746763,-0.5686626603537184,0.047307551488320054,3.689162077834842,0.4839804395485712,0.44542401458896785,4.1282378416388585,6.118036888400826,-3.37423585715339,0.30273935035259725,3.9761905324600546,-1.756778916448062,0.04728151594851829,-0.2232255046316019,2.9774401520064067,-0.7628984742418372,-0.6164056008264824,-0.4987261490522954,0.2724058699792915,-8.12454932759423,1.860140522531438,5.274096953763011,1.5334725657075756,-8.923444647243576,-6.153205866024523,2.827834253792206,-0.5746074999224113
7.654539385109233,5.638441508226481,0.3172665046520744,2.3779286822434798,-0.7391682611151862,-3.6818367349483117,1.7560677037221035,-5.296778849637346,-3.2656320645237105,0.4793734538012807,-12.025311107064327,-7.711751381110412,0.21165494065708707,-2.820448502129514,3.5954126325770877,-0.9829058250896463,-7.882872345559901,-5.827603489158288,10.41448189751307,-6.761827102384349,3.602238761136997,-3.4743926328946944,-5.797371780268122,-2.528207373159027,-4.122587195018062,1.4744360356135058,6.009783691835707,-5.281760518928864,4.512458115187776,6.118036888400826,-9.79967549676889,12.341218699109978,5.803309203484739,8.028168564496104,-1.8176067540428305,-8.06513085320747,-0.08751387655769766,-11.169488293835599,0.695306138313704,1.9519477291338334,2.6245742499479423,-9.499054855536606,-9.509972477033006,6.971844145365269,6.394082260065226,7.54431340976241,-8.826230516633702,-11.660800379448492,-3.802584832537413,15.901247088954982
-6.245639893694804,6.3752134307116926,-1.4710591337709231,1.1886501526681412,-8.816246924403027,1.6978210414697439,3.36417062135426,10.499935602322296,0.548338546158601,13.008896598126555,11.828920828481431,-0.7882435727088952,-3.788333759802719,-0.8676635066500391,-0.27695295288852095,-16.1220800090877,9.590955190097644,-4.199654688670866,-0.16413114287544917,9.481942244333574,8.38555889605527,-2.1155982403981524,-7.105362017269367,3.2001699821079095,-4.656921349482921,-3.6564263645282122,-7.1692650491625205,-2.9905184173983477,-4.420956865494082,-3.374235857153389,12.341218699109978,9.084946324327921,2.3374213763577107,-8.13084554360163,1.8948668940297764,-1.6322393980164132,3.591316483701176,6.899222359734137,-4.846209964666483,-2.229042217151002,-2.648918462380429,-2.65517274580474,5.5226751701772425,1.883622049998627,-6.788997882417957,-5.748669184622539,8.559271376636406,11.152629296203894,-8.800378731744859,-9.557907633764207
0.5747781757736491,-2.8081381932697305,-0.4038422077880237,0.1537717760752796,-2.4083342639092855,-0.28734656810069076,0.31460068327350477,1.0769406907608292,-0.4989945509281588,-1.7238177961501115,7.116727890218517,-0.9678070168852492,0.3226528904559657,6.884210196156182,9.98873021315042,-3.9647738547934406,-2.871308533690483,-0.9355740046307943,-2.860664752258836,0.8523624724194476,-4.669171153063759,0.16859557056746688,-0.7493141730529669,0.09862710516288309,-0.0647897768951049,0.8768288447229138,-0.6305313872987443,6.2665464350606985,-0.01245201248077274,0.302739350352597,5.803309203484739,2.3374213763577103,4.598101456225638,8.472205051574146,-2.2194256242963624,0.09792812114170024,-0.7455430260538746,0.06091848242170106,0.746403747307344,-0.7313076291457731,-0.4007740257867446,0.049062528990668874,3.083400726028616,-3.821481604199866,-0.16475667970457786,1.0080452196504504,-2.888912779795914,-0.33639777083220757,-0.5564909113539095,1.8383386621266247
-0.852277527973657,4.7411203605670496,-2.2777025622671387,1.274855500744756,-12.39781406066705,8.06525788603452,-1.205786816069808,6.267413544279361,2.822284333471404,13.767897693433794,9.833013878435345,2.1424176692842756,8.991875996590224,3.2768443581894178,-0.4273362610824406,-4.529051000824434,3.5782365757902834,0.07569327788119895,-6.883086194011568,7.392705733396128,12.2190696785559,2.6508733894046532,12.310517015483635,8.924839956150711,4.137951384626748,0.9604371174893775,-19.043911277561225,4.767268256354304,-2.120603531268374,3.976190532460055,8.028168564496104,-8.13084554360163,8.472205051574146,3.439661485813602,5.377227156255691,-0.3769491963023378,-1.860721532006138,12.166231375819677,1.2998471387225907,-2.4889279948388148,7.240964021749898,-3.2986338620566547,13.006164735818954,-15.098010416600674,-12.908367408319087,-1.0791352588313257,-5.916231051375397,12.395227683914046,-6.671365171382885,-9.39636443078718
-3.795177197652662,-7.368294676024092,-2.1148752119953103,1.9641401801418412,14.91292028556565,2.4265811020123254,-0.39339761732261,0.3191688415006766,3.0773740285844764,-7.479562927033031,-4.024355826154013,-13.864445579951791,4.165826943420055,1.620635522075848,5.319460642704839,4.53100334847365,-4.639066654982614,-4.917137060886191,9.030560184746621,-7.534118948465778,4.823630083444485,-5.227002060415251,-2.8385406907002495,2.1175757285006775,6.7825346881233175,7.95922906615287,-1.1386898065573257,-2.1474702171857825,-0.21643687649225796,-1.7567789164480616,-1.8176067540428307,1.8948668940297746,-2.2194256242963624,5.377227156255691,-9.796590828712556,2.050180749436037,-1.7915046578588791,-14.029143013159482,1.520570633413084,-3.0682735807711783,-5.068256398239735,-1.9534649606680967,-7.289130264022833,9.564844473278699,0.03987627303736052,-4.903491416471742,-2.5036159024680797,1.7485105374247358,8.862719013812582,-0.42137269186075765
-0.027036213640641682,4.373234201917085,0.733392697887697,-0.1986182256457649,-2.7674729327239262,-0.489054857193486,0.5309834693529254,-4.427886825504545,-0.2717181670920883,0.5981995590080627,2.1266224224548154,-0.5174200730443391,-0.2927208284777676,-5.938926301400097,-0.30078357668866285,3.5030874599659825,0.4076143139774704,-0.5326348114654831,-0.7651541826002013,-2.2393052876692963,-4.518471895976955,0.01866090703864194,-9.016322001762886,-0.9368716403106234,0.11682406694002301,-0.40458295744844325,4.543565260677307,-4.128630675857176,0.0875990240985891,0.04728151594851791,-8.065130853207473,-1.6322393980164136,0.09792812114170008,-0.3769491963023377,2.050180749436036,5.1388365821413515,-0.17784597586633355,-9.809741531463251,-0.20601690998165367,0.1836219790455782,-0.29774778875896735,-0.18079295115477279,-1.130000544225367,-2.4107089898019813,-5.169151432444015,5.5858102244543195,9.563740324310709,-1.8945948936741568,-0.9925377408624969,-5.974254029271421
0.010648132554331502,-7.656357788452002,0.47566305881735693,0.1810847122032766,-7.414927128762715,-0.03725417710407035,-0.5135227627122295,4.968849212354787,-0.10775881977406487,2.8527952648547372,-0.15617902251569715,1.3726654092961863,-0.44332501470246066,-2.9195366073614,-2.7624021711823747,-1.8895747567319976,3.761399853106228,0.6777239248317819,7.232510448635385,5.611388427596493,1.0359307443505439,0.495845606327894,-1.138749092938298,-0.19720569569167434,0.33598076037176905,-0.24122884134635592,1.1364404678860764,-0.22929417990912015,-0.17582012411745118,-0.2232255046316016,-0.08751387655769827,3.5913164837011746,-0.7455430260538748,-1.8607215320061383,-1.7915046578588791,-0.17784597586633294,4.0837649079295435,6.077758270828657,0.6395727635204391,-0.21398966246189832,-0.7192529738580935,0.5380383346111011,-2.3934480241904885,7.648191590673155,8.134866090597473,2.7102121194476574,-4.182533843661826,0.14057531546607593,-9.326868154752615,-5.307318065012167
2.005305827056169,-6.546597544176396,6.378214591299805,2.1097485196914167,-0.8371798358433018,1.0377362520122366,1.4188892844839995,4.059785323953984,-6.318646177736929,-5.299983464778331,-11.22562259792116,-4.1317974806464,-3.353074976419724,-7.030979493416734,17.17878478637011,12.625928846252386,-10.923939506377815,2.688328417010018,-2.225002376326574,-8.256380295010063,-3.6490052496224443,-3.300566616684416,-8.666125244487331,2.2682375560054364,5.591929787937487,0.12691667904274084,10.650722898161888,-9.194207305463696,-5.115382546160861,2.977440152006406,-11.169488293835602,6.899222359734136,0.06091848242170039,12.166231375819677,-14.029143013159482,-9.809741531463251,6.0777582708286575,-7.711525788231045,-1.7860905533655083,-1.0500636341160345,3.9961738322062765,0.1692916681551241,-15.252368564999133,11.21880961801111,8.396442071394038,-0.45018695457129243,-3.603983546407668,-7.589627006447996,9.659387150812444,13.340828400612741
-0.85529280262886,-0.10527849497696073,-0.47780325022715053,0.012720501607962134,7.10379481527869,-0.9506815179351182,-0.027444562340334155,8.035431717999616,-0.7467085654320156,-1.3637667697996014,5.577902208283314,5.038659831823326,-0.23855495859605597,-9.478431898458409,-0.44978059595849534,0.5135603599641867,2.262170464494848,-0.05267025508685247,-2.740657571943607,-5.294863879650099,2.078035375105008,-0.758003516535771,-5.069886186807615,-0.49588320318049045,0.33685876846975166,0.4024383597304548,-1.8184211092505809,-2.775226724614523,0.36736459929158083,-0.762898474241836,0.6953061383137045,-4.846209964666483,0.746403747307343,1.29984713872259,1.5205706334130844,-0.20601690998165395,0.6395727635204398,-1.7860905533655087,4.665497039734268,0.6466604191588231,0.4340864738946027,0.39280602683077026,-10.1970717130323,-1.7030127131097417,-0.00513596332406574,1.3074119285869585,-5.443353330776751,0.17320406653037718,2.204735164877074,-3.1923168424802726
-1.0553138195584237,-5.357329852498436,0.28873052999442683,-0.4948522308618838,2.957810378922256,-0.38472847010051836,-0.0831131001530957,-1.6058015970637294,-0.2200924049906694,5.2031841570079225,-4.038409200164612,7.578758719105741,-0.3340768898827127,-9.837529082931672,-5.554885561203683,0.6322846411205046,-0.5350920907186834,-0.35808262298856997,1.4085939856732417,-5.755753409217599,9.162052658596675,-0.8749483879849436,-0.3870139380713492,-0.9721850711928628,0.3830508763695161,0.02751307416736784,-8.058070146875153,2.9414286164465264,-0.005944179098576585,-0.6164056008264828,1.9519477291338334,-2.2290422171510014,-0.7313076291457732,-2.4889279948388157,-3.0682735807711783,0.18362197904557753,-0.21398966246189782,-1.050063634116035,0.6466604191588231,4.901673170806147,0.012035701743560001,0.18696834989423317,4.747019983589798,-2.7417658391961024,-0.4395318161042088,-3.848659168114285,2.5467516895767943,1.5175383158710005,0.3058419484402475,6.540141898269372
0.25331965115296784,6.8800653871063036,0.2653662161945378,-0.6719633251568137,5.2420549290744045,0.020180744447700683,-0.12420247102119492,6.692753801356897,-0.04557056692181638,2.429134402900491,3.947653961050459,-3.4390802994805942,0.22596835596055573,5.2459779636411,-3.661299883287106,-1.4607383146656239,1.1267619292845494,0.26059869256301166,9.658160643289827,-10.212955810566735,1.66950931563637,-0.2390248604565084,-2.8180876749634756,-1.0983508831357334,0.14337398521192604,0.08509461301779431,-3.660854353413976,-4.985640185093432,0.409538071525263,-0.4987261490522954,2.624574249947942,-2.6489184623804287,-0.40077402578674476,7.240964021749896,-5.068256398239734,-0.29774778875896757,-0.7192529738580936,3.996173832206276,0.43408647389460353,0.012035701743561791,5.395405148664192,0.45189239601604214,-4.742837990727718,3.5664735789750424,3.2760182091463923,-0.06363403532142542,2.984669478181869,6.858729398064467,-1.3301254714727149,-1.9279838298799774
0.06667332409056237,-3.215048141615047,-0.4193340555597085,-0.17984662605153837,1.4886992022623358,-0.04608699435744301,-0.2830585732886109,0.6079418414109584,0.15284370270031433,4.032483507333462,5.79588828587609,-3.23139433903165,-0.005872335622203476,4.529646928532114,-3.733113181977984,6.019112010142796,-0.6650017454575758,1.0205614779246759,-1.9493014148866898,2.2901194542270997,-5.3624547758571275,0.8203209567237293,4.119048639296366,0.13716305413363605,-0.5897282317572965,-0.6096399562665229,-0.5038242812882112,0.35119121496466016,0.32807413299809224,0.27240586997929195,-9.499054855536606,-2.6551727458047396,0.0490625289906684,-3.2986338620566547,-1.9534649606680967,-0.18079295115477317,0.5380383346111011,0.16929166815512336,0.3928060268307706,0.18696834989423317,0.4518923960160427,4.496175476357923,-2.218657000172632,-4.219962217829183,2.254572460067169,6.829425258868381,-4.218679910346446,0.5178266583834513,-1.194744298081472,5.009238565483348
-5.023390380764985,-14.916121317732348,-4.447805820823239,-3.0884419521702138,13.442858618826898,-4.668923619724813,10.495651980703308,-6.078147235187219,2.7099061163350338,-6.151431975139007,-1.2468957169791814,-5.91719952456137,-7.766695427216717,-6.040014658517417,10.363306667234134,-2.6939695242567234,3.1164295644740108,-0.5181177786221571,3.482340795102471,-4.560883066197843,0.2888060152687004,0.6776001952988702,-8.957323973110578,-0.24948763050171774,1.8183448067581551,4.217194769880608,15.107540845139194,1.6739559740891483,5.087827907244457,-8.12454932759423,-9.509972477033006,5.522675170177243,3.083400726028616,13.006164735818954,-7.289130264022833,-1.1300005442253669,-2.393448024190488,-15.252368564999133,-10.1970717130323,4.747019983589797,-4.742837990727718,-2.218657000172632,3.8596209909210506,11.33539549015803,3.363940251766107,4.795251757851718,-1.8165141288312652,0.6305719451949099,11.745346103501994,-2.799118199515579
8.764857781873094,3.271771232731973,8.075552196947857,0.09173208676056535,-9.659121222369423,5.521133243042444,-0.6875737791462442,12.561382030708929,-5.166676169005569,7.836744785809471,-4.408176673998809,15.854919154042527,6.772866728973787,-3.260277666522375,0.9675130018760001,-3.7213851396941577,12.088104852138747,1.254742495955921,-10.92867180066604,2.5843406362891663,0.14760200407943613,5.726465463100569,14.792692968360225,-4.960923196131487,4.268843900406326,8.238673048349453,-8.142744716545389,1.4495879001301557,-5.7056020124529505,1.8601405225314371,6.971844145365269,1.8836220499986274,-3.8214816041998665,-15.098010416600673,9.564844473278699,-2.4107089898019813,7.648191590673155,11.218809618011111,-1.7030127131097408,-2.7417658391961015,3.566473578975043,-4.219962217829183,11.33539549015803,-11.29233128501096,-8.085434609248422,-4.924003913785551,13.60771245289212,6.161650539995526,0.5698409022073716,-4.95452492949734
3.9001585820724007,4.640242001753625,-1.0172328256630863,-0.6958779133260736,-7.543357959456415,-1.654001618220394,0.9199289542013279,9.723693118426418,-2.7801167287581543,3.6375482186073924,0.5857362636793229,1.7782027849820186,-0.8519361797051822,11.080586878140803,-3.4014171039233143,-13.56324726350902,2.5742022771413136,4.361363129767407,-5.88754923174313,-0.4209905579456754,11.08221516767838,-6.459191401095622,8.719663955185219,-3.494466782361661,-4.038249944810198,-5.129196485737197,-2.374137465347026,2.434035829416543,-6.6170004518297,5.27409695376301,6.394082260065226,-6.788997882417957,-0.1647566797045774,-12.908367408319089,0.03987627303736074,-5.169151432444015,8.134866090597473,8.396442071394038,-0.005135963324065684,-0.4395318161042088,3.276018209146393,2.254572460067169,3.363940251766107,-8.085434609248423,2.276624363426075,4.895106472123948,6.698850938890297,9.928040511305548,-4.007321939368796,-11.160268233595437
-1.5466431828868055,5.135609184007398,-3.0752190248804174,0.04620045725827894,-1.011490779065151,-0.9658411714907712,-0.6012022769415445,4.767471959428852,9.114195785599044,8.224618794045005,7.407908163817021,3.2889665786704336,2.0876431508173203,3.348177303239311,-7.8389464458492935,-12.549594670382456,5.191058693815208,-3.039105937082072,-11.332214152382056,4.6619133905178325,-4.175900469256236,1.4189983078536639,3.0826344215923673,-2.3525288128033646,-6.589743295499462,7.187424041430447,-14.099018370661312,6.4737427062221755,1.2630448098010985,1.533472565707576,7.54431340976241,-5.748669184622539,1.0080452196504501,-1.079135258831326,-4.903491416471742,5.5858102244543195,2.710212119447658,-0.450186954571292,1.3074119285869585,-3.8486591681142857,-0.0636340353214252,6.82942525886838,4.795251757851718,-4.924003913785551,4.895106472123948,-7.080188401202243,7.203549261243392,3.2900916140691834,-7.43867476950768,6.3241356381057425
0.6076778283170751,-6.289677276454686,1.3673684649235802,0.40834654970117623,-2.7498329055721262,6.9338418312289205,-4.691600839465487,0.1923611693998304,-6.210986452023028,2.4189867921964505,-7.615011583194466,1.68597264706731,-0.6863563787701228,-4.650179770765848,4.183509185758109,8.849726733454295,-2.7775132768409674,-6.453025556224084,-3.3223186070632145,0.04486999997082908,-6.208396936480432,7.049972052997641,-11.202703718359968,7.391476845033699,6.7591318146405595,5.746198631034907,15.132173025052978,-8.079629019832504,1.0250031290296622,-8.923444647243576,-8.826230516633702,8.559271376636406,-2.8889127797959135,-5.916231051375397,-2.5036159024680797,9.563740324310709,-4.182533843661826,-3.603983546407668,-5.443353330776751,2.546751689576794,2.9846694781818695,-4.218679910346447,-1.816514128831265,13.60771245289212,6.698850938890297,7.203549261243393,3.8317573446324076,-10.113413541892346,3.7540420975784956,10.862802253889798
-1.4078344027086303,-14.03839183790542,0.6374505537650119,-0.5185049667183805,-0.5069863606930336,-2.7208207823373676,5.889719289119687,-6.034934582624007,-0.50927092548638,-5.883287470026561,-1.0393285170642519,-10.18411987398424,0.5320018810800066,-13.042383908981723,2.7980453336858204,-2.5441226622014677,-2.5250796249579897,-7.635823867541124,18.04340968789862,7.463887105516319,-8.009027767484778,-4.236989657572762,-7.992495839961457,-1.3304550810847067,2.1509309101831438,9.164443921698885,5.674054774518261,-6.422435489868098,6.995587771731334,-6.153205866024523,-11.660800379448492,11.152629296203894,-0.3363977708322079,12.395227683914046,1.7485105374247358,-1.894594893674157,0.14057531546607627,-7.589627006447996,0.17320406653037784,1.5175383158710012,6.858729398064466,0.5178266583834508,0.6305719451949094,6.161650539995527,9.928040511305547,3.2900916140691834,-10.113413541892346,-8.766961258803494,18.390915303688715,14.472164958464932
-2.006627769095381,7.375119472425893,-4.141059373085435,3.3045877406977677,-8.737892757376729,0.2823086439888493,-4.105887839252253,7.381802510115296,5.3008361938516995,4.610864824310338,-6.8251673577542915,4.621921031800072,-4.3371286558272155,3.406824755065828,-1.019164363388982,1.745492065953581,12.172268699004503,1.59860819721718,0.17642234568596588,3.702843920821331,-0.18109483761563414,-8.597094944028402,8.890033866295703,1.0219032306025118,3.2106392117047573,-4.655354876093086,-6.489184641894389,1.0199799441417412,-7.679099058487748,2.8278342537922065,-3.802584832537414,-8.800378731744857,-0.556490911353909,-6.671365171382885,8.862719013812582,-0.9925377408624969,-9.326868154752615,9.659387150812444,2.204735164877075,0.30584194844024726,-1.3301254714727149,-1.1947442980814722,11.745346103501996,0.5698409022073712,-4.007321939368796,-7.43867476950768,3.7540420975784956,18.390915303688715,-7.260518637635933,-0.42931982586264994
-2.7941493093566065,0.892332876032082,4.881092553706956,0.22893143975844948,-9.125326859764339,-0.4215780586972002,4.893761887373313,4.829525432602468,-3.9343985498808127,7.792923454339965,3.7772577492132124,11.78227791032105,-6.235913217739884,5.5562305171049795,5.2448240202921514,-3.7444391034108353,5.859370916327644,5.4713606610376795,-9.384250114127681,2.729163844116656,0.6525516562211434,-9.498420714085563,8.610531184489933,6.480203177426847,7.376916440260856,-0.3058565930911651,-8.209704020501595,14.374753632399889,0.052410126934669565,-0.5746074999224111,15.901247088954982,-9.557907633764207,1.8383386621266258,-9.396364430787182,-0.42137269186075876,-5.97425402927142,-5.307318065012167,13.340828400612741,-3.1923168424802726,6.540141898269372,-1.927983829879978,5.009238565483349,-2.799118199515579,-4.954524929497341,-11.160268233595435,6.324135638105742,10.862802253889798,14.472164958464932,-0.42931982586265016,1.947381587126101
