n
50
c
-187.92995796905834 -155.07830433439673 18.260840025937213 -131.1985698207468 16.82639385115045 144.50352469727744 10.663602633354117 178.50227529739345 -193.36485860159158 166.98729707842898 184.17587242052252 7.875724027984575 -188.31595958144078 -5.3854694635984535 188.129346392536 223.85262521330867 -162.07680693702127 -14.016448359085215 -206.85436400020902 -6.814440754383614 122.62383519679379 199.1080822794553 193.0919887806908 -17.79965308215883 -24.20353696588434 -156.73414247861598 125.78511715722028 -4.151485228905862 -163.02160111542466 35.76872614560553 -170.18826729028174 165.12460500910407 20.73252680150353 -150.04056780243684 -142.2368070070556 -153.00002044447336 28.098463049801317 -137.7997754040073 -7.201992426805853 205.78270682548646 -1.1374607457001442 -169.3139465918979 214.39741773206404 -147.82900833833887 145.81867438745473 -18.852516356508083 34.80081910792279 -17.895911237029043 -185.62768889035772 190.44794479067062
Q
-10.908236233670015,-1.688320196888148,2.9516814215287845,-6.010089731665376,-5.173589237567395,10.693329472640457,-3.246365512897391,6.076023756337675,-1.0630677850937367,1.6588936271090704,6.794467909012741,0.27256516381897045,0.5408836191519875,-4.4378660308078866,8.395223823415753,7.51663040701148,-4.619881444108637,8.197879275046743,-1.3410254815593783,1.7302154409666226,9.973484421795211,9.979080952315183,6.883410691679543,2.3208412706004147,8.807876887306767,-11.177495702184633,11.648577679507602,0.04674102176310746,-2.676354916704962,-6.376870811707798,-8.669687386093706,7.284884943259677,-2.1736574045043637,-7.799854599492108,-5.280638237906218,-9.539407724004503,-0.6970902440322615,-1.943128554181118,3.7566135525851916,2.4547338774227954,3.0091095350742423,-7.195430685619891,4.181376473489551,-4.608017989409134,-2.7552668360083032,-5.328774246920788,0.8948745776195992,-3.2455133180674016,7.900338528304019,1.7667845548848555
-1.688320196888149,-3.8506678856782894,-4.25024530170703,-3.408421435802854,0.8312116889510736,4.9453576144368085,3.7369255148715657,9.721118264126677,4.027072924935241,4.606406058549469,-4.239530045578402,4.0852444548114075,-13.268735579367446,2.4264841154776278,9.95328408315621,-6.749074402344414,4.613910773991337,0.08763897446623242,-0.2688926842891959,0.9399608768997775,0.271589591291551,4.675773225498537,13.3941116126515,4.8899273158712555,-2.46099146992611,-13.425694566516396,3.5542021768237237,-0.15475587989368944,-9.092854546021195,-8.206319127414968,-12.181631067018095,6.8198938783038905,-2.607453911136214,-4.079377807422129,-11.652671873719587,-16.12961299708231,8.393195088338988,-6.939693478401587,6.513685692084326,2.551900508239163,3.558214649820922,-2.7896773413965392,-6.904217331876024,-13.840747581449783,4.227470574296945,0.9321969386029934,-3.827399992319227,-4.898050317150607,-8.480557719490715,7.788599533318448
2.951681421528786,-4.250245301707031,5.385250808790918,-1.1381971641733661,-0.4936135978781837,6.897629877227695,-0.34736047230625244,-4.919961442018674,-0.7824122719987371,-1.2028525191085084,-4.527523623293849,0.22782803251281303,5.216874533254968,-0.02352463178385089,-7.125675903193498,5.958106258812598,-7.326479657400211,-0.007888589381461586,2.187880682404179,-0.0778318882584636,0.191529063537481,-4.0160581794593355,-4.818076917208406,0.884927845503106,0.09362640158644098,0.020170553237158217,-0.6245662173250626,0.47193353901479934,-10.004021610500827,0.09956973916808809,-8.51257646557504,-8.044255594208146,-0.526249669493513,-0.3506034745919083,3.361271507156107,-6.288262468733944,-0.2252191497843682,-3.6954113965253157,0.15996363420910942,-5.738898322607749,-0.14757660386647808,6.079425916792431,2.6634080508181714,-2.287329664089018,8.630524126902126,0.4963055646026536,-0.15236513437949492,0.7997913438417341,4.0060426293982845,1.6429366510421215
-6.010089731665376,-3.4084214358028544,-1.1381971641733655,-1.521682058188059,-5.234074166360929,3.7927230549305397,-3.333484901761178,8.71385554213415,-8.86407845580846,-8.204755705123905,-2.5980684085763497,-10.40869527600515,4.45678279364014,1.7827569337924771,2.050616540681122,-4.755006283628871,-3.6973122931187508,0.6736695812268162,-0.7471225781584986,-1.0277104867407953,8.650206099473287,3.0149106069937246,7.431010217461131,-1.0974681332269833,-3.7484565819858147,-1.1520948667327642,11.091002909613135,-4.068311778603443,-4.649509679558378,-3.670558552938462,-5.9695920953779105,0.1156834441955441,-7.655342546724275,-15.319631065205348,-6.8592344561940015,-0.6232721779349016,-1.7271386024110984,-13.558762879206276,-3.259011645581639,11.352714939444043,-3.9064359552062746,-3.951642115480275,11.171235135809184,-7.03796686566877,4.33310960028119,3.5651065158539503,-3.8159929900212513,-0.5175376774575605,-8.515863889792797,-0.21188810368795918
-5.173589237567393,0.8312116889510741,-0.49361359787818526,-5.234074166360928,5.681339372117019,1.8269875519414982,0.2789086816263351,0.26454839912151307,2.1309712109103374,2.3098526141075455,1.8738091710626432,0.8872350914066796,3.456069787832292,-0.49183901128839413,-1.6831959342938458,-8.085306601955054,-0.33507817069415413,-0.5829758007033587,-0.6999315881862558,-0.23986373513253795,2.2486741921495734,-0.4220805198978179,-3.274174227055492,-0.10728412256409092,-0.30880091874489457,-2.4499271171704313,1.882367038134396,0.8811730098614967,-8.755783874464969,-0.17385027329980485,2.5458260161018447,7.289251733081802,0.1479810150857003,-2.022185927393666,6.443872882825616,-1.984726644665049,0.30752708889678737,4.338387712261514,0.624736680708375,2.1539684488178112,-0.7393107330607378,-1.9545768705073527,1.7568475852643473,-5.25888397643451,4.504238797591979,0.3770207309150987,-0.4526592467378418,-0.14635073972564516,-4.019527386436181,3.4388650039700983
10.693329472640457,4.9453576144368085,6.897629877227696,3.7927230549305397,1.8269875519414986,1.9740387278744045,-5.068445298900495,-14.71310723086502,15.400168220257033,-0.2504847565041415,-10.125083219338613,-1.042791248225634,3.389781181076125,3.8933811902867426,-8.10571748249538,-12.932471932023176,0.08169635588126867,-1.2791684056807824,9.44666043774901,-1.3996184467998103,-1.025571340325575,-8.12908046488525,-3.6100583189059097,3.7759593045540267,-8.214193414850211,-4.306294513304197,3.3852491323620777,4.49692207441146,9.376592066754592,2.5562991823586474,15.55743687051976,7.431504747020605,-7.345677347660165,5.447866887217629,11.246479289953548,8.563005879573884,-6.020684205749054,3.546225857267917,5.217211239150297,-0.9133464394916648,-3.312554581140514,-0.559183599640222,-6.957035067536786,14.481295032144809,1.090941714117484,0.4658100205312563,-5.021051260038802,4.417070790568574,8.173740426662011,-6.784603930829625
-3.246365512897391,3.736925514871566,-0.3473604723062512,-3.3334849017611767,0.27890868162633514,-5.068445298900494,6.7820819522487135,0.32988298484017065,1.3229967332234247,0.4647335666631175,3.835141677770617,0.2339072927634881,2.2580909929210384,-0.16781971178044758,4.7833396592497435,3.743933709946605,-5.992588769581812,0.48706027031183874,-0.6991015220064141,0.5177474681371564,-6.885373248700266,-0.38396956761256507,1.1489241790957991,1.0203313026447152,-0.20410878913517816,6.160597151462179,8.763727295757944,-0.1354566524186276,-4.039977629317221,-0.22563986435869632,-7.06809531360625,-3.9968022836644432,-0.012828540337298515,0.25339949454225796,-0.9456858518665089,-2.087973843521681,-0.1267204301903775,7.582153701471228,0.3530143708636764,-1.0017433291963818,-0.37671734401703194,-8.944107356319744,4.649301087040008,-2.7946289640281115,5.7726211616734995,0.18129071774117309,-0.43530724915658214,0.11421670260607214,0.10482075283549352,-0.08436836062983966
6.076023756337676,9.721118264126677,-4.919961442018674,8.713855542134148,0.26454839912151307,-14.71310723086502,0.32988298484016987,-0.46749184110263897,0.16398434768192305,-3.435035398381887,0.25054958685500717,1.4198583735413668,17.383460328269322,-8.008395490294927,1.4361792573809622,-6.696454855703079,5.6081467264843585,6.958345677290911,2.2227903512444818,-3.5074659410296514,4.679836262102921,-9.21893421813248,-1.3842428911646207,-3.4153198359616375,0.007744816559142775,0.5502943114076992,-0.6915597275851364,-8.667695568153247,10.146235328966661,2.923770907333491,8.886094972689117,-4.494560073028296,6.409771226033368,-7.328405628788612,9.053832737807577,0.1367070732241119,5.820960064316582,2.12969081455218,-6.371762043764141,-8.240095790486418,-8.21632480820676,10.250623780397286,-8.478085888741674,6.642388680869727,-9.951399817652154,-6.42568014844019,0.4284313738508888,-0.38120115394076604,-3.0389061877302215,-5.223604970522802
-1.063067785093736,4.027072924935241,-0.7824122719987372,-8.86407845580846,2.1309712109103374,15.400168220257033,1.3229967332234254,0.16398434768192394,9.117319838084104,4.732259452485017,9.361233670840745,-0.12709811551885408,-4.017800386053137,1.8841120348266864,-7.3142689859203145,2.8115477505144812,-3.6645335189912336,8.37727357384398,-3.5609609123153305,3.556946778825492,5.009660753738441,2.508745219970973,4.043329657683284,5.5398770419161,-5.249865140728871,-2.7677516444291794,18.149372435639545,-2.8330021735061575,-7.3808189681387155,-0.3388522889236354,-4.840199685382893,2.0441800881707177,2.2749765077920956,-1.3007689010672039,-11.039526805276132,-11.893844609376602,6.254790079789331,-3.875279061296336,-1.5622465597887927,0.945669245795375,-5.1476033957650005,-2.3363909158046337,13.934086929221476,-20.23156556677046,9.892984205399065,1.4385076359665154,-1.7525662096263126,7.037499717241324,-4.7742936979748904,3.7807382280485045
1.6588936271090708,4.606406058549469,-1.202852519108509,-8.204755705123903,2.3098526141075455,-0.25048475650414254,0.46473356666311827,-3.4350353983818875,4.7322594524850174,-0.7926814203363763,-3.5094537360900953,5.869917311972811,3.690247364684054,2.5619591049601596,6.645303320584317,-0.25760087480296623,3.437649650347291,4.637992016968051,11.19071792790582,-4.864521323685832,-12.069429062690041,8.45122604505495,-8.145803809291152,2.163141911024746,3.9812933128257173,11.650250727898833,-0.3534644885002829,3.792486678939315,-1.778397487271911,3.3839200273549785,-5.0407840553483885,-3.7588259659630374,-8.640003606735654,-1.9713959214301746,8.257958992804683,7.17924793870496,-3.40835249768237,6.8632375926020615,6.170016485976961,-5.389829111490508,2.2359526859262107,7.2822270408546315,-7.593910342710325,6.331077026761734,-5.225309614594403,-2.4221372255658298,-2.140857897221499,3.75799051858549,0.2101440738824467,-3.0646699783769114
6.794467909012741,-4.239530045578401,-4.527523623293848,-2.59806840857635,1.8738091710626432,-10.125083219338613,3.835141677770617,0.2505495868550065,9.361233670840745,-3.5094537360900957,-6.438434796632721,4.950235743110454,6.761437970193979,-7.120471153846995,-6.147494062179993,-10.081847742685051,1.2070264565121356,7.992703440122954,9.57906077053044,-6.90406211294926,0.44986019234610364,-5.787363137187637,-10.253260540730297,-2.6909100469805463,0.11807007733087471,6.743702383021794,-11.446572513182348,-1.8898448214777597,1.3602751478120756,-1.922335557690317,5.819660392490194,1.2909204613611402,-8.46677401936506,2.8635764317969716,-6.211912842884487,16.47043359967583,0.4493379762927412,10.528922378367897,-4.700570136005593,-10.53254833915561,1.1089273617957311,14.112620347227539,0.8533422494303039,9.783945780318758,-0.8928457074898521,-6.685921657657211,-1.1051991914686479,-6.102598979531422,17.419162350280555,-4.095493346270342
0.27256516381897133,4.0852444548114075,0.22782803251281222,-10.408695276005147,0.8872350914066793,-1.0427912482256345,0.23390729276348976,1.419858373541367,-0.12709811551885564,5.869917311972811,4.950235743110455,6.385503482856936,9.280166348825706,0.4348179093712049,-3.4115203612415628,-4.417779404459111,1.0847000217878984,-0.16592906293379017,-1.857747064345091,0.24408684734158564,-0.19289476812808326,-8.265703057096314,1.3396900331036543,0.6332125136173301,-0.130277968940242,-2.9381119512648683,-6.181502641477342,-0.11364989012016635,-3.012869680868025,0.7381853923967487,2.0463511158954844,-5.950620599038005,0.3494314768152103,-6.059652909631075,-3.1394420790951796,-0.06689105588063904,0.09540206247754801,-7.609618118622224,-0.4080148298025205,-4.684271053851287,0.6175951547144096,0.8438027607293881,0.860723051728284,2.2528281025274213,-0.7290239663870611,0.7342843957919022,0.3146921802765992,0.39373527121789126,1.5385701160730796,-4.03297130831794
0.5408836191519881,-13.268735579367448,5.216874533254967,4.45678279364014,3.456069787832292,3.3897811810761276,2.2580909929210384,17.383460328269326,-4.017800386053137,3.690247364684054,6.761437970193981,9.280166348825707,-4.628017940782501,-2.694449016030079,4.604051636901625,1.8360473610824872,-5.485544103177723,-7.641308493312164,-10.082891905182127,-8.556807378795462,8.615974117241095,0.26939700961420154,6.462755348737156,-6.168192872825974,-2.9919630060363973,-1.2526890047141046,17.630210609879956,8.226107867575385,6.842625845316873,7.399590920172555,-0.14771123366311467,6.802252198909582,1.3134884860601437,-4.026486698810393,-10.577418646996824,-3.1047584516714255,-3.461762155327616,-5.92958958686218,-3.275565292213867,6.360066430704715,-0.31078951100579494,3.7248860756324635,0.7030241259125668,-8.87051248415626,1.6153941821206772,-3.4981491474190634,-1.5350082731990133,5.6368612704311145,-8.110122589948645,8.936370668283308
-4.4378660308078866,2.4264841154776278,-0.023524631783849892,1.7827569337924767,-0.4918390112883929,3.893381190286744,-0.16781971178044874,-8.008395490294925,1.884112034826686,2.5619591049601604,-7.120471153846995,0.43481790937120424,-2.694449016030079,5.726022063833425,0.8203950637010707,-3.3702973911326124,-4.079888561594966,-0.017508996384422604,-0.1911592727768248,0.04539175854745303,-1.9601058530216549,2.7566439136831526,-0.0344665635253838,0.6472138975832405,0.2860159787875106,-0.9879090438799971,-2.0094622390626298,-0.06998477862883265,8.041923643418544,0.2830443001904718,6.923387621088276,-5.961660286210802,-0.14490904077558048,-7.44618059087138,2.908993535450429,-0.44695801879144303,-0.7109852718445048,1.2503405827872938,0.6229704797117012,-1.3884075366119033,0.4918414508581319,5.402778820274644,5.587409954228496,1.0204971793738005,-1.2183945184568148,0.19045600489242154,0.1240281360052198,-0.06373351354974144,-6.942291576046274,10.300050768798428
8.395223823415753,9.95328408315621,-7.125675903193498,2.050616540681121,-1.6831959342938465,-8.10571748249538,4.783339659249743,1.4361792573809615,-7.314268985920315,6.645303320584317,-6.147494062179991,-3.411520361241563,4.604051636901625,0.8203950637010711,-2.8511010234263496,-4.904366502881744,4.732668889110323,-6.45176804062592,4.015717300493474,0.735766532507379,-1.4450344297524462,-0.6151682666572272,-10.20606025117782,-5.412121956820105,2.342879422994087,-2.017203335449219,0.6434422965117812,-10.27347759531105,0.006229141324975984,-7.087371682408237,0.4546717501949331,-8.500485460345503,-0.7577099228914381,-0.19419215886367364,10.73942277500477,9.310056289197318,2.632345177836572,1.1639108194436343,5.976598533273119,2.418196188912758,2.360188319462042,10.09893478980452,-9.016752333235752,1.7701665040063626,-4.0107688195481614,0.3366623105825115,-3.9421135057343553,-5.157851337876651,4.555124829878295,-4.480692990849203
7.516630407011479,-6.749074402344414,5.958106258812598,-4.755006283628872,-8.085306601955054,-12.932471932023176,3.743933709946604,-6.696454855703079,2.811547750514482,-0.257600874802967,-10.081847742685051,-4.417779404459111,1.8360473610824883,-3.370297391132612,-4.904366502881744,5.962917304909138,-0.154616493610246,1.5964425624932588,0.8763767307332055,2.6223374097129493,-5.790880557629426,4.028678528357094,-0.4906139932099952,2.143394969796531,3.3192843604311375,2.993744347374342,3.2003310066120108,0.9642549464565304,-3.8371718892052735,-1.794503644288982,5.494790997789686,-7.471422592028603,-0.015575425257521133,3.2491218018284913,3.9950640359398286,3.5041375114163458,-0.24224144907644352,3.5125485534417598,-6.018206239220584,-14.637250181798054,0.7850180625805335,8.418653827780187,-7.952455544609872,-0.03260827689400819,-9.345421394851128,1.4406622824032658,-1.9932915789106391,3.950237081985846,3.613963725258654,-5.801972356479789
-4.619881444108637,4.6139107739913365,-7.326479657400212,-3.6973122931187503,-0.3350781706941554,0.08169635588126933,-5.992588769581812,5.6081467264843585,-3.6645335189912336,3.437649650347291,1.2070264565121351,1.0847000217878984,-5.485544103177722,-4.079888561594966,4.7326688891103235,-0.15461649361024554,5.833618282533443,7.202951459417166,-10.00627154880965,-1.6651730168776138,-0.6189384390159591,-0.7027809770656164,-4.511672483793344,1.3186880071391947,6.788026048620484,-7.8109711274378535,1.101911859302006,-1.34384554860981,-4.995334416895948,-1.2315738723062473,-1.613900152780681,6.2089969220472145,0.6282626214741569,-13.689225670085252,-5.04810341016751,1.5294748295794833,3.805268226955624,-11.610322828093391,-6.183082110697761,7.004546834749421,-5.051845011218203,-4.089742242400281,-1.5147270927078789,-4.224930349170619,-7.073898720927902,6.991191565465677,6.959167879740937,10.46615633688623,1.7110526850602525,-0.013928504033247968
8.197879275046743,0.08763897446623276,-0.007888589381461503,0.6736695812268145,-0.5829758007033601,-1.2791684056807833,0.4870602703118381,6.958345677290914,8.37727357384398,4.637992016968051,7.992703440122954,-0.16592906293379017,-7.641308493312163,-0.01750899638442227,-6.451768040625919,1.5964425624932592,7.202951459417167,6.163650630713251,6.93199023839006,0.970627421960419,-2.737572342392594,-5.380028711685492,-9.089374404106742,-0.012724339073169944,0.4986770355781181,-1.5127124900710793,2.9083148559835466,-0.24920504425823253,0.13750272461500224,0.3745078455327904,0.2981121652515772,3.7129686282965024,-0.605895290260755,-4.793380959403915,0.15205198666975606,-3.774400558997222,-0.39057050135625365,5.599468529877801,0.8518572797048478,0.9579864484490089,0.8480545203461469,-0.17736047485973905,0.17576596958203294,-1.845386161901092,3.0949255777115376,-0.6122729633031005,-0.07942400995680199,-0.5259673373562979,-5.893889375864813,-5.274589578135292
-1.3410254815593787,-0.2688926842891961,2.187880682404179,-0.7471225781584993,-0.6999315881862557,9.44666043774901,-0.6991015220064145,2.2227903512444813,-3.5609609123153305,11.190717927905823,9.579060770530441,-1.8577470643450917,-10.082891905182127,-0.19115927277682543,4.015717300493476,0.8763767307332058,-10.00627154880965,6.93199023839006,-2.340969108066907,3.8117370515959452,7.729897574413878,6.962414836786514,9.060397015156838,2.6213923507964827,-0.18012695840955117,-1.5644562193649558,5.563421836511559,4.026503368379041,-7.249353384320103,2.235142670503517,-10.804747312348903,1.2711285132196841,-1.9386937409609093,-2.5717787898128446,-1.912482283392277,3.2551575931706274,-9.60263583877748,1.6881828071758722,-0.2542899593311909,6.502025472280144,1.1517692528897274,-8.902295049322204,-5.501974345300223,-0.8150591109140515,9.017225277300037,0.8416423640237223,-6.159237022988288,5.67649760584765,-11.343442273797486,16.546004262000952
1.730215440966623,0.9399608768997776,-0.07783188825846332,-1.0277104867407947,-0.2398637351325375,-1.3996184467998107,0.5177474681371566,-3.5074659410296514,3.5569467788254925,-4.864521323685833,-6.904062112949261,0.2440868473415876,-8.556807378795462,0.0453917585474537,0.7357665325073794,2.622337409712948,-1.665173016877614,0.9706274219604192,3.8117370515959452,6.275612020971296,-0.5339896911270572,1.0686083091582537,1.6114012131775515,-0.12369842381339513,0.3361128402600546,5.978178063623465,-2.2455116705535123,0.32001935260472314,-1.1109681692487827,-0.32767791890553255,7.29512053560441,4.847452827754228,0.4761955387687369,-8.04434590735543,-0.9914570011481054,-0.8734115818564565,0.1767566648970076,-3.6127463651351754,0.4487732252044936,2.6438663877573916,-0.13273974030708185,2.6830596795061874,6.743479332776304,-0.5054665781632763,-2.570317454638385,0.8820229331349976,-0.014682046033022422,-0.10475306325101474,2.6822587590794305,-2.524656356767116
9.973484421795211,0.2715895912915502,0.1915290635374803,8.650206099473287,2.2486741921495734,-1.025571340325576,-6.885373248700267,4.679836262102921,5.009660753738441,-12.069429062690041,0.4498601923461045,-0.1928947681280826,8.615974117241095,-1.9601058530216553,-1.4450344297524467,-5.790880557629427,-0.618938439015959,-2.7375723423925944,7.729897574413878,-0.5339896911270571,-2.8771481714059384,-8.275948990152958,-14.451397253225094,4.110675203815178,-4.538101516026699,9.204224177465436,-6.207637418888397,4.383346190064323,19.975911379457358,-3.4415755227864624,16.405766425364785,-0.8763035713217915,3.4454534946764404,9.20942161185835,11.267367350347541,2.5442686132419543,-2.438956731714632,20.31267547285133,6.4785679989100755,-12.313151722652181,1.6065827703783568,-3.842125727154519,-11.07590114430912,-3.5284476362055632,-7.5245566145336165,-1.1209449028218241,-0.039709766682351155,-1.6227542769336443,3.618365186721781,3.933013989256314
9.979080952315183,4.675773225498538,-4.0160581794593355,3.014910606993724,-0.42208051989781714,-8.129080464885249,-0.3839695676125645,-9.218934218132482,2.508745219970973,8.451226045054952,-5.787363137187637,-8.265703057096314,0.26939700961420243,2.756643913683152,-0.6151682666572276,4.0286785283570925,-0.7027809770656168,-5.380028711685492,6.962414836786514,1.0686083091582523,-8.275948990152957,6.930875478361848,-2.170966685828211,-0.08723597989972476,2.3686882988654916,1.157551502816807,-8.903462725613203,-1.7403601427154403,4.7990197151183525,-5.02505678411174,10.945306513955167,-7.396349116171885,4.259568234890688,7.172854489394734,3.9447065705707725,-0.8880286251069693,-5.078874829057073,3.147237422740808,-1.3530252526607933,-1.1958602360505648,-1.6606159267281184,6.899890151237052,-2.936373400948586,2.2658165559582777,-1.2949206311884427,8.509500668274772,-1.794397873404049,0.8464744155919608,-0.8280515799795856,-1.7672649183122555
6.8834106916795434,13.394111612651503,-4.818076917208407,7.431010217461132,-3.274174227055492,-3.61005831890591,1.1489241790958,-1.38424289116462,4.043329657683283,-8.145803809291152,-10.253260540730297,1.3396900331036536,6.462755348737155,-0.03446656352538502,-10.20606025117782,-0.49061399320999644,-4.511672483793343,-9.089374404106742,9.060397015156836,1.6114012131775506,-14.451397253225094,-2.17096668582821,9.2051462905858,4.738068207209924,-9.542402321425309,5.886274604386143,-8.493790727092195,0.01807074271629361,11.110647494960308,4.955028650774917,5.361811516808862,-0.4064998711823844,-3.08442462237074,7.968889709417121,4.094275289116705,4.477825775122808,4.892729911810989,7.947606974290772,-2.1316415364528885,8.277480103683219,1.0930463179788323,14.363546549042521,-13.08480178385843,-0.9680069136781689,-6.404827109465734,1.5711452936796677,6.859911188458433,2.2349480949698894,13.203695672199622,-14.066624703978023
2.3208412706004142,4.8899273158712555,0.8849278455031064,-1.097468133226982,-0.10728412256409159,3.7759593045540267,1.0203313026447145,-3.4153198359616366,5.5398770419161005,2.1631419110247454,-2.6909100469805476,0.6332125136173306,-6.168192872825974,0.6472138975832409,-5.412121956820105,2.143394969796532,1.3186880071391955,-0.012724339073168833,2.6213923507964836,-0.12369842381339377,4.110675203815178,-0.08723597989972376,4.738068207209926,5.417705664870826,0.018848413829205546,-0.4863989669045439,-6.724457161296661,-0.7315473585331863,-0.7596229429415149,0.24140043800440725,-3.443426513280465,3.5018281468512384,0.08753403446072316,-7.319039091359401,-0.7524796648949965,2.573153252130009,0.3388324079591614,7.9687421933107405,-0.2634556795871117,-4.498436419933703,0.10087955550669309,-3.365640920589306,7.428423336253171,5.057067093538094,2.287740578076921,-0.6976536964111901,0.3482307236678631,0.13941644635619532,4.018059438015301,6.133696207451823
8.807876887306769,-2.460991469926109,0.09362640158644048,-3.7484565819858147,-0.3088009187448947,-8.214193414850211,-0.20410878913517716,0.007744816559142942,-5.24986514072887,3.9812933128257173,0.11807007733087582,-0.13027796894024135,-2.9919630060363964,0.28601597878751095,2.342879422994089,3.3192843604311375,6.788026048620485,0.4986770355781185,-0.1801269584095504,0.33611284026005317,-4.538101516026698,2.3686882988654907,-9.54240232142531,0.018848413829205657,6.214978693165849,2.157432385240261,-0.1917907949203892,0.1800638132468,3.3030350966269046,0.13929704786976882,0.05102437093560899,-3.838195764493025,0.36478450505306625,-1.996361639019343,-0.15086021193365573,5.367407824359942,0.4725395947016444,1.000007466580966,0.12442202057358509,4.941427770694604,0.5519376508359464,9.074770809498983,1.673005951899801,0.983207854198523,8.688089893148513,0.015342243342346462,0.1014879237328289,-0.22253488168304386,0.6087428902329926,-3.2956912093071
-11.177495702184633,-13.425694566516396,0.020170553237157718,-1.1520948667327637,-2.449927117170432,-4.306294513304197,6.160597151462176,0.5502943114076988,-2.767751644429179,11.650250727898833,6.743702383021793,-2.9381119512648675,-1.2526890047141044,-0.9879090438799973,-2.017203335449219,2.9937443473743435,-7.8109711274378535,-1.5127124900710802,-1.5644562193649563,5.978178063623466,9.204224177465438,1.1575515028168066,5.886274604386143,-0.48639896690454365,2.1574323852402593,6.213299221053036,11.182122658134906,-1.6872681159303555,-1.4784618834101821,0.3258011906809475,-7.17295391179613,8.529024220486118,-0.22348693420570018,-0.10831807867042265,-17.276464329529052,-2.3167272280186,-3.2652881927393005,-5.379650079350924,6.772767870111197,-7.754256761636706,-4.60448805346661,-1.4578620198345833,7.0125490344134755,-1.8118346401126495,2.7405096966109506,2.4408639218687407,-2.0559851480002367,-3.870066159244173,-7.966032435294016,3.926035570155094
11.648577679507603,3.5542021768237246,-0.6245662173250623,11.091002909613135,1.882367038134397,3.3852491323620773,8.763727295757946,-0.6915597275851373,18.14937243563955,-0.35346448850028267,-11.446572513182348,-6.181502641477342,17.630210609879956,-2.0094622390626298,0.6434422965117819,3.200331006612011,1.1019118593020059,2.908314855983547,5.563421836511558,-2.2455116705535123,-6.207637418888396,-8.903462725613203,-8.493790727092193,-6.724457161296662,-0.1917907949203903,11.182122658134906,10.822065653090721,-1.7932066128514201,15.777672535404138,-1.8147006220900774,6.107930890396136,-9.085298483652297,4.769226048340703,13.501861565598066,5.8700373621355535,0.36560636497511173,-0.9335708894047261,9.98960044850137,1.8485348557629715,-0.9302837035561581,-8.90176518695392,8.830077102870542,-9.842934868415387,2.949687482222188,-12.471438154853258,3.188681220683741,0.9116433873611632,-6.7824076079383495,1.5205549347279206,-2.6450089017080587
0.04674102176310857,-0.15475587989368916,0.4719335390147988,-4.068311778603443,0.8811730098614979,4.496922074411461,-0.13545665241862825,-8.667695568153247,-2.8330021735061575,3.7924866789393143,-1.889844821477758,-0.11364989012016502,8.226107867575383,-0.06998477862883334,-10.273477595311052,0.9642549464565299,-1.3438455486098104,-0.24920504425823276,4.026503368379039,0.320019352604723,4.383346190064324,-1.7403601427154405,0.018070742716294053,-0.7315473585331858,0.18006381324679932,-1.6872681159303564,-1.7932066128514204,6.692759978641772,-4.543652409503377,-0.7546581113848505,1.8268391378615743,-0.16794641590245596,0.5726010546442494,-7.622175173004841,2.66252522036993,9.016012780343523,-0.15765256056445412,6.433660863414266,0.2361253247724967,-0.1180724118854064,-0.09660741864965017,-6.30500233919117,-0.67418900919063,-2.9530814510650796,1.4444190246758986,-0.23750010811041644,-0.13672679559394285,-0.2882434309749107,0.046296803031610434,-2.102432309374606
-2.6763549167049616,-9.092854546021197,-10.004021610500827,-4.649509679558378,-8.755783874464967,9.37659206675459,-4.039977629317221,10.146235328966663,-7.3808189681387155,-1.7783974872719106,1.3602751478120751,-3.0128696808680244,6.842625845316874,8.041923643418544,0.006229141324973875,-3.8371718892052744,-4.995334416895947,0.13750272461500435,-7.249353384320103,-1.1109681692487823,19.975911379457358,4.799019715118353,11.110647494960308,-0.759622942941515,3.303035096626903,-1.4784618834101826,15.777672535404136,-4.543652409503377,6.742832020728033,1.9077758148963544,-7.887884890585142,8.4630426190533,-1.2916042218659127,-9.349598388952224,-0.7488787150645275,-11.403705401392338,-9.236865183769048,-6.6732773699286625,-7.739828424344413,13.305062255374722,8.033500135510103,-10.432741633782676,-6.457274148736238,-9.507220477646317,4.427246062826557,5.917929801981007,-0.4751867116197962,7.209728345017433,0.006225056965956988,4.8227036878058085
-6.376870811707798,-8.206319127414968,0.09956973916808881,-3.670558552938461,-0.17385027329980474,2.5562991823586487,-0.22563986435869626,2.9237709073334917,-0.33885228892363806,3.3839200273549785,-1.922335557690317,0.7381853923967491,7.399590920172555,0.28304430019047133,-7.087371682408238,-1.794503644288982,-1.2315738723062482,0.3745078455327906,2.235142670503517,-0.32767791890553244,-3.441575522786463,-5.02505678411174,4.955028650774917,0.2414004380044079,0.13929704786976815,0.3258011906809486,-1.8147006220900777,-0.7546581113848503,1.9077758148963535,5.453227475638994,-1.2488969948864486,-0.291597377474327,0.4068608541247317,-2.56379394131525,-2.015235342419668,-2.3537010637056834,-0.4871268718943236,-9.655989418617075,-0.6441475080235285,-2.4301775125670995,-0.032509318867578185,-7.456797637487042,0.7718145489308811,-1.397649481050777,3.1978507465943093,-0.4975281361757624,0.08456214674017822,-0.02451255621201609,-0.6316257026346701,3.1245153180835037
-8.669687386093706,-12.181631067018094,-8.51257646557504,-5.969592095377911,2.5458260161018442,15.55743687051976,-7.068095313606249,8.886094972689117,-4.840199685382893,-5.040784055348389,5.819660392490195,2.046351115895484,-0.14771123366311523,6.923387621088278,0.45467175019493267,5.494790997789686,-1.6139001527806816,0.29811216525157674,-10.804747312348903,7.295120535604411,16.405766425364785,10.945306513955167,5.361811516808861,-3.443426513280464,0.05102437093560819,-7.17295391179613,6.107930890396137,1.8268391378615751,-7.887884890585143,-1.2488969948864475,10.479121155844387,6.237132357188996,1.603938345353157,-2.0387363740921396,-4.846748565250142,-5.873439582274932,-5.08723286209236,-4.873204739417933,3.6167602089970687,6.904125786109176,4.764992912886642,4.694830889683052,-3.574397750589205,-3.636354943264268,1.429216952464478,-3.875620153876307,-9.511152866353443,1.744457427449075,4.394145376708945,-2.262761054151969
7.284884943259676,6.8198938783038905,-8.044255594208147,0.11568344419554488,7.289251733081802,7.431504747020605,-3.9968022836644423,-4.494560073028295,2.0441800881707173,-3.7588259659630374,1.2909204613611394,-5.950620599038006,6.802252198909583,-5.961660286210801,-8.500485460345503,-7.4714225920286035,6.2089969220472145,3.712968628296502,1.2711285132196841,4.847452827754229,-0.8763035713217918,-7.396349116171884,-0.40649987118238484,3.5018281468512384,-3.838195764493025,8.529024220486118,-9.085298483652295,-0.1679464159024553,8.4630426190533,-0.29159737747432674,6.237132357188995,9.092838381329868,-7.93597513515002,7.108007208527892,-3.9666012941621043,-0.36943679617259506,1.5621263585314689,-3.459999469641878,-3.5111037677067096,-7.537169802555105,10.26464743618876,17.08056014107767,-13.550936613348572,6.212653490186456,3.2974190009725763,4.9546271084844635,4.409171857480155,-9.184599965323299,-2.8694344409157297,-2.920609460759131
-2.173657404504363,-2.6074539111362136,-0.5262496694935135,-7.655342546724272,0.14798101508569989,-7.345677347660164,-0.012828540337298744,6.409771226033368,2.274976507792095,-8.640003606735654,-8.46677401936506,0.34943147681520914,1.3134884860601441,-0.14490904077558076,-0.7577099228914375,-0.015575425257522035,0.6282626214741573,-0.6058952902607562,-1.9386937409609086,0.4761955387687371,3.44545349467644,4.259568234890689,-3.0844246223707406,0.08753403446072194,0.36478450505306725,-0.2234869342057002,4.769226048340703,0.5726010546442492,-1.2916042218659123,0.4068608541247305,1.603938345353156,-7.935975135150021,5.985764012770433,-1.3712910710277075,-9.24378383777171,2.8692838296077934,-0.5466913455236888,-1.4435719545940182,-0.42302222630291275,7.0921102949873855,-0.19219635985396183,-7.802897961065934,0.3549632518439355,-1.2223342317880947,-2.828589107685192,-0.2354919138123297,0.7186888914480032,0.2701462881339185,4.973412860932354,-0.24833891301736255
-7.799854599492107,-4.079377807422128,-0.350603474591908,-15.31963106520535,-2.0221859273936653,5.4478668872176295,0.2533994945422591,-7.328405628788613,-1.3007689010672037,-1.971395921430174,2.863576431796972,-6.059652909631076,-4.026486698810392,-7.446180590871382,-0.19419215886367425,3.2491218018284913,-13.689225670085252,-4.7933809594039145,-2.5717787898128455,-8.04434590735543,9.20942161185835,7.172854489394732,7.968889709417121,-7.319039091359401,-1.9963616390193426,-0.10831807867042204,13.501861565598066,-7.62217517300484,-9.349598388952224,-2.56379394131525,-2.0387363740921387,7.108007208527891,-1.3712910710277078,-2.364037916076816,-8.096477768975411,2.360271062859277,-1.5950350273747067,-1.5079420375926127,-2.524484735937048,5.418211058483318,-0.1670872646000523,-9.049953646619642,0.6308242814949444,-9.20698502550121,-0.9084147859795438,4.01648732929276,0.33479966966961017,-2.314855875551758,3.233764956735638,2.1501073102367076
-5.280638237906217,-11.652671873719587,3.3612715071561077,-6.8592344561940015,6.443872882825615,11.246479289953548,-0.945685851866509,9.053832737807577,-11.039526805276132,8.257958992804683,-6.211912842884487,-3.139442079095179,-10.577418646996822,2.9089935354504295,10.73942277500477,3.9950640359398273,-5.048103410167509,0.15205198666975633,-1.912482283392275,-0.9914570011481063,11.267367350347541,3.9447065705707725,4.0942752891167045,-0.7524796648949972,-0.1508602119336535,-17.276464329529052,5.8700373621355535,2.66252522036993,-0.748878715064528,-2.0152353424196683,-4.846748565250141,-3.966601294162104,-9.243783837771709,-8.09647776897541,13.48135236113427,-2.6306036457620117,-0.35211101832603187,-10.646811681413343,3.513926722547772,2.9077735025112585,-7.026907864296009,-8.472716638441185,-2.6508903441671876,-15.123774815234118,12.516487614778406,1.5775892087780634,-4.276827146684794,-1.6611196209722427,-4.344209795702898,12.035105847138766
-9.539407724004503,-16.129612997082308,-6.288262468733944,-0.6232721779349029,-1.9847266446650496,8.563005879573884,-2.08797384352168,0.13670707322411224,-11.893844609376602,7.17924793870496,16.47043359967583,-0.0668910558806387,-3.1047584516714255,-0.44695801879144303,9.310056289197318,3.5041375114163458,1.5294748295794824,-3.774400558997223,3.2551575931706274,-0.8734115818564578,2.544268613241954,-0.8880286251069696,4.477825775122808,2.5731532521300093,5.367407824359942,-2.3167272280186,0.3656063649751119,9.016012780343521,-11.40370540139234,-2.3537010637056826,-5.873439582274932,-0.36943679617259584,2.869283829607793,2.360271062859277,-2.6306036457620126,9.659949399836343,-5.6775397928137465,-9.314504584240241,-0.9227843461626877,-6.315656551166712,4.670694947994514,-9.351355067774975,2.529708124353113,-8.133967149202714,6.349922062853243,0.3012827966960577,-5.812064976231849,5.565587067198245,-6.798633373248043,5.700063544964101
-0.6970902440322613,8.393195088338988,-0.22521914978436897,-1.727138602411098,0.30752708889678804,-6.020684205749054,-0.12672043019037738,5.820960064316582,6.254790079789331,-3.408352497682369,0.44933797629274175,0.09540206247754823,-3.461762155327616,-0.7109852718445049,2.632345177836572,-0.24224144907644396,3.805268226955624,-0.39057050135625343,-9.60263583877748,0.17675666489700703,-2.4389567317146317,-5.0788748290570735,4.8927299118109895,0.3388324079591612,0.47253959470164464,-3.2652881927393,-0.933570889404725,-0.15765256056445365,-9.236865183769046,-0.48712687189432335,-5.0872328620923595,1.562126358531469,-0.5466913455236898,-1.595035027374707,-0.3521110183260321,-5.6775397928137465,6.076387250038974,-2.7100045714468277,0.18360867677570436,0.8969381436000674,-0.6389686650503782,1.8543334603141868,-1.244730476430854,-0.5432684805448214,-2.393956295201491,-0.0013228348137053203,0.38006726964487775,-0.14186084062321824,-8.005612318672865,3.8219236607541482
-1.9431285541811176,-6.939693478401586,-3.6954113965253153,-13.558762879206276,4.338387712261514,3.546225857267917,7.582153701471228,2.1296908145521796,-3.875279061296336,6.863237592602063,10.528922378367897,-7.609618118622224,-5.929589586862181,1.250340582787293,1.1639108194436334,3.5125485534417606,-11.610322828093391,5.599468529877801,1.6881828071758718,-3.612746365135176,20.31267547285133,3.1472374227408078,7.947606974290772,7.9687421933107405,1.000007466580966,-5.379650079350924,9.989600448501369,6.433660863414267,-6.6732773699286625,-9.655989418617075,-4.8732047394179325,-3.4599994696418777,-1.4435719545940189,-1.5079420375926122,-10.646811681413343,-9.314504584240241,-2.7100045714468273,1.621692508509021,-1.6777725401950665,8.214226259448946,-8.849685990966368,-9.904252733386041,-3.506722651922474,-3.681657885387246,2.8426850768814824,6.206028435252429,-3.9554114378560015,4.121223670597807,-13.750070617660743,-1.175959388668193
3.7566135525851916,6.513685692084325,0.15996363420910947,-3.259011645581638,0.6247366807083745,5.217211239150297,0.3530143708636748,-6.371762043764141,-1.5622465597887922,6.17001648597696,-4.700570136005593,-0.4080148298025204,-3.2755652922138667,0.6229704797117,5.976598533273119,-6.018206239220584,-6.183082110697761,0.8518572797048489,-0.25428995933119114,0.44877322520449436,6.478567998910076,-1.3530252526607949,-2.1316415364528885,-0.2634556795871116,0.12442202057358376,6.772767870111196,1.848534855762972,0.23612532477249604,-7.739828424344412,-0.6441475080235283,3.6167602089970687,-3.51110376770671,-0.42302222630291425,-2.5244847359370484,3.5139267225477715,-0.9227843461626886,0.18360867677570392,-1.6777725401950654,5.2023282413689955,-4.872943135381392,0.20988104586799394,-0.6046088985337212,-0.13794126132857729,8.438579295062041,8.919900897014413,-0.2068074284208784,0.22545531352475456,-0.18952044589939138,1.5892863786193026,-6.722465495294011
2.4547338774227954,2.551900508239163,-5.73889832260775,11.352714939444043,2.153968448817813,-0.913346439491665,-1.0017433291963809,-8.24009579048642,0.9456692457953753,-5.389829111490508,-10.53254833915561,-4.684271053851287,6.360066430704714,-1.3884075366119035,2.418196188912758,-14.637250181798056,7.004546834749422,0.9579864484490082,6.502025472280144,2.6438663877573907,-12.31315172265218,-1.1958602360505641,8.277480103683219,-4.498436419933704,4.941427770694605,-7.754256761636704,-0.9302837035561583,-0.11807241188540574,13.305062255374722,-2.4301775125670995,6.9041257861091765,-7.537169802555105,7.0921102949873855,5.418211058483318,2.907773502511258,-6.315656551166712,0.8969381436000672,8.214226259448944,-4.872943135381391,6.180783470400229,2.1258418390426996,2.4013126117544172,-5.298459582611488,15.626059665776445,-3.660418151657299,-8.332277267608516,2.011998011529233,-0.6749068089235544,12.045676592866537,-11.093416020464558
3.0091095350742414,3.558214649820923,-0.14757660386647786,-3.906435955206274,-0.7393107330607379,-3.3125545811405144,-0.37671734401703216,-8.216324808206759,-5.147603395765,2.2359526859262107,1.1089273617957294,0.6175951547144103,-0.3107895110057941,0.491841450858132,2.3601883194620425,0.7850180625805343,-5.051845011218203,0.8480545203461469,1.151769252889727,-0.13273974030708174,1.6065827703783575,-1.6606159267281189,1.0930463179788332,0.10087955550669281,0.5519376508359457,-4.604488053466609,-8.90176518695392,-0.09660741864964928,8.033500135510103,-0.0325093188675778,4.764992912886642,10.26464743618876,-0.1921963598539622,-0.16708726460005213,-7.026907864296009,4.670694947994515,-0.638968665050378,-8.849685990966366,0.2098810458679936,2.1258418390426987,6.071169942668601,2.749052406260383,6.1840756702148685,2.7023454294515936,6.593594382359598,-0.03143879078527134,1.0113063034461076,0.1027776425575957,0.3559032985511265,-3.928471397153815
-7.1954306856198915,-2.7896773413965392,6.07942591679243,-3.9516421154802748,-1.954576870507354,-0.559183599640223,-8.944107356319744,10.250623780397286,-2.336390915804634,7.2822270408546315,14.112620347227539,0.8438027607293865,3.724886075632464,5.402778820274645,10.09893478980452,8.418653827780187,-4.0897422424002805,-0.17736047485973927,-8.902295049322204,2.6830596795061865,-3.8421257271545186,6.899890151237052,14.363546549042523,-3.365640920589306,9.074770809498983,-1.457862019834584,8.830077102870542,-6.30500233919117,-10.432741633782676,-7.456797637487043,4.694830889683052,17.080560141077672,-7.802897961065934,-9.04995364661964,-8.472716638441186,-9.351355067774975,1.8543334603141877,-9.904252733386041,-0.6046088985337211,2.4013126117544177,2.749052406260383,0.6084379016498547,5.9554016780232475,0.2318946180698851,13.570038903558375,-2.154755430738464,-3.1772337566502262,-7.691670364742583,-13.427568990143065,5.9893030591622605
4.181376473489551,-6.9042173318760245,2.663408050818172,11.171235135809185,1.7568475852643484,-6.957035067536786,4.64930108704001,-8.478085888741674,13.934086929221474,-7.593910342710326,0.8533422494303042,0.8607230517282832,0.7030241259125669,5.587409954228496,-9.01675233323575,-7.952455544609872,-1.5147270927078786,0.17576596958203317,-5.501974345300223,6.743479332776304,-11.075901144309118,-2.936373400948586,-13.08480178385843,7.428423336253171,1.6730059518998013,7.0125490344134755,-9.842934868415387,-0.6741890091906303,-6.457274148736238,0.7718145489308803,-3.574397750589206,-13.55093661334857,0.35496325184393507,0.6308242814949436,-2.650890344167189,2.5297081243531125,-1.2447304764308542,-3.506722651922474,-0.13794126132857631,-5.298459582611486,6.184075670214869,5.9554016780232475,3.336535315373646,4.293135002157757,-10.170832774895425,-5.901043221041382,3.4061085550216452,-2.8623515584177794,9.007608631140755,-8.540381490210228
-4.608017989409135,-13.840747581449781,-2.2873296640890186,-7.03796686566877,-5.25888397643451,14.481295032144809,-2.794628964028111,6.642388680869728,-20.231565566770456,6.331077026761734,9.783945780318756,2.2528281025274204,-8.87051248415626,1.0204971793737996,1.7701665040063643,-0.03260827689400736,-4.22493034917062,-1.845386161901092,-0.8150591109140519,-0.505466578163276,-3.5284476362055637,2.2658165559582777,-0.9680069136781682,5.057067093538094,0.9832078541985229,-1.81183464011265,2.949687482222187,-2.9530814510650796,-9.507220477646317,-1.3976494810507778,-3.6363549432642674,6.212653490186455,-1.2223342317880954,-9.20698502550121,-15.123774815234118,-8.133967149202714,-0.5432684805448221,-3.6816578853872457,8.438579295062041,15.626059665776443,2.7023454294515936,0.23189461806988487,4.293135002157758,13.141063834161658,10.571415101486618,-7.412976634010054,-8.292218928343809,-6.641080489795963,3.1604575521455733,8.193075314706117
-2.755266836008304,4.227470574296945,8.630524126902126,4.33310960028119,4.504238797591981,1.0909417141174838,5.772621161673499,-9.951399817652154,9.892984205399065,-5.225309614594404,-0.8928457074898526,-0.7290239663870604,1.6153941821206772,-1.2183945184568148,-4.010768819548162,-9.34542139485113,-7.073898720927901,3.0949255777115376,9.017225277300037,-2.570317454638385,-7.5245566145336165,-1.2949206311884423,-6.404827109465735,2.287740578076919,8.688089893148513,2.7405096966109492,-12.471438154853258,1.444419024675899,4.427246062826557,3.197850746594309,1.4292169524644782,3.2974190009725772,-2.8285891076851923,-0.9084147859795441,12.516487614778406,6.349922062853243,-2.3939562952014914,2.842685076881482,8.919900897014411,-3.6604181516572973,6.593594382359598,13.570038903558373,-10.170832774895425,10.571415101486616,0.004870324447835195,-1.4779397009385493,-2.3672861674142993,-9.834925406519147,13.362997843934119,0.9403411013130677
-5.328774246920789,0.9321969386029936,0.4963055646026536,3.5651065158539503,0.3770207309150989,0.4658100205312553,0.18129071774117375,-6.42568014844019,1.4385076359665163,-2.4221372255658298,-6.685921657657211,0.7342843957919029,-3.4981491474190634,0.19045600489242215,0.33666231058251017,1.4406622824032658,6.991191565465677,-0.6122729633030999,0.8416423640237233,0.8820229331349978,-1.1209449028218241,8.509500668274773,1.5711452936796664,-0.6976536964111901,0.015342243342346462,2.4408639218687407,3.1886812206837405,-0.23750010811041555,5.917929801981006,-0.4975281361757616,-3.8756201538763064,4.9546271084844635,-0.23549191381232895,4.016487329292759,1.577589208778064,0.3012827966960584,-0.0013228348137054313,6.2060284352524295,-0.20680742842087857,-8.332277267608516,-0.031438790785270954,-2.154755430738464,-5.901043221041383,-7.412976634010054,-1.4779397009385506,5.927952038310243,0.456685921311928,-0.19996267999696093,0.6002545366689136,-2.9375859913444944
0.8948745776195994,-3.8273999923192283,-0.15236513437949506,-3.8159929900212504,-0.45265924673784175,-5.021051260038801,-0.43530724915658237,0.4284313738508887,-1.7525662096263122,-2.1408578972214984,-1.1051991914686465,0.3146921802765992,-1.535008273199014,0.12402813600521967,-3.942113505734355,-1.9932915789106391,6.959167879740938,-0.07942400995680243,-6.159237022988288,-0.01468204603302209,-0.03970976668235093,-1.794397873404048,6.859911188458435,0.34823072366786345,0.1014879237328282,-2.055985148000238,0.9116433873611647,-0.13672679559394307,-0.4751867116197954,0.08456214674017748,-9.511152866353441,4.409171857480155,0.7186888914480041,0.33479966966961094,-4.276827146684795,-5.8120649762318495,0.3800672696448778,-3.955411437856001,0.22545531352475412,2.0119980115292315,1.011306303446108,-3.1772337566502262,3.406108555021644,-8.29221892834381,-2.367286167414299,0.4566859213119286,6.124480683130551,-0.04483637023884057,4.820694016619149,-5.485695637227304
-3.245513318067401,-4.898050317150608,0.7997913438417333,-0.5175376774575604,-0.14635073972564644,4.417070790568574,0.11421670260607275,-0.3812011539407665,7.037499717241323,3.7579905185854914,-6.102598979531423,0.39373527121789154,5.6368612704311145,-0.0637335135497421,-5.157851337876652,3.950237081985845,10.46615633688623,-0.5259673373562974,5.676497605847651,-0.10475306325101433,-1.6227542769336447,0.8464744155919611,2.23494809496989,0.13941644635619438,-0.22253488168304358,-3.8700661592441725,-6.78240760793835,-0.28824343097491123,7.209728345017433,-0.024512556212016312,1.744457427449075,-9.184599965323299,0.270146288133918,-2.314855875551758,-1.6611196209722419,5.565587067198246,-0.1418608406232193,4.121223670597807,-0.18952044589939065,-0.6749068089235547,0.10277764255759536,-7.691670364742582,-2.862351558417779,-6.641080489795963,-9.834925406519147,-0.19996267999696032,-0.04483637023884113,6.634190605176026,-2.470431862508941,4.823984163850502
7.90033852830402,-8.480557719490715,4.006042629398284,-8.515863889792797,-4.01952738643618,8.173740426662011,0.10482075283549308,-3.038906187730222,-4.774293697974891,0.21014407388244705,17.419162350280555,1.53857011607308,-8.110122589948645,-6.942291576046274,4.555124829878293,3.613963725258654,1.7110526850602534,-5.893889375864814,-11.343442273797484,2.68225875907943,3.6183651867217805,-0.8280515799795842,13.203695672199624,4.018059438015301,0.608742890232993,-7.966032435294016,1.5205549347279208,0.04629680303160988,0.006225056965958431,-0.631625702634669,4.394145376708946,-2.8694344409157297,4.973412860932355,3.2337649567356377,-4.344209795702896,-6.798633373248044,-8.005612318672863,-13.750070617660741,1.5892863786193026,12.045676592866537,0.355903298551126,-13.427568990143065,9.007608631140755,3.1604575521455733,13.362997843934117,0.6002545366689134,4.820694016619149,-2.470431862508941,9.418575708445928,-3.1092881553793537
1.7667845548848555,7.788599533318449,1.6429366510421222,-0.2118881036879582,3.4388650039700983,-6.784603930829625,-0.08436836062983977,-5.2236049705228,3.7807382280485053,-3.064669978376912,-4.095493346270342,-4.032971308317938,8.936370668283306,10.300050768798428,-4.480692990849205,-5.801972356479789,-0.013928504033246858,-5.274589578135292,16.546004262000952,-2.524656356767115,3.933013989256314,-1.767264918312255,-14.066624703978023,6.133696207451824,-3.2956912093071002,3.926035570155093,-2.6450089017080582,-2.1024323093746062,4.8227036878058085,3.1245153180835032,-2.2627610541519685,-2.920609460759131,-0.24833891301736363,2.150107310236708,12.035105847138766,5.700063544964101,3.821923660754148,-1.1759593886681938,-6.722465495294011,-11.093416020464558,-3.9284713971538148,5.9893030591622605,-8.540381490210226,8.193075314706117,0.9403411013130679,-2.937585991344494,-5.485695637227304,4.823984163850503,-3.109288155379353,-1.9872697002997874
