n
25
c
-104.0 64.0 108.0 -78.0 104.0 107.0 82.0 114.0 -73.0 65.0 87.0 85.0 121.0 -106.0 -46.0 61.0 75.0 88.0 92.0 80.0 95.0 -93.0 -78.0 -108.0 -87.0
Q
-11.0,15.0,9.0,-8.0,-5.0,4.0,7.0,6.0,-6.0,3.0,9.0,12.0,5.0,1.0,-12.0,3.0,5.0,8.0,1.0,-7.0,6.0,-8.0,1.0,7.0,0.0
15.0,-12.0,-7.0,-1.0,1.0,-4.0,-3.0,-3.0,-5.0,-1.0,4.0,-7.0,-8.0,0.0,4.0,-13.0,-7.0,1.0,7.0,-10.0,-2.0,4.0,7.0,11.0,7.0
9.0,-7.0,-15.0,-8.0,8.0,-10.0,-9.0,-14.0,5.0,-3.0,-16.0,-7.0,-12.0,-2.0,3.0,-5.0,-13.0,-2.0,-8.0,-4.0,-3.0,0.0,1.0,7.0,6.0
-8.0,-1.0,-8.0,-12.0,13.0,2.0,5.0,16.0,-4.0,3.0,-2.0,3.0,0.0,-13.0,-7.0,-2.0,-2.0,0.0,8.0,1.0,1.0,-15.0,0.0,-1.0,-8.0
-5.0,1.0,8.0,13.0,-13.0,-9.0,-6.0,-4.0,12.0,-6.0,-7.0,7.0,-7.0,6.0,7.0,-2.0,-14.0,-17.0,-4.0,-13.0,-7.0,6.0,7.0,5.0,8.0
4.0,-4.0,-10.0,2.0,-9.0,-2.0,-6.0,6.0,9.0,-12.0,-9.0,-2.0,1.0,3.0,7.0,-15.0,-3.0,0.0,2.0,-13.0,-9.0,7.0,-4.0,0.0,6.0
7.0,-3.0,-9.0,5.0,-6.0,-6.0,-14.0,-1.0,9.0,1.0,-6.0,-3.0,-16.0,4.0,2.0,-16.0,-6.0,-2.0,-3.0,-7.0,-14.0,-6.0,7.0,0.0,12.0
6.0,-3.0,-14.0,16.0,-4.0,6.0,-1.0,2.0,2.0,-7.0,-5.0,-5.0,-19.0,2.0,-3.0,0.0,-9.0,1.0,-13.0,-2.0,-10.0,7.0,-3.0,-2.0,6.0
-6.0,-5.0,5.0,-4.0,12.0,9.0,9.0,2.0,6.0,15.0,4.0,3.0,6.0,-6.0,-1.0,16.0,11.0,-2.0,8.0,15.0,2.0,-13.0,0.0,-9.0,-6.0
3.0,-1.0,-3.0,3.0,-6.0,-12.0,1.0,-7.0,15.0,-9.0,-9.0,-15.0,-10.0,-3.0,5.0,-6.0,-18.0,-8.0,-4.0,-12.0,-2.0,3.0,10.0,14.0,11.0
9.0,4.0,-16.0,-2.0,-7.0,-9.0,-6.0,-5.0,4.0,-9.0,-10.0,-13.0,-3.0,-1.0,4.0,2.0,-7.0,-5.0,-12.0,5.0,-6.0,10.0,3.0,-4.0,2.0
12.0,-7.0,-7.0,3.0,7.0,-2.0,-3.0,-5.0,3.0,-15.0,-13.0,2.0,0.0,10.0,11.0,-15.0,-2.0,-6.0,-9.0,-4.0,-3.0,12.0,-1.0,12.0,0.0
5.0,-8.0,-12.0,0.0,-7.0,1.0,-16.0,-19.0,6.0,-10.0,-3.0,0.0,-4.0,7.0,2.0,-6.0,-15.0,-4.0,-9.0,0.0,-8.0,-5.0,10.0,9.0,1.0
1.0,0.0,-2.0,-13.0,6.0,3.0,4.0,2.0,-6.0,-3.0,-1.0,10.0,7.0,2.0,-7.0,6.0,2.0,9.0,11.0,3.0,3.0,-4.0,-12.0,0.0,0.0
-12.0,4.0,3.0,-7.0,7.0,7.0,2.0,-3.0,-1.0,5.0,4.0,11.0,2.0,-7.0,-11.0,9.0,15.0,3.0,7.0,-4.0,-9.0,-7.0,-13.0,-3.0,-1.0
3.0,-13.0,-5.0,-2.0,-2.0,-15.0,-16.0,0.0,16.0,-6.0,2.0,-15.0,-6.0,6.0,9.0,-9.0,-3.0,-4.0,3.0,7.0,-7.0,17.0,10.0,2.0,11.0
5.0,-7.0,-13.0,-2.0,-14.0,-3.0,-6.0,-9.0,11.0,-18.0,-7.0,-2.0,-15.0,2.0,15.0,-3.0,8.0,-10.0,0.0,0.0,-4.0,6.0,9.0,11.0,-8.0
8.0,1.0,-2.0,0.0,-17.0,0.0,-2.0,1.0,-2.0,-8.0,-5.0,-6.0,-4.0,9.0,3.0,-4.0,-10.0,6.0,-1.0,-14.0,1.0,14.0,0.0,11.0,-1.0
1.0,7.0,-8.0,8.0,-4.0,2.0,-3.0,-13.0,8.0,-4.0,-12.0,-9.0,-9.0,11.0,7.0,3.0,0.0,-1.0,-20.0,0.0,-10.0,1.0,6.0,11.0,3.0
-7.0,-10.0,-4.0,1.0,-13.0,-13.0,-7.0,-2.0,15.0,-12.0,5.0,-4.0,0.0,3.0,-4.0,7.0,0.0,-14.0,0.0,-2.0,-6.0,9.0,7.0,13.0,7.0
6.0,-2.0,-3.0,1.0,-7.0,-9.0,-14.0,-10.0,2.0,-2.0,-6.0,-3.0,-8.0,3.0,-9.0,-7.0,-4.0,1.0,-10.0,-6.0,-6.0,1.0,8.0,0.0,12.0
-8.0,4.0,0.0,-15.0,6.0,7.0,-6.0,7.0,-13.0,3.0,10.0,12.0,-5.0,-4.0,-7.0,17.0,6.0,14.0,1.0,9.0,1.0,0.0,-3.0,-2.0,5.0
1.0,7.0,1.0,0.0,7.0,-4.0,7.0,-3.0,0.0,10.0,3.0,-1.0,10.0,-12.0,-13.0,10.0,9.0,0.0,6.0,7.0,8.0,-3.0,-7.0,-11.0,-7.0
7.0,11.0,7.0,-1.0,5.0,0.0,0.0,-2.0,-9.0,14.0,-4.0,12.0,9.0,0.0,-3.0,2.0,11.0,11.0,11.0,13.0,0.0,-2.0,-11.0,3.0,-6.0
0.0,7.0,6.0,-8.0,8.0,6.0,12.0,6.0,-6.0,11.0,2.0,0.0,1.0,0.0,-1.0,11.0,-8.0,-1.0,3.0,7.0,12.0,5.0,-7.0,-6.0,4.0
