n
25
c
-18.434701641565216 -1.1199669557285956 108.12285517821975 103.93728266924764 96.74298563761397 92.2280912914993 -18.61712460296611 -124.34557653805459 82.9514910915207 89.8155468504948 -119.74586487735085 -102.019098488449 -94.29525997498575 105.91529504880222 -111.50690533528065 -82.35652171032632 97.81128178621897 6.598191293330973 72.97961536930137 -121.61216475557237 -98.58783382526839 54.16216522114734 -4.424644222070775 1.8224814986011806 -95.17497553926277
Q
6.01493503143108,-0.11075297534687945,-0.06554315494967033,-1.285888260726275,1.7245326960222507,-0.03852254665327859,-0.15690230353051549,1.5918331507373145,-0.6099435666004913,-3.5321209679416175,1.2095342326128389,0.06448778280983958,-0.0615539265291602,5.569348450234797,3.0005945593937122,0.12237484444304586,1.2218463562167798,0.02937340912920261,-0.31659303231432645,2.000842534563322,3.469692315994003,3.5763616492197685,-1.119569897890016,-0.1607726069093255,8.203993058922267
-0.110752975346879,5.542663398454403,-1.4515376385682346,-2.062732483238094,7.447565987159917,3.4958638920953256,-0.13610218511748803,-7.852683099810637,1.663681001839346,-2.687238208342153,0.14165216740198483,-1.2790071653217714,5.7210617671704345,-8.946086875707719,-2.6750165633402707,-5.249080333464437,0.3350705101467917,0.2828005130329987,-4.927397406680219,-1.3133115239767479,6.369694810081613,0.27669094357862034,-0.7949924321445401,-0.0667870466569419,4.489926496751555
-0.06554315494966878,-1.4515376385682337,-4.791419635885102,-11.511796793648042,-5.528550666353396,-13.266096835921537,-9.7061979176566,3.1547704065449267,-6.742727949202647,2.8652239215434587,7.789341230012392,-4.248784152535086,0.763022900789404,-0.6359301203361067,8.794254656110855,-3.6657249587565213,-18.361500557391576,0.25999315023525105,1.0492652735129324,2.2695265518535748,12.739002522703732,-1.4184956943227482,-3.7274201090924386,5.254078787937801,9.749333526705456
-1.2858882607262747,-2.062732483238094,-11.511796793648042,2.793785349820527,-6.169018983177767,-0.004346999289233988,-4.557576207709997,-1.2751773209207746,-11.18006446319741,5.579922778658496,0.8808906393896804,2.424194963885425,2.7202215562375227,-6.895714321032251,7.348456496121928,4.830246130910631,-0.8083176292463166,-1.6159418861607162,-4.634552258248775,5.846767707295091,-6.794853014800449,2.684692247278469,2.9059632862216698,-2.3620606466276146,-5.290981143709075
1.7245326960222505,7.447565987159918,-5.528550666353396,-6.169018983177767,-9.809663416513551,-9.556115609282404,9.058400401893815,1.1001094676998995,0.722549264450633,-2.2974345076831284,4.282494415196859,-2.314338821340971,3.2081038984888255,-7.658657788507863,0.6215935973281621,16.037656191964697,-8.265575727215342,2.9903187631722656,-5.716976877721819,1.0075327252323212,7.337524922164158,-16.307680649648248,1.3564903239009554,3.904603808780171,1.9925223837333403
-0.03852254665327948,3.495863892095326,-13.266096835921537,-0.004346999289234876,-9.556115609282402,-5.55357227312591,-9.388518825990218,7.743329963636715,-15.491816039926949,-3.250460771313341,14.945190321890006,-1.835206330009747,6.682302620225956,-9.147205451171937,-2.036920328578302,2.8910185092691796,-2.521673106515583,3.3922886571223145,-1.8821930870312258,-0.46145123655318054,4.226341965941129,1.201611353735904,-1.3096890556298861,-1.5726547925917984,7.1851772961534275
-0.1569023035305166,-0.13610218511748706,-9.7061979176566,-4.557576207709999,9.058400401893815,-9.388518825990218,6.348703348005141,0.24073655963951157,0.0913634077385228,-1.6134884032162111,1.5103550959763177,1.3582129913554628,0.11000900604410278,-0.7773028642375475,6.0753435844560215,-0.44502365551760836,-1.80320781919665,-0.11587639158198337,8.050767877155115,3.1981888662949105,-0.6091708301920475,0.291638678304081,-0.1544545610856054,-0.5648594492395691,1.5821971748904735
1.5918331507373136,-7.852683099810638,3.1547704065449267,-1.2751773209207742,1.1001094676999013,7.743329963636715,0.24073655963951235,13.181386543941262,-0.08595350494060616,4.630938261081552,-9.775287760712027,5.1197182025690715,-7.643644299096774,-0.6458407468507534,-5.092378086657561,-0.06845870796270358,0.49683976450027645,3.507591254631807,-5.001769819421819,-6.335492745573668,1.5544892572595854,13.103522431020576,-7.992585808361328,7.289975434407502,4.1925642972496
-0.6099435666004933,1.6636810018393478,-6.7427279492026475,-11.180064463197409,0.7225492644506326,-15.491816039926949,0.0913634077385237,-0.0859535049406065,5.943202826878544,6.920110039710295,1.2238227785707796,12.007117320522985,11.672939305658234,-5.4789649421190045,8.319105299388413,-2.2444814043742243,-0.9034475874942564,-0.08462483886652161,-6.956590728812173,3.183519183665472,8.01585127031381,1.7296270091022308,0.005370631776548729,2.190137421017309,8.599354351356308
-3.532120967941618,-2.687238208342153,2.8652239215434587,5.579922778658496,-2.297434507683128,-3.2504607713133415,-1.6134884032162127,4.63093826108155,6.920110039710294,6.876039440184879,8.045728822967275,-8.80478661903234,2.1611633616677994,-3.605160623052991,5.557349902558074,14.713230314480688,-5.8446286935098595,8.51139939580082,2.798434507686166,0.5434755912578955,4.824661353162277,-1.3358028004289282,-9.38166898727625,-4.457872807053945,5.805658054186317
1.209534232612841,0.14165216740198439,7.789341230012393,0.8808906393896804,4.282494415196859,14.945190321890006,1.5103550959763181,-9.775287760712029,1.2238227785707791,8.045728822967275,3.796232071011505,3.2211177149938317,-4.769962265530237,4.325023541361039,3.2050622710008008,0.9577696850823264,7.179319597530638,-6.140910942845579,-6.3849868118472655,-3.3225129137855234,4.597112377544469,4.4207827859668845,-3.163465929001789,-0.7546282215478204,-9.285230791365008
0.06448778280984024,-1.2790071653217718,-4.248784152535086,2.4241949638854265,-2.3143388213409706,-1.8352063300097468,1.3582129913554635,5.11971820256907,12.007117320522983,-8.80478661903234,3.2211177149938313,3.198424638309934,4.041057238987059,-0.1810691836432181,-0.947004042873896,-6.961100535895876,9.178873043143229,0.3444331689962422,8.264099630280839,-3.7242776911143527,-4.367039829675118,1.102886379589358,5.418177519948609,-2.857612114394801,1.7709586091714562
-0.06155392652916225,5.721061767170434,0.7630229007894054,2.7202215562375223,3.208103898488825,6.682302620225955,0.11000900604410213,-7.643644299096774,11.672939305658236,2.161163361667798,-4.7699622655302365,4.041057238987058,-2.8425699094448884,7.412566535991642,-10.883995192322004,-4.957173072655513,7.815822790662812,7.93802799971488,2.928305737084594,-11.300911601316152,-13.103500945694377,7.8321481577086915,6.6160707084693895,5.920916373015245,-1.737493495217868
5.569348450234796,-8.94608687570772,-0.6359301203361059,-6.895714321032252,-7.658657788507862,-9.147205451171939,-0.7773028642375472,-0.6458407468507539,-5.478964942119004,-3.60516062305299,4.325023541361039,-0.18106918364321822,7.412566535991642,-4.50218491864767,-2.8238671442703502,11.946505882100634,-4.136902551440702,-7.021682320373552,-11.613774724122239,1.5740617758104272,-3.1201195541104045,-0.564231515626481,0.5120326660001573,0.9000332150500326,0.8812372864781854
3.000594559393713,-2.67501656334027,8.794254656110853,7.34845649612193,0.6215935973281616,-2.0369203285783026,6.075343584456023,-5.092378086657562,8.319105299388411,5.557349902558074,3.2050622710008003,-0.9470040428738962,-10.883995192322004,-2.8238671442703485,12.272400502139376,-1.1734850355877646,-4.2523642525474346,-6.208056440318999,5.800509579059964,0.47525644926119825,-6.745303885259222,3.3022725384825056,5.8565874457674205,1.6029662020823325,5.512137874115092
0.12237484444304769,-5.249080333464437,-3.6657249587565204,4.8302461309106315,16.037656191964697,2.8910185092691805,-0.44502365551760814,-0.0684587079627037,-2.244481404374224,14.713230314480688,0.9577696850823259,-6.961100535895876,-4.957173072655514,11.946505882100634,-1.1734850355877657,-3.4085955050294787,-7.648758666771812,-8.804371802772733,9.602055204679617,-13.300844125646382,0.3318871275254365,4.806824419334652,-0.5031414449240614,-0.5139368999686531,-2.43434438851821
1.221846356216779,0.335070510146792,-18.361500557391576,-0.8083176292463172,-8.265575727215342,-2.5216731065155837,-1.8032078191966496,0.49683976450027734,-0.9034475874942574,-5.844628693509861,7.179319597530639,9.178873043143227,7.8158227906628115,-4.136902551440702,-4.2523642525474346,-7.648758666771812,-10.577865940477361,6.275798840420427,-2.3040483123752695,5.124378490653979,12.433081684950176,0.25082402303674745,-5.2558276527635694,6.6908097338261046,1.2499931041163694
0.02937340912920261,0.2828005130329987,0.2599931502352514,-1.6159418861607158,2.990318763172264,3.3922886571223145,-0.1158763915819837,3.507591254631807,-0.08462483886652117,8.511399395800819,-6.140910942845579,0.3444331689962423,7.93802799971488,-7.021682320373553,-6.208056440318999,-8.804371802772733,6.275798840420427,5.125345328549134,1.4172943722297648,6.332999683203218,1.3940176866503051,-2.4066889298261183,0.22172301792833998,-0.4725353879738696,-7.582613230329356
-0.3165930323143291,-4.927397406680219,1.049265273512931,-4.6345522582487755,-5.71697687772182,-1.8821930870312245,8.050767877155115,-5.001769819421819,-6.9565907288121736,2.7984345076861654,-6.384986811847265,8.264099630280839,2.9283057370845933,-11.613774724122239,5.800509579059964,9.602055204679617,-2.3040483123752686,1.417294372229764,3.2863621327603143,11.610835855408233,14.939384715853762,0.7746524149771549,-4.825272176178925,-0.011402811716822336,7.256458532767019
2.000842534563324,-1.3133115239767486,2.2695265518535734,5.846767707295089,1.0075327252323205,-0.4614512365531822,3.198188866294911,-6.335492745573668,3.1835191836654717,0.5434755912578944,-3.3225129137855234,-3.7242776911143523,-11.300911601316152,1.5740617758104285,0.4752564492611968,-13.300844125646382,5.124378490653978,6.332999683203218,11.610835855408233,12.598019782318072,-1.813216741201697,-3.3003080110097667,-2.390894575297165,-5.696728673249472,-3.9532922770090293
3.469692315994003,6.369694810081612,12.739002522703732,-6.794853014800448,7.337524922164157,4.22634196594113,-0.609170830192046,1.554489257259585,8.01585127031381,4.824661353162277,4.597112377544469,-4.367039829675118,-13.103500945694378,-3.1201195541104045,-6.745303885259223,0.3318871275254366,12.433081684950174,1.394017686650305,14.939384715853762,-1.8132167412016964,-6.428329868838929,11.041690486605075,0.9036890823009189,-1.8320599139542635,-12.60250872099004
3.57636164921977,0.2766909435786209,-1.4184956943227491,2.68469224727847,-16.307680649648248,1.2016113537359054,0.29163867830408186,13.103522431020576,1.7296270091022308,-1.3358028004289286,4.4207827859668845,1.1028863795893584,7.832148157708692,-0.5642315156264814,3.302272538482505,4.806824419334653,0.2508240230367481,-2.40668892982612,0.7746524149771552,-3.3003080110097667,11.041690486605075,13.647421045939078,0.14346847661106477,4.412386646676371,8.45398070802747
-1.1195698978900155,-0.7949924321445401,-3.727420109092439,2.90596328622167,1.3564903239009545,-1.3096890556298848,-0.15445456108560807,-7.992585808361328,0.005370631776547841,-9.38166898727625,-3.163465929001788,5.4181775199486095,6.6160707084693895,0.5120326660001575,5.8565874457674205,-0.5031414449240603,-5.255827652763568,0.22172301792833848,-4.825272176178925,-2.3908945752971658,0.9036890823009198,0.143468476611065,5.486907736290244,0.22806596467836676,-5.058204460907711
-0.1607726069093247,-0.06678704665694135,5.254078787937801,-2.3620606466276133,3.9046038087801707,-1.5726547925917984,-0.5648594492395669,7.289975434407501,2.1901374210173095,-4.457872807053944,-0.7546282215478182,-2.8576121143948012,5.920916373015245,0.9000332150500325,1.6029662020823319,-0.5139368999686527,6.690809733826103,-0.4725353879738696,-0.011402811716822558,-5.69672867324947,-1.8320599139542628,4.41238664667637,0.22806596467836693,7.237149322391075,-7.7677482851424715
8.203993058922265,4.489926496751556,9.749333526705456,-5.290981143709075,1.9925223837333408,7.185177296153427,1.5821971748904744,4.192564297249601,8.599354351356306,5.805658054186316,-9.28523079136501,1.7709586091714566,-1.7374934952178673,0.8812372864781866,5.512137874115092,-2.4343443885182094,1.2499931041163717,-7.582613230329355,7.25645853276702,-3.9532922770090284,-12.60250872099004,8.453980708027467,-5.058204460907712,-7.767748285142472,8.565222969538313
