n
25
c
-1.3389181246655961 -38.195900525534505 -103.05191218263445 -77.15566591994458 19.46678028376843 52.92433358521571 -21.123419138407225 142.0980725626146 -83.81352631209299 71.4960334128538 -113.23493281829028 -72.38308831411193 74.84043348785976 14.136495751444674 -86.05966468850391 -20.870247736394187 -28.127112412405115 -68.63951096255913 -30.830975561165157 10.795426509597888 107.16484020746803 -69.50170875845735 7.854475298056725 -113.37954394962372 88.67208969382568
Q
4.675540610622682,0.10879082057934264,-5.1725300756943575,1.6712295512924522,0.11977058309210786,3.968957231539725,0.20357815689637832,-9.359841597213762,-5.788608256504174,1.3970719258241164,5.050935917032421,-2.144649029091683,7.305884166745993,0.17257792828394294,5.086115716944703,-0.4116844347216737,0.7798297955285793,-2.1398772538747286,-0.4998407069617794,0.6690056738723112,7.122807798863872,4.871853210439334,0.4342637397547663,-1.1985610764664312,-3.4643329950852944
0.1087908205793433,3.3992616048806776,0.6416002624625204,8.640043578245889,-0.15961142235077852,4.220315725901686,-0.17131954256034976,-4.7165632635317545,6.393295419149451,1.0482744191335667,-0.5493488012310926,0.06922602818547574,0.2523514796530889,-0.012404119262451496,8.861716004309732,0.41117007939463845,-0.3640657422674638,6.021478505424489,0.5472270326290493,0.2521748261576888,2.007999639420931,3.0902799963234817,0.41728047309345806,2.3432263172447048,7.184048286246973
-5.172530075694358,0.6416002624625202,2.8734610473619497,-3.67549391886451,-6.574780479892623,6.498008878530249,-0.140603608335096,7.6301515416061205,-0.8979484115998777,-5.556631762054441,-6.434073476038177,-6.200746724740001,4.055504660003277,-4.137883061616998,2.7559103086557677,-5.187126812583182,-0.7755217024878365,0.28202548569682895,8.693077951747176,-0.987608753716199,5.2139661857517785,6.24238392630669,3.0561125417293606,-8.814481806264393,15.268933046435093
1.6712295512924522,8.640043578245889,-3.6754939188645106,-4.410441939213044,2.644296582673396,4.000881933768685,-2.8285422703034286,15.372468031854863,-8.674732883082502,7.848375727102351,-2.2838666398541227,-3.7111592159361324,12.032090601255543,6.751032069480114,-9.745709828532263,3.253625309794047,5.840568955647378,-11.561057543042942,8.526244524961257,-5.8089330521880855,2.52787619343087,-11.385895194217587,-9.952835594602236,3.135115843895421,0.5544351917110837
0.11977058309210775,-0.15961142235077685,-6.574780479892623,2.6442965826733955,3.2787412748337874,7.083934659459432,-0.370327397947011,-0.8711495415300334,-5.652480150890045,3.814274830312458,-2.0346457060924648,-1.4242609020779,5.400966502077997,0.46680621058399885,-3.383103635833394,0.03259787829382871,0.2666209572855516,1.114601085046934,0.46342730611979444,-0.1473904208002178,7.114129538961935,-3.931723825747529,0.4151972497203955,-3.6648211409679705,-0.06988167108135898
3.968957231539725,4.220315725901686,6.498008878530248,4.000881933768686,7.083934659459432,-0.3172828040120601,1.2652210132569397,-12.296718006069586,0.738625903821259,-8.591015247500401,4.902904245852052,11.20321411396142,-6.312550716542067,4.959157941978648,10.350774039426875,-1.8966592869057575,-0.09135013548459314,10.082475123240203,-0.40452897418738154,8.030089575679419,-0.9174616638715242,15.972479998805223,8.196425083569064,8.038881582282357,-8.539709093227698
0.20357815689637837,-0.17131954256034965,-0.1406036083350955,-2.8285422703034286,-0.3703273979470123,1.2652210132569401,5.436409221623572,-3.0100200120887743,0.4885186044327745,-4.466694706843116,8.850028643629972,-6.589040254208224,7.7128261923391825,-0.28002226725324886,4.971590858445239,-0.023002581560419566,0.024272945642910493,8.753361968506429,0.12472533396814756,0.8568107185914194,-3.5829027732035956,-0.9897532563276419,0.21689445494972626,5.862035744549761,-4.962446857380945
-9.359841597213762,-4.7165632635317545,7.63015154160612,15.372468031854863,-0.8711495415300334,-12.296718006069584,-3.0100200120887743,-14.091750994594852,6.603749835051004,-7.487431212241899,1.042282763555585,8.141269837674011,-2.8060493142529763,2.0423940412408146,1.1785223047302589,-6.753074665909805,-5.451443093003424,3.866604976468546,3.067396385807629,-7.387176895514392,-14.300426443192116,9.881709251029532,8.679138908248945,4.198395902606525,-9.440264183911427
-5.788608256504174,6.393295419149452,-0.8979484115998777,-8.674732883082502,-5.652480150890046,0.7386259038212583,0.48851860443277484,6.603749835051003,-1.8386820359728322,1.5198816565067048,-7.585933068075432,2.946364309480665,17.245993516680862,0.8546033606185355,-0.2928599156070355,6.7073349458280696,5.686084899601731,-12.432682962509212,-1.0487508419470521,-2.805911160252065,7.533551529454648,-8.697084215768282,-1.1483072403984849,-3.3667119200225257,-5.214621314669949
1.3970719258241169,1.048274419133567,-5.556631762054441,7.848375727102351,3.8142748303124576,-8.591015247500401,-4.466694706843117,-7.487431212241898,1.5198816565067044,6.324595458591926,4.304588711245711,1.8239832859686718,4.838938559967472,1.9238416329122647,5.9933184375340165,-5.007043432943822,4.7440860111091885,6.064916681430757,1.733454671480028,7.38652200172646,-0.3292415347944587,0.052533798939481624,1.5386521003575884,-4.430981092702062,2.0473581136407644
5.05093591703242,-0.5493488012310925,-6.4340734760381775,-2.2838666398541223,-2.034645706092465,4.902904245852052,8.850028643629972,1.0422827635555851,-7.585933068075432,4.304588711245711,8.96993442852505,-7.874911559492409,-7.337166100489165,-3.0782363227780385,-1.9060127656624655,4.762047868556572,0.641925666893528,1.224428639632586,-3.0707508794089837,5.9960803096074375,12.202371833772325,-4.269306966862917,-1.2177223713780283,5.18443079870541,7.754271715584471
-2.144649029091684,0.0692260281854753,-6.200746724740001,-3.7111592159361333,-1.4242609020778996,11.20321411396142,-6.589040254208225,8.141269837674011,2.946364309480666,1.8239832859686715,-7.874911559492409,-7.574136566734574,9.317199343236855,-4.566308861487565,-10.981937623875053,-0.031625871265362204,-0.2747169107623564,1.4043578883850312,4.419814087186781,3.3200613006655373,-5.25818404721724,-14.005788294975526,-1.456315698895542,-4.293303040867171,0.41380200115267995
7.305884166745993,0.2523514796530887,4.055504660003277,12.032090601255543,5.400966502077998,-6.3125507165420665,7.7128261923391825,-2.8060493142529763,17.245993516680862,4.838938559967473,-7.337166100489165,9.317199343236856,-1.02060461566264,3.9995341990212454,1.2150402009128947,-2.242179547153344,-7.898438325868656,0.6895973061650713,-9.504354656871993,-6.069081670467515,-16.27480716441027,6.861108891237162,-2.5079234444246583,9.39857392913397,2.646030583187571
0.17257792828394147,-0.01240411926245144,-4.137883061616998,6.751032069480114,0.46680621058399874,4.959157941978648,-0.2800222672532489,2.0423940412408146,0.8546033606185358,1.9238416329122647,-3.0782363227780385,-4.566308861487566,3.999534199021245,4.710816277961999,-0.900441487562107,0.5406391773068522,0.029098876258477402,-9.920702027217297,0.3204813334668114,0.017680449347814653,4.271378410442923,-1.7660307894779943,0.27265206285601784,1.2760961081188378,2.9211797564627147
5.086115716944703,8.861716004309732,2.7559103086557677,-9.745709828532263,-3.3831036358333937,10.350774039426875,4.971590858445239,1.1785223047302584,-0.29285991560703595,5.9933184375340165,-1.9060127656624652,-10.981937623875055,1.2150402009128938,-0.900441487562107,6.660035095550637,3.633867040291468,8.059155666145857,-8.129993512502784,-7.8916692117601634,-1.4669274221873572,-7.2741653261012065,-9.304557751257738,-6.230645294455545,-2.590645586850129,-3.518101798238272
-0.4116844347216746,0.4111700793946384,-5.187126812583182,3.253625309794047,0.03259787829382765,-1.8966592869057568,-0.02300258156041879,-6.753074665909806,6.707334945828069,-5.007043432943821,4.7620478685565715,-0.03162587126536154,-2.2421795471533437,0.5406391773068522,3.633867040291467,4.640043124991963,-0.2938116672411135,-0.1527856886175437,0.10100537969421897,-0.047871877893025605,6.122159835284449,10.723329291070579,-0.5910456901558852,-3.8878194634659664,-4.209810627410313
0.7798297955285793,-0.36406574226746347,-0.7755217024878368,5.840568955647378,0.26662095728555135,-0.09135013548459403,0.024272945642909827,-5.451443093003422,5.686084899601733,4.744086011109188,0.6419256668935288,-0.2747169107623557,-7.898438325868657,0.029098876258478068,8.059155666145859,-0.2938116672411133,5.638938852443175,-0.6842211151695023,-1.0301998869694442,0.9574101701958677,6.57298646811109,-2.324104594428496,-0.3866586107514822,8.143455402205706,-5.197095334938887
-2.139877253874729,6.02147850542449,0.28202548569682984,-11.561057543042942,1.1146010850469343,10.082475123240203,8.753361968506429,3.8666049764685457,-12.432682962509212,6.064916681430757,1.2244286396325879,1.4043578883850307,0.6895973061650715,-9.920702027217297,-8.129993512502784,-0.15278568861754405,-0.6842211151695032,6.3503041045758,3.434443313438727,-3.9713823853206343,0.21721139385675298,-20.2865338947554,2.6132225624953827,-10.194174683538824,3.77254483757223
-0.49984070696177973,0.5472270326290493,8.693077951747176,8.526244524961257,0.46342730611979555,-0.40452897418738154,0.12472533396814633,3.0673963858076294,-1.0487508419470521,1.733454671480028,-3.070750879408984,4.419814087186779,-9.504354656871993,0.32048133346681074,-7.8916692117601634,0.10100537969421852,-1.0301998869694433,3.4344433134387273,5.2155671899389136,0.28543901620382384,-2.4818878972022618,7.078590153309286,-0.009339996473519241,5.478439300909538,4.631253716037421
0.6690056738723111,0.25217482615768955,-0.987608753716199,-5.8089330521880855,-0.14739042080021791,8.030089575679417,0.8568107185914193,-7.387176895514391,-2.805911160252065,7.38652200172646,5.9960803096074375,3.3200613006655377,-6.069081670467515,0.017680449347815874,-1.4669274221873563,-0.047871877893025716,0.957410170195868,-3.9713823853206347,0.2854390162038237,4.3827516685460814,-4.485035214127088,-8.906490872489748,-0.9373674293303358,-0.7064503461332614,-4.064959789747973
7.122807798863871,2.0079996394209307,5.213966185751778,2.52787619343087,7.114129538961935,-0.9174616638715236,-3.5829027732035956,-14.300426443192116,7.533551529454648,-0.3292415347944596,12.202371833772325,-5.25818404721724,-16.27480716441027,4.271378410442922,-7.274165326101207,6.122159835284449,6.5729864681110906,0.21721139385675237,-2.4818878972022613,-4.485035214127088,-9.226815754900525,11.672426085336213,-0.20223033612781394,9.459542229577934,-8.008970042724112
4.871853210439335,3.0902799963234813,6.242383926306689,-11.38589519421759,-3.9317238257475298,15.972479998805222,-0.989753256327641,9.881709251029532,-8.697084215768283,0.05253379893948207,-4.269306966862919,-14.005788294975524,6.861108891237162,-1.7660307894779947,-9.304557751257736,10.723329291070577,-2.324104594428496,-20.286533894755404,7.078590153309286,-8.906490872489748,11.672426085336213,-0.5216008666574723,0.6566187235025963,-2.851810133088951,0.7400869552964597
0.43426373975476706,0.41728047309345817,3.0561125417293606,-9.952835594602236,0.4151972497203966,8.196425083569064,0.21689445494972648,8.679138908248945,-1.1483072403984844,1.5386521003575884,-1.2177223713780283,-1.4563156988955415,-2.5079234444246583,0.2726520628560175,-6.230645294455545,-0.5910456901558842,-0.3866586107514811,2.6132225624953835,-0.009339996473520143,-0.9373674293303347,-0.20223033612781394,0.6566187235025962,4.593608320537109,5.546729213356399,-2.6118779656837954
-1.1985610764664303,2.343226317244705,-8.814481806264393,3.1351158438954214,-3.6648211409679696,8.038881582282357,5.862035744549763,4.198395902606526,-3.3667119200225257,-4.430981092702061,5.184430798705409,-4.293303040867172,9.39857392913397,1.276096108118837,-2.59064558685013,-3.887819463465966,8.143455402205708,-10.194174683538824,5.478439300909539,-0.706450346133261,9.459542229577936,-2.851810133088953,5.546729213356398,-7.236830723159391,7.7813026538049535
-3.464332995085295,7.184048286246973,15.268933046435093,0.5544351917110855,-0.0698816710813594,-8.5397090932277,-4.962446857380945,-9.440264183911427,-5.214621314669948,2.0473581136407635,7.754271715584469,0.4138020011526791,2.6460305831875712,2.921179756462715,-3.5181017982382725,-4.209810627410313,-5.197095334938887,3.7725448375722306,4.631253716037422,-4.064959789747972,-8.008970042724114,0.7400869552964583,-2.6118779656837954,7.7813026538049535,1.0881380199220638
