n
25
c
-119.35958079826592 2.5090521097778495 -6.97810492256454 111.09367882908852 131.30265510607796 118.59048679333783 112.63524709093701 -101.8840116581852 6.5302859741000905 121.37241337399965 117.99106786170736 94.78822769739367 3.1707798783988235 -12.004654603957508 -3.855313406877668 100.59995616421298 -123.12171334919256 -4.908718593904831 4.051266458974425 83.13536738447411 -89.73132305682594 -2.902896147146908 94.23274406586461 117.59929877371346 -113.792257116582
Q
-9.099242629964484,-7.281986897289315,2.0394251117905418,-2.4262514768433996,3.5484410518348453,8.892543035130736,-9.394306241417285,2.25363492046782,-7.8372720057824425,5.065112656046075,7.3318007920968835,12.747972939039947,-4.012438136706544,2.9608064525015036,0.2903255130002431,5.029361488275545,2.3288085200615263,5.640170354543601,-4.194797109875652,5.06761205424915,-13.141896889027223,7.848301058584958,2.539771414205883,6.963046879561313,-5.348265392091834
-7.281986897289314,6.9408414673935726,-0.25501930221154323,-4.414756777346711,7.560678423051177,-1.39757034363651,-3.218237127700084,4.86335236166159,0.07245859700215657,-8.66020552402812,-3.3895026467439324,1.9280384419946586,-0.4892358319339847,-0.31292778224649054,0.2235693748183098,0.41306825402463876,-6.698664025556983,0.20763633916169177,0.17299014540237795,1.191488465849431,-0.6316202081785913,0.3666736103324297,6.862162264160565,2.1243903958542347,1.1526525565055379
2.0394251117905418,-0.25501930221154523,6.52768291884307,-1.1559805691042842,2.556983545012737,-0.2123758784846097,4.790057738217183,-2.0971022556469494,0.11334030797555306,-2.9275247871247805,8.097214069506489,6.7598983667370796,0.37555728272978683,0.033773030681561234,0.05045658419472199,6.493736925354722,0.27323929492397614,-0.6878297985856929,0.46035602756451366,7.102136484314537,4.6437584820980105,-0.489728431881414,3.6724748094710233,4.268319463830271,-2.9411417640444997
-2.426251476843401,-4.41475677734671,-1.1559805691042835,2.5208014240300347,-5.999974237926114,-6.830190834915175,4.676159315647339,16.515798012130826,3.901091153589125,-5.035221517886085,4.527069367543875,-4.207469027899089,-8.747970582870195,2.39632749213286,-9.770612720268975,-5.783034429070777,5.0443321031409605,1.1314900945041484,3.357025904342647,-16.215976610011353,6.4607053998666455,-4.000354670680189,-6.45927287789769,-6.942550096639246,7.5027988663668745
3.548441051834846,7.5606784230511765,2.556983545012735,-5.999974237926117,-7.562812277813405,-5.6525249423652575,-2.320466699966125,-10.001694892856252,4.7755792717335215,5.943062559482707,-0.7725451310448199,-1.6855852260348079,-8.309393873822271,-3.953309803270715,5.4181965303453,-2.115383423830796,12.340013939773018,-3.4390091403030776,4.568832282245106,-14.77764212456642,1.7526214240875069,0.41457627495441873,-2.002625237508897,-2.0066105976184674,5.878884172216485
8.892543035130736,-1.3975703436365103,-0.21237587848460904,-6.830190834915173,-5.652524942365259,-1.1806726293639684,-0.5820278276142139,-0.14312325259802983,5.108594132835455,-8.17024668529461,-7.7860424334624705,-0.29135465308891895,-7.163162732020918,-3.1189544135929523,4.9739548806143095,-8.988159947332639,-1.9901016775972369,4.374477727585116,-7.513271517917094,-2.7428324397842636,-3.8742216591309737,1.297221055655121,-1.231282075053005,-11.323469556520575,6.843466265717328
-9.394306241417285,-3.2182371277000836,4.7900577382171825,4.6761593156473396,-2.3204666999661248,-0.582027827614213,7.193463994078927,-1.9940230175608618,2.1114550206678713,-6.228444884778811,-4.9627357433196995,-9.508380734687083,-6.909319569924685,-0.9298160390608095,-0.5914332119900575,-13.15861883795331,2.042162557152446,3.2052478936597337,-1.67099334930298,-5.848214125219524,-1.1970665919752403,3.3789215020718273,-7.2075077135897185,-0.7738321862931405,15.85495989346787
2.25363492046782,4.863352361661592,-2.0971022556469503,16.515798012130826,-10.001694892856252,-0.1431232525980315,-1.9940230175608615,-13.018432082962427,-2.591853332401911,5.252232946707132,4.9456534904519724,7.5748072140579445,1.9456979018302003,0.06594129853139896,-1.6402989664050793,-0.1008641240445054,-7.308799793386647,8.778251466144537,-5.656660436552349,7.086550479435569,-7.3375831549907335,-3.781375613525217,10.73980826550129,3.7355726114366554,2.283545882465046
-7.837272005782441,0.07245859700215673,0.11334030797555195,3.9010911535891237,4.7755792717335215,5.108594132835455,2.111455020667873,-2.5918533324019117,6.003430962374103,-3.7997285147867155,-0.6911435914391593,1.5314074950319247,0.9482298517110639,0.1924803515031776,0.14643745301342775,8.792627883681494,4.028389908237183,-0.543355514347239,0.27822614328778494,0.913063690215246,-6.068533566859536,0.808891373347941,-5.17188977950353,-6.082243643966255,-0.24108060848188412
5.065112656046077,-8.66020552402812,-2.92752478712478,-5.035221517886085,5.9430625594827085,-8.17024668529461,-6.228444884778811,5.252232946707132,-3.7997285147867137,-7.164337944293033,0.034828889401498975,5.068401356220479,1.639699696073614,-6.341207778313109,7.126596980280461,-6.931800896104349,9.46734623833221,-2.1928542221432865,2.116142711252901,-7.947904736047066,9.038354454286935,3.326988432332845,5.482401667247287,-13.231555550100834,2.7063792232071333
7.331800792096884,-3.3895026467439306,8.097214069506487,4.527069367543875,-0.77254513104482,-7.786042433462471,-4.9627357433197,4.945653490451973,-0.6911435914391582,0.03482888940149764,0.5866373369573719,-4.076181960036441,-1.7508610798813482,3.4482031091475123,-10.22712888613123,-8.344706738204598,5.492262039784507,-3.1069120029228614,-5.761355989422116,-17.514450269081756,-1.975312495085234,-5.3048680390398015,-3.1677112425670924,0.8156930281536678,7.614101790147506
12.747972939039945,1.9280384419946586,6.7598983667370796,-4.207469027899085,-1.6855852260348079,-0.2913546530889205,-9.508380734687083,7.574807214057945,1.5314074950319254,5.06840135622048,-4.076181960036441,-10.00476636749843,2.347640260226705,-3.7910904065203126,-4.2207341406360985,-7.4228078809973,2.7303548706652183,-1.2942403979748032,-8.373073294189828,-2.254335040909045,9.788169662998406,-0.7855654176767839,-7.8624882183055735,-5.833454971146315,5.3891952571463895
-4.0124381367065425,-0.4892358319339858,0.3755572827297846,-8.747970582870195,-8.30939387382227,-7.1631627320209175,-6.909319569924686,1.9456979018302003,0.9482298517110623,1.6396996960736125,-1.7508610798813482,2.3476402602267044,6.353230560904349,0.52763134483879,0.03965868591406507,-0.18397251886199484,-6.036044585104543,0.551464196556563,-0.014266417277796428,1.5040956624171662,-4.688343562233028,0.3045406168077675,8.49792655946971,6.118995523742036,3.492192002078525
2.9608064525015036,-0.3129277822464891,0.03377303068156112,2.39632749213286,-3.953309803270713,-3.1189544135929523,-0.9298160390608077,0.0659412985314003,0.19248035150317633,-6.341207778313111,3.448203109147513,-3.791090406520313,0.5276313448387897,6.238253965659245,0.03185868209735565,-4.247467501097559,-2.4352758941995556,-0.37692238928215116,-0.7757093337643,-1.8630083414228265,4.043001992782125,0.24943929105958007,-2.418765035593183,-5.491646882916452,1.7227467346441514
0.2903255130002446,0.22356937481830974,0.0504565841947211,-9.770612720268975,5.4181965303453,4.9739548806143095,-0.5914332119900568,-1.6402989664050793,0.14643745301342737,7.126596980280462,-10.227128886131228,-4.220734140636098,0.03965868591406441,0.03185868209735565,6.765143471439718,3.080967222156139,-2.6088900246519646,0.16975027281195962,0.4524276406272998,3.914938773385364,1.0629059730200645,0.7503178155563054,7.931657033996145,0.4297844374085842,-0.5966216223795959
5.029361488275547,0.41306825402463976,6.493736925354722,-5.783034429070778,-2.1153834238307954,-8.988159947332637,-13.158618837953313,-0.10086412404450407,8.792627883681492,-6.931800896104349,-8.344706738204598,-7.4228078809973015,-0.1839725188619954,-4.24746750109756,3.08096722215614,0.6671053977207357,11.800523301403985,6.333510411058379,5.194095394342547,-5.8650483945274985,12.303841749620545,-1.913174383341059,-5.850368315550005,-11.617116142920437,11.851886995440786
2.328808520061525,-6.698664025556982,0.2732392949239766,5.044332103140963,12.340013939773016,-1.9901016775972367,2.0421625571524444,-7.308799793386647,4.028389908237182,9.467346238332212,5.4922620397845066,2.73035487066522,-6.036044585104546,-2.4352758941995565,-2.608890024651964,11.800523301403985,-7.085767321495757,-6.871290713492584,2.29760232902422,11.710582773544932,-2.3530273135662205,-4.547776388713383,-1.8712181286134182,3.0496311741842375,-0.38760774077184534
5.640170354543601,0.20763633916169022,-0.6878297985856929,1.1314900945041484,-3.439009140303077,4.374477727585116,3.2052478936597337,8.778251466144539,-0.5433555143472397,-2.1928542221432856,-3.1069120029228623,-1.2942403979748027,0.551464196556563,-0.37692238928215127,0.16975027281195942,6.333510411058379,-6.871290713492584,5.1683606336876124,0.501261777615661,8.24325311315823,0.7177066318061618,0.45372448234581597,3.3488601675934344,3.445969085800723,-3.9676677336555297
-4.194797109875651,0.1729901454023779,0.4603560275645149,3.3570259043426462,4.568832282245106,-7.513271517917095,-1.670993349302981,-5.656660436552348,0.2782261432877844,2.116142711252902,-5.761355989422116,-8.373073294189828,-0.014266417277796206,-0.7757093337643006,0.4524276406273001,5.194095394342547,2.297602329024218,0.5012617776156607,5.695976830411055,-2.5869291804422816,1.1115654473184806,-0.0005167397612349522,-4.204655284853141,1.258256457339664,-3.566567405228359
5.06761205424915,1.191488465849431,7.1021364843145385,-16.215976610011353,-14.777642124566418,-2.7428324397842636,-5.848214125219526,7.0865504794355685,0.9130636902152456,-7.947904736047066,-17.514450269081756,-2.2543350409090444,1.5040956624171655,-1.8630083414228271,3.9149387733853636,-5.8650483945274985,11.710582773544928,8.24325311315823,-2.5869291804422807,3.0990320103675293,5.282018823263495,4.077098004996338,-8.032532380277441,-7.9505444241283385,0.7168602433704923
-13.141896889027223,-0.631620208178592,4.6437584820980105,6.460705399866645,1.7526214240875078,-3.8742216591309737,-1.1970665919752408,-7.3375831549907335,-6.068533566859537,9.038354454286933,-1.9753124950852337,9.788169662998406,-4.688343562233028,4.043001992782125,1.0629059730200634,12.303841749620545,-2.353027313566221,0.7177066318061622,1.1115654473184802,5.282018823263495,8.85685935859326,-4.630289547948432,16.234304270081385,5.223420231155441,-8.005809381767666
7.848301058584958,0.3666736103324292,-0.48972843188141457,-4.00035467068019,0.41457627495441773,1.2972210556551211,3.378921502071827,-3.7813756135252166,0.8088913733479415,3.3269884323328447,-5.3048680390398015,-0.7855654176767841,0.3045406168077678,0.24943929105958018,0.750317815556305,-1.9131743833410582,-4.547776388713383,0.4537244823458163,-0.0005167397612347857,4.077098004996337,-4.630289547948433,5.517065209340222,-4.598999844085987,7.409963944590278,3.346023437382204
2.539771414205882,6.862162264160565,3.6724748094710233,-6.459272877897689,-2.0026252375088966,-1.2312820750530038,-7.2075077135897185,10.739808265501289,-5.17188977950353,5.482401667247288,-3.1677112425670932,-7.862488218305572,8.497926559469711,-2.4187650355931822,7.931657033996145,-5.850368315550005,-1.871218128613418,3.3488601675934353,-4.204655284853141,-8.032532380277443,16.234304270081385,-4.598999844085987,-1.5891159357858955,-7.2782660416340805,-2.4366672314310898
6.963046879561314,2.124390395854234,4.268319463830272,-6.942550096639247,-2.0066105976184665,-11.323469556520575,-0.7738321862931414,3.735572611436655,-6.0822436439662555,-13.231555550100836,0.8156930281536675,-5.833454971146314,6.118995523742038,-5.491646882916453,0.4297844374085834,-11.61711614292044,3.0496311741842383,3.4459690858007237,1.2582564573396635,-7.950544424128337,5.2234202311554405,7.409963944590277,-7.278266041634082,-1.395133513120535,5.733818885238389
-5.348265392091834,1.152652556505539,-2.9411417640444997,7.502798866366876,5.878884172216485,6.843466265717327,15.85495989346787,2.283545882465047,-0.2410806084818854,2.706379223207133,7.614101790147506,5.389195257146389,3.4921920020785246,1.7227467346441512,-0.5966216223795965,11.851886995440786,-0.387607740771845,-3.9676677336555293,-3.566567405228359,0.716860243370492,-8.005809381767666,3.3460234373822044,-2.436667231431091,5.73381888523839,0.966395160497143
