n
25
c
14.552750847611028 75.80416621351075 -19.71059836237196 -12.244084103763562 -94.2039336856129 -9.295757591087078 -88.19732051946747 9.18824091092665 -124.41193584179723 -3.1463659261093877 79.18734525744647 85.30180139320817 -29.198456208502666 8.473816596501944 -89.58720814310534 -98.52925583463276 -14.952514402304443 80.81041588926537 -81.57766457181512 -102.72016863831163 83.15357702660631 -26.139292549457835 -106.78391490091191 -99.29489400442583 92.00049608963157
Q
4.76907199823866,-5.162158074019442,0.9933670811224992,-0.17195630781133653,-1.6736349540073752,-0.10438482690430062,-1.472666232872443,-0.6218745669785057,-1.538843189202858,-0.7629485746065532,-3.960242648304746,-3.6215655898191206,-0.9297137988199435,0.7338809074850718,-1.3357068727144337,-0.6400178149416611,0.13304804070371468,-6.739061307028919,-10.040143359393848,2.4248220697784744,0.6040666743483681,-0.3121384557997898,-3.1618757393125536,1.5228296428096395,-0.4543495468591543
-5.162158074019442,-6.2094479093886195,3.14191471820168,-5.891563100731825,5.857968509758054,-4.40901492110639,11.970638065773985,-10.480951331649091,-0.011554923166329598,0.3071339385866841,-4.462561152737644,-10.34620301052728,-0.6694149682635273,6.519359622678304,4.382506534882636,15.414103343550181,5.3246694692893985,-5.973999114917185,11.137423170873577,-1.1677285147821457,-12.398632434448722,4.132516983074181,7.188982904584243,2.090861752138667,-5.707919144893865
0.9933670811224992,3.14191471820168,4.525361485039969,0.5763529739345483,2.273744142660774,0.7726315227813725,4.418133345918591,0.09146401083974953,7.807132041338131,-0.049011937095062186,0.5408816449775913,-4.770921345228886,-0.8884196785236396,-0.025219385537397804,0.8446868013532041,-0.8693684686437275,0.4389697571045942,-1.8315431860495048,-2.457330531423751,3.516089666450978,-3.445966608554061,0.8793592485241505,-3.687042229079389,3.713699231513547,-0.08283023661369082
-0.17195630781133675,-5.891563100731826,0.5763529739345479,4.355302738013018,6.07097890133468,0.33567409804318094,8.016835595848887,-0.3469252724688331,3.8268310845000357,-0.8234723302547813,1.6463683829431899,-9.011510532166264,-0.22329184112024514,-0.3661172164324509,-2.6093222430401672,5.951583441390149,-0.3509270436536641,-4.044980392600465,-5.536115616307787,1.081983362355131,7.25302197267205,0.4102265708612889,-2.0322788632949482,-2.022196570216804,9.953283813261335
-1.673634954007376,5.857968509758054,2.2737441426607754,6.070978901334679,1.6149160041758623,-4.195096468046702,-3.5122823562505636,-6.640598000169678,-2.422862932810617,-1.3731693320604306,2.9219565228036766,8.192289518725438,-0.5032263438396871,-5.186272995401728,-11.638868359526006,-14.81427167657298,-7.5275715957411595,6.331891562068381,-2.3698927237070264,-11.260008782163355,8.975999153343485,5.9222987439492405,3.9417492256109496,-5.1018361602217634,8.240846579870357
-0.10438482690430062,-4.40901492110639,0.7726315227813724,0.3356740980431807,-4.195096468046702,4.787010655728592,-6.349153122532319,-0.40296147595319454,9.85957446150155,0.1670490950732107,-1.6014307203282696,9.610741512648037,-0.43257306319282596,-0.4629265878477029,3.723624192976647,-7.263693855859483,0.8755611755396724,-0.11068760290797297,0.2517042314599329,4.758605317639273,-2.8468851265805264,0.7807245753612546,4.869900621639165,-1.628066317123262,3.574850763515347
-1.472666232872442,11.970638065773985,4.418133345918592,8.016835595848887,-3.5122823562505645,-6.34915312253232,-8.419392546649233,-9.70829843316876,-7.293114968592263,3.7191177361924193,7.636037082688295,2.6960982812651473,0.5497400486560065,8.880222903553507,-10.678299632255495,3.2430282108094635,-0.44094798214393616,-0.5615067333819702,-2.271290639401709,-12.468687817168979,5.938124461824534,1.0153353145271686,-0.4316969432143278,-19.64264466270909,-1.0283835067825335
-0.6218745669785065,-10.480951331649091,0.09146401083974809,-0.3469252724688331,-6.640598000169679,-0.40296147595319454,-9.708298433168762,5.00498134199328,-0.15166469322527565,-0.14989394864058686,-4.469131558420909,-0.5839719272548525,-0.25098204587007,0.13945585846159908,3.096113476350741,-2.544852312890625,-0.4240365508457099,-1.406315679219173,1.05031673443946,-3.528602451362665,4.54744398063378,-0.18159071738048646,6.465874814876405,1.6628439770982628,2.8402244639016976
-1.5388431892028578,-0.011554923166329334,7.807132041338132,3.8268310845000357,-2.4228629328106184,9.85957446150155,-7.293114968592263,-0.15166469322527493,-7.2946772390009516,-2.1615276068529927,4.846220708108795,1.3966665004192813,6.701913388645098,0.2462376227081926,1.039212225106297,2.5402895126436813,9.32741814770627,0.804919727447517,-0.1534978036379806,-7.379034133891002,11.472097618995193,6.135433744970945,-2.2104034040702647,-11.774909667370133,9.64789294646993
-0.7629485746065534,0.3071339385866849,-0.049011937095062574,-0.8234723302547807,-1.3731693320604306,0.16704909507321,3.7191177361924184,-0.14989394864058703,-2.1615276068529923,4.107179800384108,-2.7486246744440006,0.24519612055587983,-0.6380108514700763,0.08878819294206905,2.784062438497579,-3.764369516931272,-0.41443012639675825,-3.4646445844163063,1.2104296254034823,-0.7590342773462655,0.13532621464532868,0.34127371032754505,2.991180689875021,-2.7694082586026005,-2.7987447998358848
-3.960242648304744,-4.462561152737644,0.5408816449775924,1.6463683829431894,2.9219565228036775,-1.6014307203282696,7.636037082688295,-4.469131558420909,4.8462207081087945,-2.7486246744440006,-0.7571771465624693,-11.762795891930613,-5.921067019589896,0.7309284075036597,1.9568773652374445,10.981384249602053,-8.041389548588944,1.942898792817105,9.06850801272725,15.088669886508416,-5.581480451325726,0.41049019740935977,9.278376543733142,13.830809429376842,-8.96105847423727
-3.62156558981912,-10.34620301052728,-4.770921345228885,-9.011510532166266,8.192289518725438,9.610741512648035,2.696098281265147,-0.5839719272548534,1.3966665004192809,0.24519612055588016,-11.762795891930613,-6.924243367437269,5.6097806581149605,-5.716289379073631,7.857441531430865,-1.8762957556868154,5.002792240570244,-1.839991167795399,2.4411905610977787,-5.838342495133152,-1.60920874633661,-7.053681607162899,11.1273552747287,-1.7807402798476146,-7.921532310360816
-0.929713798819944,-0.6694149682635284,-0.8884196785236392,-0.22329184112024514,-0.5032263438396871,-0.4325730631928253,0.5497400486560071,-0.2509820458700709,6.7019133886450994,-0.638010851470077,-5.921067019589897,5.60978065811496,4.719001345713124,0.11419205415129496,8.437777361839286,4.308109435136494,-0.017440570087192714,-3.5874250449889753,2.323981522578751,1.5745634877542194,0.36546742157433454,0.30514703556486533,6.190774383709714,0.08124188320808967,5.024040497081832
0.7338809074850718,6.519359622678304,-0.025219385537397304,-0.3661172164324502,-5.186272995401729,-0.46292658784770246,8.880222903553506,0.13945585846159814,0.24623762270819216,0.08878819294206913,0.7309284075036604,-5.716289379073631,0.11419205415129463,4.3740690772253,-3.170636585874326,-0.24741557951170862,0.0350298595783991,-1.6089298801691538,-2.305904002287651,-1.8316230346434157,-4.54545921846593,0.21798986206008314,-6.415563202983265,-1.3380180380425282,2.3060879799532605
-1.3357068727144334,4.382506534882637,0.8446868013532051,-2.609322243040167,-11.638868359526006,3.723624192976648,-10.678299632255495,3.0961134763507396,1.0392122251062974,2.7840624384975796,1.9568773652374432,7.857441531430865,8.437777361839286,-3.170636585874326,2.80793775960791,-3.1052758998365997,8.686893444024147,5.914640009521414,-1.3466016246712207,-9.703042246166616,0.572973521878024,-2.0280117454644246,0.7092869883589399,-8.128749601080383,13.553907800481038
-0.6400178149416604,15.414103343550181,-0.8693684686437271,5.951583441390149,-14.81427167657298,-7.263693855859482,3.2430282108094635,-2.544852312890624,2.5402895126436826,-3.764369516931272,10.981384249602053,-1.8762957556868156,4.308109435136494,-0.24741557951170867,-3.1052758998365997,1.7288726258423148,-4.059967369211004,-1.3675606511554328,-2.0592404552082755,-0.019464043344855853,2.2132806973015633,2.639410936378721,5.602999538441515,0.9445875505272826,8.663874114068495
0.13304804070371495,5.3246694692893985,0.4389697571045943,-0.35092704365366445,-7.5275715957411595,0.875561175539673,-0.4409479821439357,-0.4240365508457107,9.32741814770627,-0.41443012639675847,-8.041389548588944,5.002792240570243,-0.01744057008719349,0.035029859578399505,8.686893444024149,-4.059967369211004,4.423158394141256,-2.4185446465601106,2.824922165654447,-2.74620379102463,-8.965848900486083,-0.03616271765474233,0.07584523807234578,5.233841479635089,-3.7376598180700973
-6.739061307028919,-5.973999114917185,-1.8315431860495048,-4.044980392600465,6.331891562068381,-0.1106876029079722,-0.5615067333819687,-1.4063156792191733,0.8049197274475164,-3.464644584416306,1.9428987928171049,-1.8399911677953984,-3.5874250449889753,-1.6089298801691543,5.914640009521414,-1.367560651155433,-2.4185446465601106,-15.53899606202208,0.9313162571640357,7.8499373273675435,-8.084042082850226,0.9245075015243431,10.040587940003608,-0.5380795492015135,0.12074372327065609
-10.040143359393845,11.137423170873577,-2.4573305314237506,-5.536115616307787,-2.369892723707026,0.25170423145993315,-2.27129063940171,1.0503167344394597,-0.15349780363798127,1.2104296254034823,9.06850801272725,2.441190561097777,2.3239815225787512,-2.305904002287651,-1.3466016246712205,-2.0592404552082755,2.824922165654447,0.9313162571640358,2.076487608964415,-2.8453986317946756,15.006751577684946,6.256731435574872,-6.886953587566249,-3.475837185700981,-5.5156877796240344
2.4248220697784753,-1.1677285147821463,3.516089666450978,1.08198336235513,-11.260008782163357,4.758605317639275,-12.468687817168979,-3.528602451362662,-7.379034133891,-0.7590342773462662,15.088669886508416,-5.838342495133153,1.5745634877542183,-1.8316230346434164,-9.703042246166614,-0.019464043344854964,-2.74620379102463,7.849937327367544,-2.8453986317946747,4.4391676087725145,-1.5703670199320259,-6.991120020906526,-0.5674361285197254,2.3734037311866967,11.020838198071806
0.6040666743483689,-12.398632434448722,-3.4459666085540603,7.253021972672051,8.975999153343485,-2.8468851265805277,5.9381244618245335,4.54744398063378,11.472097618995193,0.1353262146453291,-5.581480451325726,-1.609208746336611,0.36546742157433476,-4.545459218465929,0.5729735218780241,2.213280697301563,-8.965848900486083,-8.084042082850226,15.006751577684946,-1.5703670199320263,-11.081180155342448,-0.36064042242789174,7.440128628367714,2.4793239339452358,-11.490744566879215
-0.31213845579978916,4.132516983074181,0.8793592485241508,0.4102265708612879,5.9222987439492405,0.780724575361256,1.0153353145271689,-0.18159071738048604,6.135433744970944,0.3412737103275446,0.41049019740935944,-7.0536816071629,0.3051470355648653,0.21798986206008325,-2.0280117454644246,2.639410936378721,-0.036162717654740995,0.9245075015243436,6.256731435574872,-6.991120020906525,-0.36064042242789035,3.1407030816813206,4.583876723439181,6.366375980521257,2.3685286481025276
-3.161875739312553,7.188982904584245,-3.687042229079389,-2.0322788632949482,3.941749225610949,4.869900621639165,-0.4316969432143287,6.465874814876406,-2.2104034040702656,2.991180689875021,9.278376543733142,11.1273552747287,6.190774383709715,-6.4155632029832645,0.7092869883589394,5.602999538441516,0.07584523807234596,10.04058794000361,-6.88695358756625,-0.5674361285197236,7.440128628367713,4.5838767234391815,-3.8846518514562316,-0.878633212614675,0.6587468172939794
1.5228296428096404,2.0908617521386677,3.713699231513546,-2.0221965702168045,-5.101836160221765,-1.6280663171232646,-19.64264466270909,1.6628439770982637,-11.774909667370133,-2.7694082586026,13.830809429376842,-1.7807402798476135,0.081241883208091,-1.338018038042528,-8.128749601080381,0.9445875505272818,5.233841479635089,-0.5380795492015141,-3.4758371857009793,2.3734037311866962,2.479323933945235,6.366375980521256,-0.8786332126146752,-0.0894651953729797,8.406827836658097
-0.4543495468591544,-5.707919144893865,-0.08283023661368949,9.953283813261335,8.240846579870357,3.574850763515347,-1.0283835067825338,2.8402244639016967,9.64789294646993,-2.7987447998358848,-8.96105847423727,-7.921532310360816,5.024040497081831,2.306087979953262,13.553907800481037,8.663874114068495,-3.7376598180700977,0.1207437232706558,-5.5156877796240344,11.020838198071807,-11.490744566879215,2.3685286481025276,0.6587468172939794,8.406827836658099,-4.673990052289365
