n
25
c
-88.26638022661416 42.81275054069337 74.17366684034047 106.61782940330362 -67.23883944875772 -67.27841727897453 119.38034169958124 7.779665881659868 -49.918394730137095 -92.49379117536546 -16.241343083891433 -6.715955593169689 -87.11760838792222 79.06021638677886 -61.45515642603099 19.898513351919625 -93.16252144100513 -82.66633885641242 -55.68926403144461 83.51311657690704 27.30924088817205 4.464223596953438 -70.97543165928896 86.30948649369185 -99.90151576043544
Q
1.1212025882460743,7.008202160013014,6.803646931910258,1.2980164587215197,0.3358841658403722,-6.629476988616714,8.638125431491437,-6.220728459166901,-15.280990584789215,-6.856401704323869,-3.6016906016278902,1.670171309731309,3.318962857284819,-6.337352215797708,-12.165353655361852,-1.5201648821104974,-3.0365777610675697,4.118541274383739,-5.931327842520375,6.262546567371828,16.938276198240843,-1.5870796433950614,-5.770487008707058,10.343725200509242,-1.4600758921235406
7.008202160013013,-4.009005116902306,6.373562746010462,-8.919420096219344,9.80391252743701,2.8588036756326636,-2.1179934962228826,-5.761224356651059,11.065630803932171,1.690726772654634,0.030490117664583316,-0.5152929607002568,14.44230115676532,-4.036216974264231,9.744498688741418,-0.22758074993150146,-2.684158965026004,3.7685580896648947,9.027245403016714,-14.946399867625829,-4.642976589471767,2.2850513102075087,12.142173802563345,-7.596160872388039,5.42878228422856
6.803646931910258,6.373562746010462,9.350486370416197,-16.88005113135502,5.577543640313844,-0.7537500569715987,-9.476387569727791,-4.905115305983681,8.333183195219739,4.024944004809025,-8.336836995014167,0.42913588558229876,-3.72198268126742,-5.197278974331958,12.207530292284561,0.9715738342490754,6.095884487125925,11.862387225938912,5.828575919134123,0.9705350417143097,-6.155046430268504,6.371184972109772,3.4870766709034204,-3.065961826472981,-3.8264064441327714
1.2980164587215186,-8.919420096219344,-16.88005113135502,-3.2333580948830347,10.486205194895676,-0.29928638724279133,-3.746591612690573,1.5282156746305997,-5.191722609418765,5.072784305754449,0.5854929220531202,-6.964387436448866,-7.969456164767846,-4.588553428163321,0.12925476746324338,2.5060795076575118,8.063690878506208,1.1217150067920272,8.925816386994079,-1.4345314444558908,-11.622579248303264,-0.4750756571854958,-4.488482348666748,-5.117935496292365,1.9091581639029054
0.3358841658403714,9.803912527437014,5.577543640313844,10.486205194895678,8.992588777672164,-12.059864677499395,0.9746391175049214,-0.10480975018526906,-2.1395956681054242,-0.43039656601748444,-3.6559758919071084,-6.205839546673627,-8.851192953119007,-5.3881329654808345,-5.455327595571015,1.8556565891985408,2.99204243196992,-12.356923664797932,-10.99167884623611,1.3619058191910338,3.535661344049382,4.132244000895671,2.3958068062177986,2.1454550215534742,2.603699658540721
-6.629476988616713,2.858803675632665,-0.7537500569715989,-0.29928638724278955,-12.059864677499395,5.0678509174108495,-1.2961728361405904,-1.6136824836169497,-4.983128803922489,-3.771073295906914,-1.2114021828750716,0.604320354094259,0.34474249366317067,14.712077561374988,-11.981779828666488,-1.274651968406983,-4.187133526714251,-5.35258611612914,0.9917863094852,15.480908661661417,5.649317607589144,3.837207192182537,-8.408255598543752,10.384099156531644,-6.706877351542785
8.638125431491439,-2.1179934962228826,-9.476387569727791,-3.7465916126905743,0.9746391175049218,-1.2961728361405922,-11.487970883674251,-0.11916503560249658,5.170499942632404,1.944048502257158,1.223005898289287,-9.80688481948731,4.369276241548878,-1.4838515091777387,-5.232371067239974,-1.2253673613044977,5.307702155762207,12.209047519308234,4.093873963760907,-5.17595112837229,-6.202351626106948,-3.9491402456852587,7.3396460310875415,-4.5180659271651,0.595816488210251
-6.220728459166901,-5.761224356651059,-4.905115305983682,1.528215674630604,-0.10480975018526806,-1.6136824836169477,-0.11916503560249603,6.015357561713457,-0.6455921958919028,5.260418957829214,0.1964371901543882,-0.2054189821062582,-2.385625746021329,1.7465754979780632,-0.8002070648256043,-0.26258312683131424,-0.37118833309324306,2.6402806388966544,-9.966900037740865,1.0952362776330473,4.411701615669413,-0.8566634634890096,2.379824424671516,-5.871543621526044,4.13786549043915
-15.280990584789215,11.065630803932173,8.333183195219739,-5.191722609418763,-2.1395956681054233,-4.98312880392249,5.170499942632404,-0.6455921958919033,11.33777474272123,-10.203980514468832,1.9584087337255682,-0.4754221836164866,-10.40178706461576,-0.6289058128298832,-11.159902824808178,1.7843530256801163,-8.60349086365396,-8.449071609075697,2.581213035739955,7.482092775196593,-0.894279330788846,-10.839108742165687,-9.919131159053697,4.119847587803002,-11.565998891435296
-6.856401704323869,1.6907267726546344,4.024944004809023,5.072784305754448,-0.4303965660174842,-3.7710732959069144,1.9440485022571568,5.260418957829213,-10.203980514468832,-15.96531899023048,-0.34295178815265837,2.939294650216394,2.139510745266198,4.84267496785717,-11.590240641975154,7.784813310860137,-2.0416773229267435,3.1760272509438376,6.005338410248168,-2.919309139107262,0.24882969861461313,-3.730385285039109,-10.139485697385274,6.295244616765795,1.0637894748348082
-3.6016906016278893,0.030490117664583538,-8.336836995014167,0.585492922053122,-3.6559758919071097,-1.2114021828750698,1.2230058982892869,0.19643719015438865,1.9584087337255682,-0.3429517881526586,4.981251873142833,-0.07889594028200053,1.4073305715206712,-0.911936721122757,3.943718954346305,-0.6117510424122128,3.330010481623484,-0.014975135685721286,4.225776490880662,-2.39456117370714,0.6890403608633053,0.5370122334130074,0.3057218605476506,2.8118794005220353,5.231956242499232
1.6701713097313111,-0.515292960700257,0.42913588558230015,-6.964387436448867,-6.205839546673629,0.6043203540942614,-9.806884819487308,-0.20541898210626042,-0.47542218361648625,2.9392946502163935,-0.07889594028199964,5.779527708143275,4.989378075539786,-6.938307671928627,-3.6169171495350034,0.16961443271195953,0.3638074021145279,2.441175140884299,-0.0939618457370055,-3.8107385486586853,0.8827237948126918,-0.15427849408670147,0.73060650051665,0.10977067872213822,-1.062721538240352
3.3189628572848187,14.442301156765321,-3.72198268126742,-7.9694561647678475,-8.851192953119003,0.3447424936631702,4.369276241548878,-2.385625746021328,-10.40178706461576,2.1395107452661986,1.407330571520672,4.989378075539786,5.7410413473814295,13.247789779046157,4.340955978747416,-4.635972312283143,3.200853878289151,-10.896620812734252,-3.115806023152085,9.742503012638657,-4.28141757583862,-8.40246176764829,-12.383669072042537,6.095425613284245,7.535678713297545
-6.337352215797708,-4.03621697426423,-5.197278974331958,-4.588553428163323,-5.3881329654808345,14.712077561374988,-1.4838515091777391,1.7465754979780639,-0.6289058128298821,4.842674967857171,-0.911936721122757,-6.938307671928627,13.247789779046158,10.392880623590727,10.49029443969433,-4.078581719213334,8.683693366026617,8.335352387878958,-4.112830000664388,-15.697252157123161,-11.15008672610788,3.4247240547569286,-0.9253669563764921,-10.782978481595011,6.056145732421532
-12.165353655361852,9.744498688741418,12.207530292284561,0.12925476746324494,-5.455327595571016,-11.981779828666488,-5.232371067239975,-0.8002070648256046,-11.159902824808178,-11.590240641975154,3.9437189543463056,-3.616917149535004,4.340955978747416,10.490294439694328,-10.107522580947041,-7.220244110908534,-8.425154498598415,-4.18173798772011,-13.844968599755807,-6.3157191652477,14.797609060744591,-0.1865651734985071,-2.4769945505637194,7.828596372908878,-1.2999417992882978
-1.5201648821104972,-0.22758074993150013,0.971573834249075,2.5060795076575113,1.8556565891985388,-1.2746519684069826,-1.2253673613044973,-0.2625831268313139,1.784353025680117,7.7848133108601365,-0.6117510424122143,0.16961443271196047,-4.635972312283144,-4.078581719213333,-7.220244110908533,6.379286044377882,-9.691846237016923,-4.697033011647091,-4.964321417538552,5.388564317692101,2.3352805271774746,0.30489159914846464,-1.7382692411233538,6.836891568478325,2.3239851135969847
-3.0365777610675693,-2.684158965026003,6.095884487125924,8.063690878506208,2.9920424319699217,-4.187133526714251,5.307702155762207,-0.3711883330932435,-8.603490863653962,-2.041677322926743,3.330010481623484,0.36380740211452567,3.2008538782891516,8.683693366026615,-8.425154498598413,-9.691846237016923,-9.765095222514269,-6.973632036547274,-13.67589254771851,15.999968613663953,12.83847917786461,-2.3673270484609854,-3.844067720137362,3.7239961201889464,0.408657812669476
4.118541274383739,3.7685580896648947,11.862387225938912,1.1217150067920258,-12.35692366479793,-5.35258611612914,12.209047519308234,2.6402806388966558,-8.449071609075695,3.1760272509438376,-0.014975135685721952,2.441175140884299,-10.89662081273425,8.335352387878958,-4.18173798772011,-4.6970330116470915,-6.973632036547273,3.9690525157835435,-8.711028165105045,5.4392606006518776,1.984985292524697,2.315552975282678,-2.3837437394016376,4.335631999523702,-4.4497752273905204
-5.9313278425203775,9.027245403016714,5.828575919134123,8.925816386994079,-10.991678846236109,0.9917863094851997,4.093873963760907,-9.966900037740865,2.5812130357399554,6.005338410248169,4.225776490880662,-0.09396184573700594,-3.1158060231520848,-4.112830000664388,-13.844968599755811,-4.964321417538551,-13.675892547718508,-8.711028165105045,2.606793843309699,-5.71792279433145,1.6541727477472843,3.7860937492466524,-14.684983157944835,6.037111789050781,-1.5890505306229972
6.262546567371827,-14.946399867625829,0.9705350417143095,-1.4345314444558925,1.3619058191910334,15.480908661661418,-5.175951128372291,1.0952362776330467,7.482092775196594,-2.91930913910726,-2.3945611737071397,-3.8107385486586844,9.74250301263866,-15.697252157123161,-6.3157191652477,5.3885643176921025,15.999968613663953,5.4392606006518776,-5.717922794331448,-0.9037145103129216,-4.090061859901846,1.690778344671346,-0.42325916277554687,-5.585925965290741,-1.4334888453167112
16.938276198240843,-4.6429765894717665,-6.155046430268502,-11.622579248303262,3.535661344049381,5.649317607589143,-6.202351626106948,4.411701615669414,-0.8942793307888459,0.24882969861461324,0.6890403608633056,0.8827237948126923,-4.281417575838621,-11.150086726107881,14.79760906074459,2.335280527177474,12.838479177864608,1.9849852925246974,1.6541727477472854,-4.090061859901847,-0.588670872751587,-4.402851996910137,15.247017558274624,-3.6369253736561626,15.233409845630968
-1.587079643395061,2.28505131020751,6.371184972109771,-0.47507565718549816,4.132244000895669,3.8372071921825364,-3.9491402456852565,-0.8566634634890047,-10.839108742165687,-3.730385285039109,0.5370122334130092,-0.15427849408670094,-8.402461767648292,3.4247240547569273,-0.18656517349850654,0.304891599148464,-2.367327048460986,2.3155529752826753,3.786093749246651,1.690778344671346,-4.402851996910135,6.601062584167282,5.342924953755407,-5.87488817504361,-3.6362979113819347
-5.770487008707059,12.142173802563345,3.48707667090342,-4.4884823486667464,2.3958068062178004,-8.408255598543752,7.339646031087542,2.3798244246715154,-9.919131159053697,-10.139485697385272,0.30572186054764927,0.7306065005166489,-12.383669072042537,-0.9253669563764934,-2.47699455056372,-1.7382692411233527,-3.8440677201373625,-2.3837437394016376,-14.684983157944835,-0.4232591627755464,15.247017558274624,5.342924953755405,0.7190227533448184,0.6951924429991128,1.323622476532265
10.34372520050924,-7.596160872388039,-3.0659618264729804,-5.117935496292365,2.1454550215534764,10.384099156531642,-4.5180659271650985,-5.871543621526045,4.119847587803004,6.295244616765796,2.8118794005220353,0.10977067872213869,6.095425613284245,-10.782978481595011,7.828596372908877,6.836891568478325,3.7239961201889464,4.335631999523702,6.0371117890507815,-5.58592596529074,-3.636925373656162,-5.874888175043612,0.6951924429991125,-0.05560600721026976,-4.960839478908362
-1.4600758921235417,5.428782284228561,-3.826406444132772,1.9091581639029045,2.6036996585407217,-6.706877351542784,0.595816488210251,4.1378654904391485,-11.565998891435298,1.0637894748348076,5.231956242499231,-1.0627215382403508,7.5356787132975445,6.056145732421531,-1.2999417992882987,2.3239851135969847,0.4086578126694753,-4.449775227390521,-1.5890505306229976,-1.433488845316712,15.233409845630968,-3.6362979113819334,1.3236224765322633,-4.960839478908364,-9.938917971995284
