n
25
c
0.38499991602995454 106.42063798972812 -92.29029021195507 -75.18007104882044 89.90900775344161 -13.067320731812469 94.50682161556844 -1.9852034115661459 -119.70263236487678 -1.801962253985934 -110.01321207000467 -96.0940570979769 122.96715184786966 95.29544374596877 3.179326150391857 60.87519353172929 83.2422537014291 -93.0769484840221 111.89469919785718 5.418166925766142 84.26893168814534 -96.4748347965452 100.80954374359992 -118.16162197380982 -8.290077906722463
Q
4.27440273599438,2.927328043345266,-4.392753407228028,-0.5012297438286752,-3.5471910435217175,-1.1519486771243228,2.489134342991344,-0.03401412813159377,-6.573363407927364,0.7364824647135537,4.295013924768039,-2.9656270333558594,-8.626016817638414,-5.117143155839439,-0.6934478854487894,7.904288763887247,-9.553823373158409,1.3314631481197383,-0.1248770511816012,-0.5441772659077257,3.357682674840203,7.229311094301423,6.59990251511208,0.8710546455944825,-0.336367112771049
2.927328043345267,9.621640472116841,9.884855499814925,10.604522329858938,-8.766789129636333,2.614338885602915,-7.440648107247221,3.5160480650977366,8.788517386917992,4.192105539485851,-3.647833806541795,2.401922503106694,-8.853251336442822,-3.549562647969696,-2.575641281603763,0.5267358286365665,-6.810658460541197,7.794083990529392,-18.397715956272222,-6.83775361656323,-4.524189677629453,-3.880237227405372,-1.5018120005624396,-0.9629936823133911,-2.1807708310505105
-4.392753407228027,9.884855499814925,-5.612112787830893,6.7407679793172735,9.338936017409834,2.33102401842129,3.940381718198948,-1.0567317035996444,-7.711765180961452,-1.4556397621083006,-0.7107793072312443,-10.500870003031276,1.4860187646069165,0.26062982582379735,-8.472700954300308,12.439093988693182,6.947104129381432,-10.60611767539354,9.630223190890751,6.0556454267792725,14.738706244998294,2.0588500085964747,7.037019590444394,-4.472666169746291,3.854496739224328
-0.5012297438286769,10.604522329858936,6.740767979317275,-13.214805160186216,10.727840231504983,3.814749897763331,9.95238878971877,3.4864326548872104,-6.534320152803448,2.210958185242622,-6.878233283308015,-10.10723916548365,7.084194455397181,4.057320751375228,-2.5778626317966005,-2.230882539830007,14.103368272896665,-5.793785264972158,-0.02942937745214258,1.4681620937926776,18.265781100091715,-8.21132628561421,-2.4625777888625215,-4.852602710158848,-2.834685738837288
-3.5471910435217184,-8.766789129636333,9.338936017409832,10.727840231504983,6.868084486941246,-3.4266236133359183,-0.819432808803352,3.9989074715804227,10.619691244092884,1.5733438694987305,16.095645253513197,1.3756715617681055,-15.767862909659247,-13.479739912464268,7.659480531598654,-8.511838938542665,-12.353297030660542,4.4436995396557775,-11.846185175836665,5.834108201749189,-3.724525992249716,7.599510709680365,-1.8367591967536014,3.387720243984922,0.6729416670406801
-1.151948677124323,2.6143388856029155,2.3310240184212896,3.8147498977633307,-3.4266236133359183,5.250424575080205,3.210657613845231,1.496327376556621,-1.0165015168790863,0.6420537452928905,-1.531318609126342,-1.4432301658223678,-4.8421481754625795,7.566926976250696,0.14911757644502943,8.056764927585766,-4.636327075990185,3.0012031748978254,3.8267787616902695,0.13987489070588244,-9.87691453674772,4.01097456021897,0.6322422261627457,1.1059280089486827,-0.5686249350090636
2.489134342991344,-7.44064810724722,3.940381718198948,9.952388789718768,-0.8194328088033509,3.210657613845232,5.3076403879666225,-9.921276097801428,4.438741830573302,3.3796193293436585,5.539185850780676,4.237235776788948,-19.095476234796525,-4.587798910649147,-0.23816065021092392,-1.9665172367503159,-12.931819079147061,-1.9293126147309727,0.271378096657405,2.357671690338612,-9.584386704100078,12.193965392378171,-8.882966010449632,-8.21772809054441,2.4075264523238995
-0.03401412813159373,3.516048065097736,-1.0567317035996442,3.48643265488721,3.9989074715804227,1.496327376556621,-9.921276097801428,4.4850034309414415,6.719042427361414,0.43442709378388755,-9.012519424904498,-0.2846972814501103,7.143814548917566,-2.8539694422621156,0.931963605739056,-2.7847348666067377,0.26490461349331873,-4.1317492332522345,-2.96535971879731,-0.10161939299755096,-6.610694154479513,1.7069597931406202,4.840944826091564,1.9283336674361522,-0.6678096298874743
-6.573363407927365,8.788517386917993,-7.711765180961452,-6.534320152803447,10.619691244092884,-1.016501516879087,4.438741830573304,6.719042427361413,10.622009864552796,-0.4722641406885881,7.043811625079497,-5.377304091702511,10.971116097847382,4.786261265269895,2.285209706157451,-7.266731848692091,12.083028006343428,1.5454074789915249,-2.8661303214719926,-2.936475251497849,6.4571316865951225,-2.7948004217480187,2.3164695559626547,-8.929554037101017,3.0092521231248246
0.7364824647135545,4.192105539485852,-1.4556397621082988,2.210958185242621,1.573343869498731,0.6420537452928914,3.379619329343659,0.43442709378388783,-0.4722641406885879,5.303981638336289,-2.4747395791043316,-2.753716809838476,-5.8038819501314105,-6.738159605660794,0.23175841809754064,-6.364983256599563,5.362913578291341,3.788417750354169,-7.1903497437897546,0.07343856535915849,2.194255297997178,3.447993774983104,-6.810008565362169,-3.16614437359,-0.26279943346397905
4.295013924768039,-3.6478338065417972,-0.7107793072312449,-6.878233283308015,16.095645253513197,-1.5313186091263424,5.539185850780676,-9.012519424904498,7.043811625079497,-2.4747395791043307,-13.405463483728656,-4.9845045807876645,6.855900156442082,13.294423234583265,3.742692887464789,-2.002396966948189,8.977837478190867,-9.801301093061657,4.395924643585018,3.7902059376141506,14.954378460430284,-1.990853542362124,9.791526105686208,0.3289342018122581,4.496692951621968
-2.9656270333558585,2.4019225031066935,-10.500870003031276,-10.10723916548365,1.375671561768105,-1.443230165822368,4.237235776788946,-0.2846972814501104,-5.377304091702511,-2.753716809838476,-4.9845045807876645,3.464854860458985,6.973617705978392,8.60895083584289,-0.5880062191764663,10.68336733843723,9.046560241123789,-2.5997409926662067,4.124269828159049,-2.1659286260596593,8.991578203815152,-13.7885136927324,5.854282114317982,-0.2926301788849297,-3.77685128558947
-8.626016817638414,-8.853251336442824,1.4860187646069174,7.0841944553971805,-15.767862909659247,-4.842148175462581,-19.09547623479652,7.143814548917566,10.971116097847382,-5.803881950131411,6.855900156442082,6.973617705978391,-14.28464703220482,-17.536128166729526,-1.4000853349145341,4.375723338288373,-9.982601785598582,-1.6267645635660752,4.585894755211985,2.1630260321727928,-13.728535069757857,11.97174103656893,-12.330056857453798,0.4454967658983042,0.6594432513973867
-5.117143155839439,-3.549562647969696,0.26062982582379757,4.057320751375227,-13.479739912464268,7.566926976250697,-4.587798910649146,-2.853969442262117,4.7862612652698955,-6.738159605660794,13.294423234583265,8.60895083584289,-17.536128166729526,0.7553924608894222,-0.29661024220265375,-4.399498827271422,2.157449803863111,-5.357799470258266,-11.056122595001325,-8.946333054251998,-2.7492737026403367,0.9279137567897922,-4.721610362593198,1.9702112077763,-7.335448528453183
-0.6934478854487895,-2.5756412816037635,-8.472700954300308,-2.577862631796601,7.659480531598654,0.14911757644502918,-0.23816065021092547,0.9319636057390551,2.2852097061574512,0.23175841809754216,3.7426928874647887,-0.5880062191764655,-1.400085334914534,-0.2966102422026544,5.751734289441157,2.076360331722472,2.6691233026623564,-3.860832769803729,-6.1886430458126105,-0.4843960139084118,1.9472792053112806,-4.076469700491948,-2.3924585176376985,4.249547540229487,1.1533080501357609
7.904288763887248,0.526735828636566,12.439093988693182,-2.2308825398300076,-8.511838938542665,8.056764927585766,-1.9665172367503168,-2.7847348666067377,-7.266731848692092,-6.364983256599563,-2.0023969669481887,10.68336733843723,4.375723338288375,-4.399498827271423,2.0763603317224715,-2.8400258077697886,-0.22054513446417245,11.178415107530496,3.0284319596977287,6.561121377679949,-9.508858831140248,5.16477788220883,-5.9671287535234265,12.337159541627937,6.120847636905712
-9.553823373158409,-6.810658460541197,6.947104129381433,14.103368272896665,-12.353297030660542,-4.636327075990185,-12.931819079147061,0.264904613493319,12.083028006343428,5.362913578291341,8.977837478190867,9.046560241123789,-9.982601785598582,2.157449803863111,2.6691233026623564,-0.220545134464172,-0.6132986129295199,14.3575609750259,-5.9405980279716335,1.2004377415411742,-3.2280411663851427,-0.18673658626787182,-10.708079337102603,1.8751273876653356,-3.117295844960659
1.3314631481197388,7.794083990529392,-10.606117675393541,-5.793785264972156,4.4436995396557775,3.001203174897827,-1.9293126147309738,-4.131749233252234,1.5454074789915249,3.788417750354169,-9.801301093061657,-2.599740992666206,-1.6267645635660761,-5.357799470258265,-3.8608327698037286,11.178415107530496,14.3575609750259,-1.7062228344754784,-5.4371774781587,0.019442381446210133,-7.424920337321769,-1.5070837275143092,2.6944872004818414,-2.122209654190681,4.911613295053813
-0.12487705118160086,-18.397715956272222,9.630223190890751,-0.02942937745214258,-11.846185175836663,3.8267787616902695,0.2713780966574054,-2.96535971879731,-2.866130321471993,-7.190349743789754,4.395924643585018,4.12426982815905,4.585894755211986,-11.056122595001325,-6.1886430458126105,3.028431959697729,-5.940598027971634,-5.4371774781587,-13.790039531436044,-2.5507897447214933,-10.843166756121633,12.259706051552358,-6.079591573954257,0.7762721362786822,-5.625840048067268
-0.5441772659077253,-6.83775361656323,6.055645426779273,1.468162093792677,5.834108201749188,0.13987489070588333,2.357671690338613,-0.1016193929975518,-2.936475251497849,0.0734385653591571,3.7902059376141506,-2.1659286260596593,2.163026032172793,-8.946333054251998,-0.48439601390841275,6.561121377679948,1.200437741541174,0.01944238144620969,-2.550789744721493,4.417906167256955,-4.184749830300531,-8.040460294094974,0.7759610089959044,-7.34462491336736,1.2781807309363797
3.357682674840204,-4.524189677629453,14.738706244998292,18.265781100091715,-3.724525992249715,-9.87691453674772,-9.584386704100078,-6.610694154479513,6.4571316865951225,2.1942552979971772,14.954378460430284,8.991578203815154,-13.728535069757859,-2.749273702640337,1.9472792053112804,-9.508858831140248,-3.2280411663851427,-7.424920337321769,-10.843166756121633,-4.1847498303005315,10.424128995814225,8.524027734987065,-5.191019568923445,-0.8079102073684177,-0.0558632023409148
7.2293110943014245,-3.880237227405372,2.0588500085964756,-8.21132628561421,7.5995107096803665,4.010974560218969,12.193965392378171,1.7069597931406184,-2.7948004217480205,3.447993774983104,-1.990853542362124,-13.788513692732398,11.97174103656893,0.927913756789792,-4.076469700491948,5.164777882208831,-0.18673658626787082,-1.507083727514309,12.259706051552358,-8.040460294094975,8.524027734987065,14.98575040878951,-4.106029852981781,-11.009370375427,-7.855774373380337
6.59990251511208,-1.5018120005624394,7.037019590444393,-2.462577788862521,-1.8367591967536028,0.6322422261627461,-8.882966010449632,4.840944826091563,2.3164695559626542,-6.810008565362169,9.791526105686208,5.854282114317982,-12.330056857453796,-4.721610362593198,-2.3924585176377,-5.967128753523427,-10.708079337102603,2.694487200481841,-6.079591573954257,0.7759610089959033,-5.191019568923444,-4.10602985298178,-5.576738286104339,6.482942120914333,5.543194570139635
0.8710546455944823,-0.9629936823133909,-4.472666169746292,-4.852602710158847,3.387720243984921,1.1059280089486816,-8.21772809054441,1.928333667436152,-8.929554037101017,-3.1661443735899986,0.32893420181225774,-0.2926301788849305,0.4454967658983041,1.9702112077762997,4.249547540229487,12.337159541627937,1.8751273876653345,-2.122209654190679,0.7762721362786824,-7.34462491336736,-0.8079102073684178,-11.009370375426998,6.482942120914333,4.319720195537847,1.4270612082285872
-0.33636711277104825,-2.18077083105051,3.854496739224328,-2.8346857388372872,0.6729416670406789,-0.5686249350090635,2.407526452323898,-0.6678096298874747,3.0092521231248246,-0.26279943346397816,4.496692951621967,-3.77685128558947,0.6594432513973859,-7.335448528453183,1.1533080501357609,6.120847636905713,-3.1172958449606596,4.911613295053814,-5.625840048067268,1.278180730936381,-0.055863202340915886,-7.855774373380337,5.543194570139636,1.4270612082285865,5.190678566547829
