n
25
c
-61.98870924779278 65.87575732167181 -67.56670186978832 -71.36574851301083 -93.75402679750674 11.232119064570986 -36.50002731854977 -115.08997180912651 -21.935371573262355 -23.58945623812032 -108.93355895246634 -65.43965237688425 64.80125590435176 -20.617067112028728 -12.720674801368851 1.7854821798952156 -7.484087855070046 -82.2404554810778 84.59062395569808 -69.23687270781292 -10.402889283803624 -63.21792761582441 -72.81758811850875 -41.89547627316643 13.661138506880164
Q
10.504501773760865,-5.802461809184241,-11.664270782279006,-5.3532004595960805,3.815106448515405,-3.9029430567161754,-5.1914905738507455,-1.36779323814934,0.3490173056013706,-6.027250942192235,-2.4469698973437772,-11.91653337137355,9.832680164127968,4.430669068805207,-3.4053181679310853,-0.677891284097887,1.7357622497592735,0.011754088537807239,0.7161312214426092,0.31303306176713896,-5.267174950250905,-6.265473535862721,-1.3421126307727242,-7.519842168725145,1.256793639933409
-5.802461809184242,5.401316892143867,1.8077976378339908,9.953989237036645,9.072388813832315,0.32646670682810686,5.771532618830848,6.1398297979004495,-2.5215931050502567,8.152738505894975,0.858803731366097,5.519562859522214,-2.926005239139249,-7.716071099179729,-4.296677570966779,2.7267202406802107,-4.018691658141963,2.6484844954014477,-1.800416640822382,5.553124768875762,-0.25593820978068843,2.3387096120270723,0.8024871301543531,-4.720974119897344,6.07700839329523
-11.664270782279006,1.8077976378339904,10.979939777484908,7.344315685182067,-0.7810456707628435,3.4464846232303987,-3.0563424834105963,-1.9301285431269337,4.516046309470782,-8.359104615069086,-5.120800079146797,-2.1946996517582997,7.826728627300956,8.96873264745264,-0.9809586778621538,-1.1608843962636117,-3.3629255990624465,-2.867434409222592,1.6904210281696783,-17.9526535876363,3.675954162467089,-14.920503618979142,-7.081607693257756,-9.010939627407954,-2.461881870187584
-5.35320045959608,9.953989237036646,7.344315685182067,-8.802611614103373,-5.173839991406357,-5.139918430157734,-0.16536909035691416,-8.816543042245579,6.877289267141546,3.209930933211422,-6.132690246701035,-0.6068073613423894,3.3699240387277047,2.60276713999224,-3.2618850524899683,-4.846512437204447,1.7743987954846636,-8.191903518412142,2.6745574238141683,-2.0427248533005415,0.9960557986932637,-2.985441611181748,-1.6126793795343772,-15.310241100330671,-2.120589341555091
3.815106448515405,9.072388813832315,-0.7810456707628434,-5.173839991406357,0.5040487252464647,-3.5014022440162815,1.8483655364666647,-10.168361513303516,-8.970828270029035,1.0115128919126497,3.9928535388742175,-5.437265902626797,9.060640225824564,-8.003579292579142,3.3857952991295703,1.3914093278228208,0.22653513473770137,1.427994675392996,-2.2103787374735493,0.5673878122336614,1.3206667698605683,-9.83645743701605,0.5992208153446654,-4.142355115763639,0.6318445494060314
-3.9029430567161736,0.3264667068281071,3.4464846232303987,-5.139918430157734,-3.5014022440162815,4.561176095164278,-0.19636626666262735,-1.260490948776754,0.923006775198848,0.34707345834327774,2.2994209399962173,-5.808565730982925,7.763433527276061,0.7739608356160014,-0.06476983088201616,0.27323529508763145,-0.4953375120752565,1.9877171960314433,0.43067489409479,-2.1330624397091587,0.15316220410548742,6.480456391769917,-4.628439719637693,-2.451896096816373,0.030543039631661217
-5.191490573850746,5.771532618830845,-3.056342483410596,-0.16536909035691316,1.8483655364666642,-0.19636626666262647,-5.189572077163538,-9.368915145159562,-6.180890492844326,5.620759516829976,1.085244327052998,-11.157293653634172,5.783776499304974,4.287406520523435,-0.7375113467537127,-5.0547515950059525,-2.727457878838187,-7.986096742643192,10.899840084184978,-5.218451539278274,0.21753664652641808,-11.89581977143952,-3.408523031777939,-16.81410938413474,-9.525634652820209
-1.3677932381493383,6.139829797900449,-1.9301285431269335,-8.816543042245577,-10.168361513303516,-1.2604909487767548,-9.36891514515956,12.15656897423283,7.240613805331179,2.3327968513340136,1.09295677989254,3.153421067556599,3.306745773079738,-1.9913109921834986,-0.5372576810346286,-5.2398671675488995,8.327434104712374,1.3352540473527794,0.025715391849452374,5.329685229201276,-0.4157464065520544,-3.5373274798190923,-3.405908921114176,-2.6336144221803126,1.600352582456185
0.34901730560136957,-2.5215931050502562,4.516046309470782,6.877289267141545,-8.970828270029035,0.9230067751988476,-6.180890492844325,7.240613805331178,5.239131041253666,-0.3902618626977561,5.202924844558001,4.167334679847293,0.2137935224941333,-0.7629887959513235,0.8167351071444444,-1.104529316990791,0.30120550261431067,-0.5345252338545676,6.514506327607778,5.640896228029266,0.006325923123032373,5.229911701358919,-3.5572016800714708,-3.0821636235455405,0.3369611000732764
-6.027250942192236,8.152738505894977,-8.359104615069086,3.209930933211422,1.01151289191265,0.3470734583432775,5.620759516829975,2.3327968513340127,-0.390261862697756,4.819676110045453,6.764715225596763,0.4680839343931642,-1.3115170345309606,-0.1589790358770733,-0.156076244752283,0.4283202405276877,2.013778625340621,3.9875366279437316,9.89557051805255,3.3591580653158153,-0.5637014694467501,7.174179363226816,1.6288365215916984,-0.7156956058048702,-0.08798004131671233
-2.446969897343776,0.8588037313660974,-5.120800079146797,-6.132690246701034,3.992853538874217,2.2994209399962173,1.0852443270529974,1.0929567798925404,5.202924844558002,6.764715225596763,-7.87871228258573,6.604700181221134,5.820943876600143,1.8680931216645338,9.31125779139375,4.8744830130017345,-4.992394614191996,4.997997947803319,10.740750475465708,-6.919621207929056,6.303675982800625,-7.780511086874214,-10.955081464547218,1.0357759583004646,1.0289049321690862
-11.91653337137355,5.519562859522213,-2.1946996517582997,-0.6068073613423883,-5.437265902626797,-5.808565730982923,-11.157293653634172,3.153421067556599,4.167334679847293,0.4680839343931648,6.604700181221135,11.062073370908836,0.7168295702328014,4.32196703440446,0.29006235344447306,4.507684522864948,0.05981317873877268,-1.04671422997243,-4.225605124645259,-17.218071301008177,6.201423724778679,-7.832343958940324,-9.225437447655764,-9.525906267109294,1.3273585573511228
9.832680164127968,-2.9260052391392497,7.826728627300956,3.3699240387277047,9.060640225824564,7.76343352727606,5.783776499304974,3.3067457730797374,0.21379352249413286,-1.311517034530961,5.820943876600143,0.7168295702328022,9.045817040897056,-3.7872164267235573,1.8609990309368674,4.500616247085062,3.8120831273949625,4.277330288620843,0.8422431349194769,4.8221109800109465,-10.455128931782427,4.836754766548278,10.593071926259112,4.190880413112768,-4.244527595322176
4.4306690688052095,-7.716071099179727,8.968732647452642,2.602767139992241,-8.003579292579142,0.7739608356160019,4.287406520523435,-1.9913109921834975,-0.7629887959513237,-0.15897903587707374,1.8680931216645338,4.321967034404459,-3.7872164267235577,6.239966074294699,-0.40742983462015037,-0.11064731109530546,0.28701582669119885,-1.8941774660758206,6.018281038226265,7.066465829061748,-0.18073200204742634,-0.1413829617126261,0.6713946667123771,-3.2944120589012744,-0.6354856348162796
-3.405318167931086,-4.296677570966779,-0.9809586778621544,-3.261885052489969,3.38579529912957,-0.06476983088201616,-0.7375113467537133,-0.53725768103463,0.8167351071444436,-0.1560762447522822,9.31125779139375,0.2900623534444726,1.8609990309368676,-0.4074298346201499,6.010903155061065,-0.2970282676125493,0.1624632666284198,5.2289395401584855,-1.338114875579313,2.0040830449284424,-0.7558832015935679,-2.881634558060207,-1.0791145433804503,1.8195242571198378,-0.24576433235013415
-0.6778912840978868,2.7267202406802102,-1.1608843962636115,-4.846512437204446,1.3914093278228203,0.2732352950876318,-5.0547515950059525,-5.239867167548899,-1.1045293169907913,0.428320240527688,4.8744830130017345,4.507684522864947,4.500616247085062,-0.11064731109530551,-0.2970282676125491,4.439036938417146,0.5453502477217131,-6.305607026258689,-3.1941099613855206,1.8188020678944488,0.3513641018198904,6.264653315225897,-5.464417829032742,7.197315044995979,0.43524432906513755
1.7357622497592722,-4.018691658141963,-3.3629255990624465,1.7743987954846645,0.22653513473770193,-0.49533751207525634,-2.727457878838187,8.327434104712372,0.30120550261431034,2.013778625340619,-4.992394614191997,0.059813178738772343,3.8120831273949625,0.287015826691199,0.16246326662841826,0.5453502477217125,5.339012198092246,7.931913186287949,-8.80830034504165,-3.411976117288578,0.32761861859599106,-0.6286909022188353,-5.863392222645835,4.725131382022561,-1.141462954376297
0.011754088537809348,2.648484495401449,-2.867434409222592,-8.191903518412143,1.4279946753929957,1.9877171960314421,-7.986096742643192,1.335254047352779,-0.5345252338545672,3.9875366279437316,4.997997947803318,-1.046714229972432,4.277330288620843,-1.8941774660758215,5.228939540158485,-6.30560702625869,7.93191318628795,-15.277373972822986,4.691858805543153,-7.638465933589823,-1.3479121726999865,-12.321645974459852,4.5885186162855796,0.2106857280029928,-5.573505870419935
0.7161312214426097,-1.8004166408223825,1.6904210281696788,2.6745574238141674,-2.2103787374735493,0.4306748940947899,10.89984008418498,0.025715391849452374,6.514506327607778,9.895570518052548,10.740750475465708,-4.225605124645259,0.8422431349194774,6.018281038226265,-1.338114875579314,-3.1941099613855197,-8.808300345041648,4.691858805543153,-7.672902719252492,14.055109096341816,2.433743999991289,-0.8606254381607799,6.134042871149699,-3.730544522566927,-8.85028436692296
0.3130330617671371,5.553124768875762,-17.952653587636302,-2.0427248533005415,0.5673878122336626,-2.1330624397091604,-5.218451539278275,5.329685229201275,5.640896228029266,3.3591580653158157,-6.9196212079290556,-17.218071301008177,4.8221109800109465,7.066465829061747,2.004083044928442,1.818802067894449,-3.4119761172885776,-7.638465933589824,14.055109096341816,9.929222482977783,1.3731784883631293,-10.981218014679552,-8.354722532952307,-5.119317767648436,0.5457216771304997
-5.267174950250906,-0.2559382097806866,3.6759541624670895,0.9960557986932641,1.3206667698605692,0.15316220410548742,0.21753664652641758,-0.41574640655205475,0.006325923123031152,-0.5637014694467491,6.303675982800624,6.201423724778679,-10.455128931782427,-0.18073200204742546,-0.7558832015935686,0.3513641018198903,0.327618618595991,-1.3479121726999872,2.4337439999912904,1.3731784883631288,5.353118386408697,-4.340572596320626,2.4111266458631446,-1.9860941827788716,-0.11712926915800115
-6.265473535862721,2.3387096120270714,-14.920503618979144,-2.9854416111817477,-9.83645743701605,6.480456391769916,-11.89581977143952,-3.5373274798190923,5.229911701358919,7.174179363226816,-7.780511086874215,-7.832343958940324,4.836754766548278,-0.1413829617126272,-2.881634558060207,6.264653315225897,-0.6286909022188343,-12.32164597445985,-0.8606254381607812,-10.981218014679552,-4.3405725963206265,13.454257369708188,-2.393220919663416,-14.911871996164248,-1.2141650364236436
-1.3421126307727231,0.8024871301543517,-7.081607693257757,-1.612679379534377,0.599220815344665,-4.628439719637692,-3.40852303177794,-3.405908921114176,-3.5572016800714708,1.628836521591698,-10.955081464547218,-9.225437447655763,10.59307192625911,0.6713946667123762,-1.079114543380451,-5.464417829032742,-5.863392222645835,4.58851861628558,6.1340428711497,-8.354722532952307,2.4111266458631446,-2.393220919663414,-1.4832935051050242,-2.0086734620400373,-1.38330418337461
-7.519842168725145,-4.720974119897343,-9.010939627407954,-15.310241100330671,-4.142355115763639,-2.451896096816373,-16.81410938413474,-2.6336144221803126,-3.0821636235455405,-0.7156956058048707,1.0357759583004655,-9.525906267109292,4.190880413112768,-3.2944120589012753,1.8195242571198385,7.197315044995979,4.725131382022562,0.21068572800299312,-3.7305445225669267,-5.119317767648436,-1.9860941827788716,-14.911871996164248,-2.0086734620400373,0.8217751300122993,1.5613653121580846
1.2567936399334108,6.077008393295231,-2.461881870187583,-2.1205893415550925,0.6318445494060319,0.030543039631660385,-9.525634652820209,1.6003525824561853,0.33696110007327673,-0.08798004131671242,1.0289049321690868,1.327358557351122,-4.244527595322176,-0.635485634816279,-0.24576433235013306,0.4352443290651382,-1.1414629543762969,-5.573505870419935,-8.85028436692296,0.5457216771305003,-0.11712926915800148,-1.2141650364236438,-1.38330418337461,1.5613653121580842,5.442924634922788
