n
25
c
-4.184664663502905 11.597330852458423 -127.73528373711565 115.94593181433629 0.5734545952188954 106.58879203675842 -120.33449363387592 -107.8269833413237 5.0076606687482474 -22.877911629418243 -5.779013104653245 105.3490348681421 115.66846748774692 4.587502555222257 -10.713581967939934 4.98105313921945 97.67437291551012 101.69855925528236 78.5742028062743 -100.91715023067998 4.621225747818907 -15.695333800486448 -112.04496951446959 95.75472802368213 111.23785775701947
Q
5.652945085349648,-1.6339662865128903,5.387092792803318,0.5633942044961514,0.003848250588839086,3.0727286135474174,4.9289289260552485,3.242371347415089,-0.2302687623721832,0.41491768575384325,0.33313461987305404,-8.933156206500655,5.380930016038907,-0.29093024550074764,-0.05312469613123971,-0.4953226565487717,-2.529441969756313,-5.1138940208926815,-0.3973356583591481,-3.850969248021603,0.04722594904310806,-0.11617889216272062,-7.554909551320332,8.940432102370357,-1.5653081695461497
-1.6339662865128908,5.267534959487918,6.998031045200487,-8.915994643979285,0.5075922236542547,-1.843073670275946,-4.70893053270054,-4.186353427187652,0.17517919767147427,-0.7167767831000132,-0.5142311521046388,-4.440333676364546,-2.3344801457801174,0.6758711440167698,-0.17515420415406668,-0.822712259095013,-8.167922377300137,6.524303916276336,2.5594454235658874,-7.506220261723682,0.5012667681398455,0.45528982971266746,-2.769099901951301,4.740656234051755,-6.53506776847313
5.387092792803318,6.998031045200486,6.8137418484804675,2.2622195221825843,4.86108131882582,5.612193393085734,-9.28797673784752,4.374425837076899,-8.288855893655318,2.3525139523475183,0.18611699914026386,1.7995432219645795,6.208262654164991,3.238331583880806,5.747897827470959,-3.0859864206354186,7.279900678456743,12.70694770794277,12.477156665289673,-1.706996498785657,-4.865603277253246,2.4626208725089755,-2.6214933621448453,9.46719026403369,-4.148785895730748
0.5633942044961523,-8.915994643979287,2.2622195221825847,4.481658701379326,0.9488202179647264,-4.639087755844864,8.230515648870051,-5.158848364153762,-3.858750060229292,-4.705507432074264,-2.512612071340415,4.656415934300949,-6.966781028114365,-1.145926690440075,-1.9812327779925796,6.424675199307887,-2.258139706840094,-6.45390282111701,-5.221850187289672,-1.6947466902878483,-0.25501861254945024,6.0000960793568545,3.4606989574532863,-9.590340205307964,-5.247919992625937
0.003848250588838531,0.5075922236542552,4.8610813188258195,0.9488202179647265,5.061990130200389,-10.651401515783085,-5.869517255879069,0.36988597988730487,0.36253173214182494,-0.6810575584937815,1.053604772767257,6.886245914619719,-0.4041098840627908,0.2702553138434052,0.8877217168349919,0.3330988376218357,-4.3241699044105975,0.13631096793700226,-1.5047693656358665,-3.574824713176781,-0.2528660931411265,0.30876567098217156,0.9112143889234088,-6.826993985408389,0.2787710044079935
3.0727286135474174,-1.843073670275945,5.612193393085735,-4.639087755844865,-10.651401515783085,6.507202045010472,8.05245986930289,6.875232467612693,10.678766062201548,2.929767539937882,2.2048922648621376,-6.539470680323155,-5.971382762991956,-5.727461794476547,6.526750963134551,-1.4827083852139205,5.824750969264122,-5.660675442427695,0.6193881027378514,8.964877528283333,-0.5515662467043341,-1.1401649375832492,0.6997971961022997,-9.616217526244677,-13.260612988707454
4.9289289260552485,-4.708930532700542,-9.28797673784752,8.230515648870051,-5.869517255879071,8.05245986930289,-3.538071816243943,-0.06456565728673513,-8.112752652550414,5.267671827054599,9.451656830728622,3.470685993429376,6.875001500204396,-3.401069312483394,1.2130726668921192,0.3139589985509465,9.731893429906044,3.1894420759979676,8.274596737178548,-13.740235991211328,1.6601225092876777,3.891460224746293,-5.978455505653428,8.737415303145987,-0.8424601214350282
3.242371347415088,-4.186353427187652,4.374425837076899,-5.158848364153764,0.36988597988730465,6.875232467612692,-0.06456565728673525,-9.98292508365847,-4.883617569384677,3.0354406831026757,3.4365970923808984,-9.1054536012771,2.1469647403939853,-4.035532999693504,-4.315584956692709,2.313772886808901,7.807450352046332,0.9039268232462861,13.606474609001664,-5.746547030749655,2.192072004525235,0.6018469417267718,-9.410594077744479,3.4614988397831006,-1.86395359018607
-0.23026876237218363,0.17517919767147372,-8.288855893655318,-3.858750060229292,0.36253173214182455,10.678766062201548,-8.112752652550416,-4.883617569384677,5.649072024125406,0.21823654828355238,-0.6740594620529838,-5.312127172538782,10.929591369977294,-0.03416295823162574,-0.6744115053481192,0.3489839046241294,-0.28267447712617666,-3.1115709089870025,6.940144469348464,2.831628577419683,0.5355237474435841,0.23016142405793838,8.26624857023702,-2.6729084998593153,3.886872749653291
0.41491768575384314,-0.7167767831000134,2.352513952347519,-4.705507432074265,-0.6810575584937821,2.9297675399378824,5.267671827054599,3.0354406831026766,0.2182365482835527,4.494272618943413,-0.7607193404061053,5.1060960663008945,8.92558558963873,0.7323675861833758,-0.4064329156552162,0.11896797198076148,-4.004383200113235,5.97792402015428,0.5135538310096219,4.9429177680572876,0.4876778307103947,-0.0447339810997045,3.279652748696901,1.8037436570489178,4.013269644203558
0.3331346198730533,-0.5142311521046384,0.1861169991402658,-2.5126120713404156,1.0536047727672562,2.2048922648621367,9.451656830728624,3.4365970923808993,-0.6740594620529837,-0.7607193404061054,5.074853954375436,0.31314388302055673,6.668298981783296,0.13717121302799007,0.24428579857374055,0.220552748519099,-2.74602073213352,1.8634892385415616,-3.9460595930486733,-2.2474924523864543,-0.038377731254752856,0.3665125883082905,-6.933946857257454,3.990925648995696,-4.034852369723933
-8.933156206500655,-4.440333676364546,1.7995432219645797,4.656415934300948,6.886245914619719,-6.539470680323155,3.470685993429375,-9.105453601277098,-5.312127172538782,5.1060960663008945,0.31314388302055585,0.16150659564230452,-11.593795239326841,4.142084761513064,-3.165270087764487,-3.297703535370778,-2.957121516063653,-1.4758262144869345,2.32588906224501,1.9819148674590763,7.353223843892972,2.4262107846991157,4.409326222193595,-0.7880168651238884,-4.834946835144972
5.380930016038906,-2.334480145780117,6.208262654164988,-6.966781028114363,-0.40410988406279014,-5.971382762991954,6.875001500204397,2.1469647403939858,10.929591369977294,8.92558558963873,6.668298981783295,-11.593795239326843,-1.2513802830821605,-2.410187042122176,-2.114346521552796,-4.9670289456489725,-3.8878381173174423,0.747924831264846,-1.8352843381507764,3.1540587776827005,-0.4858565000772459,9.975473177895358,-0.9271982648715581,-8.207604017050075,-14.247452070256923
-0.29093024550074653,0.6758711440167703,3.2383315838808064,-1.1459266904400758,0.2702553138434063,-5.727461794476546,-3.401069312483393,-4.035532999693505,-0.03416295823162485,0.7323675861833743,0.13717121302799096,4.142084761513065,-2.410187042122176,4.385822390686139,0.33136781376457003,-1.522430219013692,1.2469592874146267,-5.587662846508829,1.2258290610011353,-5.047576444253089,0.7128208912153124,-0.5221694125986109,3.6116122700803404,-4.549672392822509,-4.038296398106607
-0.0531246961312388,-0.17515420415406655,5.747897827470959,-1.981232777992579,0.8877217168349929,6.526750963134551,1.21307266689212,-4.3155849566927085,-0.674411505348119,-0.40643291565521633,0.24428579857373944,-3.165270087764487,-2.114346521552796,0.33136781376457025,5.585738261566108,-0.6943682136872406,3.9390664442676977,-0.7484723362886072,6.969222512655951,6.504866012396292,0.6180788671082258,0.8070059355717165,1.5379267476607548,-3.7078433255740135,0.3467603783560813
-0.49532265654877183,-0.8227122590950132,-3.085986420635418,6.424675199307886,0.3330988376218357,-1.4827083852139213,0.3139589985509477,2.313772886808901,0.3489839046241299,0.11896797198076148,0.22055274851909878,-3.2977035353707773,-4.9670289456489725,-1.5224302190136925,-0.69436821368724,5.574684895700826,0.050304492398028144,5.910626022964609,0.4439561587487412,-5.0650699336314915,-0.3671207260223199,0.6198824671861789,-3.6640401021738005,-0.7372370794281791,-2.2260103358354755
-2.529441969756313,-8.167922377300137,7.279900678456742,-2.2581397068400944,-4.324169904410598,5.824750969264123,9.731893429906046,7.807450352046331,-0.2826744771261763,-4.004383200113235,-2.7460207321335206,-2.957121516063654,-3.8878381173174414,1.2469592874146267,3.9390664442676973,0.05030449239802959,-6.509165908891647,-6.834431732959957,-1.9280406609929797,2.480748354861224,-4.26732550588353,-7.960985918213396,8.86293630032815,3.7086576359311705,2.4443245679634558
-5.11389402089268,6.524303916276334,12.70694770794277,-6.45390282111701,0.13631096793700237,-5.660675442427696,3.1894420759979676,0.9039268232462881,-3.1115709089870034,5.977924020154281,1.8634892385415633,-1.4758262144869359,0.7479248312648448,-5.587662846508829,-0.7484723362886068,5.910626022964612,-6.834431732959956,-6.643633578158744,-3.8353341609062115,-5.599554275939873,3.5623446715241975,-2.336470626866718,0.2698560603019431,-11.686588137977301,5.034018142967042
-0.39733565835914686,2.5594454235658883,12.477156665289673,-5.221850187289671,-1.5047693656358654,0.6193881027378507,8.274596737178548,13.606474609001664,6.940144469348464,0.5135538310096217,-3.9460595930486715,2.3258890622450092,-1.8352843381507764,1.2258290610011342,6.96922251265595,0.4439561587487427,-1.92804066099298,-3.835334160906211,3.459888948386597,14.318416120868356,2.9892827456632776,5.566030200754322,0.21641763136172476,-3.3614739579569317,2.434373375748283
-3.8509692480216033,-7.506220261723682,-1.7069964987856565,-1.694746690287849,-3.574824713176782,8.964877528283333,-13.740235991211328,-5.746547030749653,2.8316285774196817,4.942917768057287,-2.247492452386454,1.9819148674590763,3.1540587776826996,-5.047576444253088,6.504866012396292,-5.0650699336314915,2.4807483548612232,-5.599554275939874,14.318416120868356,4.549413256043302,-3.8946006593148246,-0.6291199621072174,3.2762320600120147,0.5169970378626175,-1.3223167667247337
0.04722594904310684,0.5012667681398452,-4.865603277253247,-0.2550186125494506,-0.25286609314112607,-0.551566246704335,1.6601225092876772,2.192072004525237,0.5355237474435843,0.4876778307103944,-0.03837773125475297,7.3532238438929705,-0.4858565000772468,0.7128208912153118,0.6180788671082256,-0.36712072602232015,-4.26732550588353,3.5623446715241984,2.989282745663278,-3.8946006593148237,5.843375005912769,0.8943832855092859,-6.431196081519318,0.3441928299157059,3.530980996729781
-0.11617889216271883,0.45528982971266696,2.462620872508976,6.000096079356856,0.30876567098217084,-1.1401649375832505,3.891460224746294,0.6018469417267728,0.23016142405793716,-0.04473398109970356,0.3665125883082902,2.4262107846991143,9.975473177895356,-0.5221694125986113,0.8070059355717174,0.6198824671861803,-7.960985918213396,-2.3364706268667175,5.56603020075432,-0.6291199621072172,0.894383285509285,5.5976827359614365,6.006778906192763,-0.7702606642996548,-2.1280457381288134
-7.55490955132033,-2.7690999019513014,-2.621493362144844,3.4606989574532876,0.911214388923409,0.6997971961022997,-5.978455505653428,-9.41059407774448,8.26624857023702,3.2796527486969014,-6.933946857257453,4.409326222193596,-0.9271982648715593,3.6116122700803395,1.5379267476607543,-3.6640401021738,8.86293630032815,0.26985606030194187,0.21641763136172454,3.2762320600120156,-6.431196081519317,6.006778906192764,15.455642966499255,8.047417014665408,0.6539749426053187
8.940432102370355,4.740656234051755,9.467190264033688,-9.590340205307964,-6.826993985408389,-9.61621752624468,8.737415303145987,3.4614988397830997,-2.6729084998593162,1.8037436570489185,3.9909256489956952,-0.7880168651238878,-8.207604017050075,-4.549672392822511,-3.707843325574015,-0.7372370794281803,3.708657635931171,-11.6865881379773,-3.361473957956932,0.5169970378626187,0.3441928299157071,-0.7702606642996541,8.047417014665408,13.23578101725981,0.10329707070855898
-1.5653081695461495,-6.535067768473131,-4.1487858957307475,-5.247919992625937,0.27877100440799374,-13.260612988707454,-0.8424601214350282,-1.8639535901860689,3.8868727496532913,4.013269644203557,-4.034852369723933,-4.8349468351449705,-14.247452070256921,-4.038296398106606,0.3467603783560813,-2.2260103358354755,2.4443245679634553,5.034018142967042,2.4343733757482835,-1.322316766724734,3.5309809967297823,-2.128045738128814,0.6539749426053179,0.10329707070855842,9.072369229023943
