n
25
c
-85.60969624201394 59.673402017661104 -3.481109752999733 -79.1190555863175 77.96229183524362 -94.82593074294557 68.72998516265513 -70.62979742448873 2.7969427626104433 -12.19478929821863 1.7907113887877815 71.0787708907383 -82.67312610568406 110.5958762958133 -61.996328570486995 -107.13722888652688 -12.68259242814513 -17.953974785775397 -110.26579966456771 -89.30713915723364 76.21996020095979 99.9814056207423 -74.18504358912938 111.30730518678459 -89.4319213838044
Q
11.689552848455827,1.0239025623489864,-0.6246852965593752,-10.846729277656147,11.855457763636489,-0.19809524944235601,9.573843949111073,3.8554633842913124,1.8744112808080906,4.100885884636121,-4.494419478128193,13.731519334984183,-13.419248409767704,8.125909887688483,0.17206608198528528,-5.415735837084621,5.177958187430404,6.836066417464584,-8.518044247426683,-13.986089263631884,3.4394494705635448,11.0850618057746,1.6488460205965263,8.956332504242138,-1.7052839168063643
1.0239025623489855,-6.924120961255025,-7.258333112515258,8.362036216838845,-2.841187419372461,9.95972272679014,-0.15516880359536844,5.705392220872559,-1.1569177977558427,5.985336213783898,1.0948036837341477,3.34589206235018,10.320280944551051,-16.05931232869215,4.368798354908533,6.700477513831689,7.2370193836998595,0.2960728347508166,7.004249316402724,3.566127569962939,1.417674594527014,-4.348165859801622,6.258450279125575,3.675652670390939,4.714055953943669
-0.624685296559375,-7.258333112515258,1.5789951278032242,4.594157190253078,-4.779315449690667,0.07485842561961242,0.6980134402055503,-1.3975261971475388,-0.435343248695494,-0.25138307514351116,-0.14474114638712865,-2.5486366752370353,-5.628409697184714,5.298424665022658,-5.30128860082395,6.113352819248632,-0.6800843040233824,-0.49697326112443085,-0.27747775258153085,-2.191268069830991,1.0759030343827458,-1.6484403236336225,1.62998935039136,-5.2545523558141465,7.089826834412453
-10.846729277656147,8.362036216838844,4.594157190253078,11.281645538767165,13.346595019692426,-5.977492012707867,-0.11703057523347005,-5.387841929741395,-8.622779141461615,0.1440539575790997,-1.8285379195484155,5.065613139957511,-4.009690844677578,-3.7412550089290324,-11.201772850736342,-13.98314391184819,0.2827933355138297,3.440095956123652,-5.7147079857560374,5.26752201473874,3.8504274601212303,9.712438904922893,-2.747872683746614,-1.5390517605122487,-5.811192478455368
11.855457763636489,-2.8411874193724604,-4.779315449690667,13.346595019692426,3.4632757347083434,5.1940001819506225,4.918872336022441,1.721643360711096,2.309752277152406,-2.3348562374630393,-5.161917580294711,-2.6929629789496037,0.9595703055924127,-3.5890473140868018,-1.502122490416703,6.477048981317045,-2.3555406461280586,-6.614205647151213,10.827195460363033,4.612177135163174,-2.2354086327874803,-13.795849444144828,0.24568534153073573,-5.166980597255702,-3.430334170999208
-0.19809524944235668,9.95972272679014,0.07485842561961198,-5.977492012707867,5.194000181950623,2.3095611334395088,8.517131156339108,-6.438906888036257,7.0566287454709755,-0.1061944117064737,-1.4107082495357601,-0.2857675002595157,-6.419244934975327,9.363814028893232,1.797499299464587,-2.29375264294071,2.3353271052226887,0.5043171926526178,-7.968281515869756,1.8528734191490923,8.467195828251104,1.5419467798714255,-9.410605493375243,8.668577874139807,0.6753205093990388
9.573843949111073,-0.15516880359536922,0.6980134402055505,-0.11703057523347093,4.918872336022441,8.517131156339108,-7.885930013838023,-0.06252407225850809,-0.4889960878156804,4.767051982357658,-4.149111053984335,-3.6675900454766786,8.536453158378908,-4.128857854131949,-1.4770579097128298,9.93139963135388,2.6403859249891837,4.205156781821261,6.365502298626835,8.606026682086865,-6.644000046564202,-12.018991233368965,2.316345819595339,0.38941132126688827,5.3717186754752095
3.8554633842913124,5.70539222087256,-1.3975261971475388,-5.387841929741397,1.7216433607110968,-6.438906888036258,-0.06252407225850842,3.7508278530533667,-3.6318334253575015,1.105218609390207,9.386523968841747,5.010528177067457,-5.722355458103879,-6.74314707926487,-5.433883058363667,-2.4326954423974243,-1.4423682791081611,3.5274903543855918,-9.960711990423553,-9.500771663299606,9.303859535587586,6.078891521735518,-7.8806495443569515,-0.09793212263867823,-0.853130371413508
1.874411280808088,-1.1569177977558434,-0.4353432486954928,-8.622779141461615,2.3097522771524055,7.0566287454709755,-0.4889960878156794,-3.6318334253575015,5.551070493725676,0.20996641355225193,0.8936139291824992,-0.866290120920568,-9.790679722572392,-2.230758207787244,2.1556317604747215,1.1976934291144294,-0.32875412486274125,-0.054298655841436005,0.7194105153188062,-1.1428255193069332,-6.780016124937038,-0.4151678567551502,3.3957162010761466,-3.504983423479745,-0.8137598526656512
4.10088588463612,5.985336213783899,-0.25138307514351144,0.1440539575790994,-2.3348562374630393,-0.10619441170647304,4.767051982357657,1.1052186093902074,0.2099664135522521,3.8583177414668093,-0.18793781536285614,-8.829924280645534,-4.3433978205862465,-8.179663958883093,-3.639298776107449,0.10563691472945302,0.7902811124693142,-0.11869555165900014,3.9557654070622856,0.6948290626692527,-5.91952047181516,5.212998092063411,-0.31255654409134537,-8.024312795803407,7.3792276570641695
-4.494419478128193,1.0948036837341484,-0.1447411463871282,-1.8285379195484155,-5.16191758029471,-1.4107082495357617,-4.149111053984333,9.386523968841747,0.8936139291824992,-0.18793781536285525,4.826461882092472,5.369023641357111,1.0587799617107256,3.1027491560070994,-8.62401806778756,5.265873818476671,1.2408762797589143,-0.21774075414423932,-2.276823166538955,1.3902060666851521,1.6727001645583937,-2.142002434707074,-9.132366875439006,-8.017049452385262,4.751838839443793
13.731519334984183,3.34589206235018,-2.5486366752370353,5.065613139957511,-2.6929629789496032,-0.28576750025951486,-3.6675900454766794,5.010528177067457,-0.8662901209205673,-8.829924280645534,5.36902364135711,-13.997326142575542,5.276001586842829,-6.269149675253883,-0.2645970794422897,1.822197726976118,7.167486357894687,1.3440989508037684,2.240373958487882,4.517681624294557,-4.419585548134144,-1.1843287724019058,12.419128262148387,-9.516453233183755,10.889718436910957
-13.419248409767704,10.320280944551053,-5.628409697184713,-4.009690844677578,0.9595703055924134,-6.419244934975326,8.536453158378908,-5.722355458103879,-9.790679722572392,-4.3433978205862465,1.058779961710726,5.276001586842829,1.6455315550784029,11.361708561804875,-0.3745772753563174,-2.496672038215066,-2.428486295663676,-4.940943079164709,-7.824974737088677,-3.307931192637956,3.6023172070956524,-4.6213922995406005,-0.7121837223612899,5.49472260936456,-2.953875223889255
8.125909887688481,-16.05931232869215,5.298424665022658,-3.7412550089290324,-3.589047314086801,9.36381402889323,-4.128857854131949,-6.743147079264869,-2.230758207787244,-8.179663958883093,3.102749156007099,-6.269149675253882,11.361708561804875,7.441087330383513,0.019101510761537654,4.718094219574716,-4.221232782997645,1.114405372915008,9.290495834352434,6.285777186890547,-9.077851889000252,-9.793559854243682,-9.039214565623478,-3.2139236531232185,-5.257775410467971
0.17206608198528556,4.368798354908533,-5.30128860082395,-11.201772850736342,-1.502122490416702,1.797499299464586,-1.4770579097128302,-5.4338830583636675,2.155631760474722,-3.639298776107449,-8.62401806778756,-0.2645970794422887,-0.3745772753563179,0.01910151076153732,-6.174745708545151,-2.495151707122871,5.02175051078639,-9.736716632069799,-10.531140572036664,-6.716986882801446,3.2970139770277314,9.854124150620674,-1.976072635581323,-1.6098593286967993,-15.379981848026478
-5.415735837084621,6.700477513831691,6.113352819248633,-13.98314391184819,6.477048981317046,-2.293752642940709,9.93139963135388,-2.432695442397424,1.1976934291144297,0.10563691472945332,5.2658738184766705,1.8221977269761176,-2.496672038215066,4.718094219574716,-2.49515170712287,3.362363549242015,7.025301670650891,1.8685656153886374,-2.473842462550502,-9.893777663576625,9.056176435498875,1.6106743082995256,-3.35477164019971,5.733015647327653,4.247436482760087
5.177958187430405,7.2370193836998595,-0.6800843040233822,0.282793335513829,-2.355540646128059,2.335327105222691,2.6403859249891846,-1.442368279108161,-0.3287541248627419,0.7902811124693155,1.2408762797589135,7.167486357894687,-2.4284862956636752,-4.221232782997645,5.021750510786391,7.025301670650891,4.65132601450878,0.00522293768227311,2.6917793850048812,1.1120637792524835,-6.077377879857097,-5.4192855827259105,-2.98945282337281,0.5967623406545803,-6.15851965138244
6.836066417464584,0.2960728347508179,-0.4969732611244306,3.440095956123652,-6.614205647151213,0.5043171926526182,4.205156781821261,3.527490354385592,-0.054298655841436894,-0.11869555165900053,-0.21774075414424027,1.3440989508037688,-4.940943079164708,1.1144053729150087,-9.736716632069799,1.8685656153886374,0.00522293768227311,4.451948550410576,-4.198157927431188,8.00405489674099,-7.751786425250026,-7.957547346989757,7.045357521083867,-7.726311046990929,2.0542628004068786
-8.518044247426685,7.004249316402724,-0.2774777525815308,-5.7147079857560374,10.827195460363031,-7.968281515869755,6.3655022986268355,-9.960711990423553,0.7194105153188051,3.955765407062285,-2.2768231665389553,2.240373958487881,-7.824974737088678,9.290495834352434,-10.531140572036664,-2.473842462550502,2.6917793850048817,-4.198157927431189,4.407865480896472,-7.725127534664329,8.906549378771391,11.892671241766035,-4.2961245561045756,8.559136235738364,5.559520980134646
-13.986089263631886,3.566127569962939,-2.1912680698309916,5.2675220147387405,4.612177135163174,1.8528734191490925,8.606026682086863,-9.500771663299606,-1.142825519306935,0.6948290626692513,1.3902060666851515,4.517681624294559,-3.307931192637957,6.285777186890547,-6.716986882801446,-9.893777663576625,1.1120637792524832,8.00405489674099,-7.7251275346643276,-7.9140853037481875,13.743271879055639,12.28508786403618,-0.8342064169013277,9.169883817187188,-2.505792814474741
3.4394494705635443,1.4176745945270146,1.075903034382746,3.8504274601212303,-2.23540863278748,8.467195828251104,-6.644000046564203,9.303859535587586,-6.780016124937038,-5.919520471815161,1.6727001645583952,-4.419585548134144,3.602317207095652,-9.077851889000252,3.2970139770277314,9.056176435498875,-6.077377879857097,-7.751786425250027,8.906549378771391,13.743271879055639,0.7756434067010423,-2.5181345693026547,4.835778081045316,-5.976514088413928,1.5756549590698858
11.0850618057746,-4.348165859801622,-1.648440323633623,9.712438904922893,-13.795849444144828,1.5419467798714248,-12.018991233368965,6.078891521735518,-0.4151678567551489,5.212998092063412,-2.1420024347070745,-1.184328772401905,-4.6213922995406005,-9.793559854243682,9.854124150620676,1.6106743082995263,-5.4192855827259105,-7.957547346989756,11.892671241766035,12.285087864036182,-2.5181345693026556,-2.1665664875013553,1.3250565531383849,-3.7209396177975176,2.315737592096573
1.648846020596526,6.258450279125574,1.6299893503913596,-2.7478726837466136,0.24568534153073585,-9.410605493375243,2.316345819595338,-7.880649544356952,3.395716201076147,-0.31255654409134626,-9.132366875439006,12.419128262148387,-0.7121837223612894,-9.039214565623478,-1.9760726355813236,-3.3547716401997105,-2.98945282337281,7.045357521083867,-4.2961245561045756,-0.8342064169013276,4.835778081045316,1.3250565531383856,4.5043419839554035,8.439458599277415,-6.4111282657900475
8.956332504242138,3.6756526703909396,-5.2545523558141465,-1.5390517605122493,-5.166980597255701,8.668577874139807,0.3894113212668886,-0.09793212263867734,-3.504983423479744,-8.024312795803407,-8.017049452385262,-9.516453233183755,5.494722609364558,-3.213923653123219,-1.6098593286967988,5.733015647327654,0.596762340654579,-7.72631104699093,8.559136235738363,9.169883817187188,-5.976514088413928,-3.7209396177975176,8.439458599277417,3.95120394644137,-5.80642026306719
-1.7052839168063636,4.714055953943667,7.089826834412452,-5.81119247845537,-3.4303341709992075,0.6753205093990391,5.371718675475207,-0.8531303714135071,-0.8137598526656502,7.379227657064169,4.751838839443793,10.889718436910957,-2.9538752238892556,-5.257775410467972,-15.379981848026478,4.247436482760086,-6.15851965138244,2.0542628004068795,5.559520980134645,-2.505792814474741,1.575654959069886,2.315737592096574,-6.4111282657900475,-5.806420263067189,5.561754446333317
