n
25
c
99.5366207120671 -116.33629218120501 -99.68716904610153 106.2297391827915 6.155789270362189 102.39283530357284 116.73688315399102 7.171380934409418 86.64291561539679 -129.0423872193093 93.39458056911613 58.01367840485974 -15.358091103552137 82.66436880747892 -15.765343893761926 -120.46672781419804 106.49585947716491 -120.30262824934708 -110.98183569178065 84.59823674820133 93.24442818911815 59.4493695075767 -5.5256777386155695 -99.39323496838347 116.35324408987819
Q
6.440351751564406,10.868132294885195,5.708361686299555,-3.0110265040914594,9.86256062779577,-2.1870792571571664,-8.85517440790908,1.1937697003806949,-8.309031441161412,4.794752663860421,-1.2817821390028685,6.508006693632268,7.62235014726511,-3.7654609588746597,-7.104773028219673,4.412267093609476,-8.494432210449457,4.76780863452433,10.366164755040089,-0.8681306324902357,-4.649470967183245,-12.245278177917008,2.9008181999116003,-4.076536057793181,-11.206338345085177
10.868132294885193,-3.409020029080719,2.0240919979085747,3.0725737492225655,4.688455145216666,4.122721622691628,10.063674501637443,-1.3887624627451853,6.3957938156923655,4.7799715462367764,5.049496988672425,4.860383987843321,-0.36483064677250154,14.647087901203426,5.278288170501385,-1.1990308594316934,6.911155938957712,-8.888901929743245,-6.5471101514041745,6.538056045174879,10.313416244505632,8.61080482461445,0.9428649156985683,-9.900060540259723,-1.2112789925493912
5.708361686299555,2.0240919979085747,1.2923072336823163,8.476551848419653,-5.781494119201985,2.2727957784655475,14.875581256602786,0.25680067942900353,-1.4516556317467206,4.649270655821111,3.0405577666151187,14.096639615798729,3.8125375315974104,5.559449430898949,3.2392765186208754,1.9852937566441318,-0.21912962468147784,-4.881876595970722,-3.064092448864789,7.621631367761097,0.47214159645796827,7.078220026920271,-4.1971835945386715,-16.135354682766458,-4.907953975188096
-3.0110265040914603,3.072573749222565,8.476551848419653,1.06556129580047,-4.38109833358172,-8.605762387689143,-5.0881195363600575,1.0574622665488673,-2.1718982728438423,-1.754306693193608,-1.4415010069276843,-11.82303199868484,-4.501213247397748,-0.3938156320242201,-0.29169113274529446,4.097882187895536,-2.7159315308736054,7.288458212249694,0.13672011304519482,-5.6795358148945105,-11.89981083476277,-7.655145208655206,-10.10659853456132,3.5899557877853137,-6.321643855240247
9.86256062779577,4.688455145216665,-5.781494119201985,-4.381098333581719,6.274783068874128,0.407712963529793,-1.1907672051982545,-0.03409503525631419,5.497778405286512,-1.418552242969646,-0.8489260237479,0.5947136302619312,0.28109810904421484,-1.6900882707249405,0.2824332175442015,3.0505848722205497,-3.826682350334942,-8.286871743656278,-5.497385197361567,3.434682130339837,-3.5891530536932876,4.153701991054835,-0.3837464285383436,4.9321218014390205,0.6576174643980478
-2.1870792571571673,4.122721622691629,2.2727957784655475,-8.605762387689143,0.407712963529794,-13.122504231823063,-4.229632673623731,-5.748093510747251,-0.1555916795024772,2.786936585603551,0.31571885448884474,-0.17185337852798654,-1.6126282652005957,-1.8854930721663232,-2.348329996058109,3.723787372059717,-11.253242497886514,3.320055218107978,7.172877540469285,-10.285531329438625,-5.220442790961803,4.755750536271225,5.767370906656283,1.540376691829547,1.0184070781788916
-8.855174407909079,10.063674501637443,14.875581256602787,-5.088119536360058,-1.1907672051982532,-4.22963267362373,-6.041733036703951,-1.6907660976581096,-1.5444819741245794,1.8901781609373216,-6.70390592541939,-1.3343570670797167,5.445748210697693,-5.3518951722575965,0.049044993886416366,3.665734488254544,-4.1434377877650626,0.5834512864970065,4.7324991611095015,-6.595302743726711,-9.885624013146678,-8.941471940557843,3.0034472431846515,-3.905527376842658,-14.545653634899345
1.1937697003806949,-1.3887624627451851,0.2568006794290041,1.0574622665488684,-0.034095035256313744,-5.748093510747252,-1.69076609765811,5.189504944019696,-2.662515522363658,-5.619141131472216,9.618002706535073,-2.8692857949129214,-0.17708047988470577,3.4490059090495926,0.045192404272610176,-1.9071151560643165,0.6184318531821271,-2.8383824508211206,2.8693055574255695,3.5369216789822913,-2.344774861423939,-6.4827924309143,0.07197567907704155,-0.23421917546925952,0.643565495334424
-8.309031441161412,6.3957938156923655,-1.4516556317467206,-2.1718982728438414,5.497778405286511,-0.15559167950247632,-1.5444819741245808,-2.6625155223636594,6.334899115347598,7.816383827593291,-3.339403931370302,-4.880837942672343,0.8095453670217128,-4.631815193995641,0.3837592154504641,7.245078101061491,-10.214721986704985,16.451975680937824,-6.05226702581657,-5.368428327179817,-6.102768126582076,-8.700313508447966,3.353675439920202,3.8561718579363418,5.373646681239237
4.7947526638604225,4.779971546236777,4.649270655821111,-1.7543066931936082,-1.4185522429696444,2.786936585603551,1.8901781609373216,-5.619141131472215,7.81638382759329,1.4650014729510872,-1.489497445305897,8.909192430837589,-3.377272524546802,-3.1331759236047505,1.949685133537975,-5.292536912189351,0.7565801311329268,-1.6100031038666573,0.2543004167977939,3.3359990845290675,9.932092070126664,2.1130939370289514,3.547836799274405,8.08435657708409,17.198213589905034
-1.2817821390028687,5.049496988672424,3.0405577666151204,-1.4415010069276835,-0.848926023747901,0.315718854488844,-6.703905925419391,9.618002706535075,-3.339403931370302,-1.4894974453058984,0.19423958952693088,-0.9215093148174727,-2.9435581362768106,-5.758994486045486,0.36592860329881227,6.552154587559542,-0.5975967809377725,6.986540552478733,4.8545944943761,-12.73049653153825,-0.38319580750635573,-7.762257020431922,0.6761460587311787,10.210965467276367,-8.482083247429177
6.508006693632267,4.86038398784332,14.096639615798729,-11.82303199868484,0.5947136302619306,-0.17185337852798754,-1.3343570670797185,-2.8692857949129227,-4.880837942672343,8.909192430837589,-0.9215093148174721,4.30994432187543,-2.487096968044799,-6.187017949597874,-1.7375313305487183,16.238048535663584,-3.661831866304401,8.757039522374178,6.025063093278748,-1.2793479938134549,3.41569438647041,-1.0105876050547626,2.730946070729371,10.283142133904576,-0.8851531579665428
7.622350147265112,-0.3648306467725018,3.8125375315974113,-4.50121324739775,0.28109810904421284,-1.6126282652005948,5.445748210697692,-0.1770804798847057,0.8095453670217121,-3.3772725245468016,-2.9435581362768097,-2.4870969680447987,6.055802412438053,3.6225261559522783,0.47829217098033183,4.434247541202937,-4.372784172220487,-6.052348722677122,7.660272361725474,4.264950747449758,-2.1092474943827617,-5.930440292873828,0.07027364901909272,5.075514689302652,-3.8306361235051836
-3.7654609588746606,14.647087901203427,5.559449430898949,-0.393815632024219,-1.6900882707249418,-1.885493072166323,-5.351895172257596,3.4490059090495935,-4.631815193995641,-3.13317592360475,-5.758994486045486,-6.187017949597874,3.6225261559522774,-0.6934360081233084,-5.464958615150135,4.703511939921331,0.08991783714722701,3.2435479119746002,0.45055113017101345,-4.647755885004731,-9.904801252227532,-17.04390827578345,0.9329360107579692,10.383796161677644,0.5201539225895218
-7.104773028219673,5.278288170501385,3.2392765186208754,-0.2916911327452947,0.2824332175442028,-2.3483299960581094,0.04904499388641567,0.04519240427260973,0.38375921545046476,1.9496851335379741,0.3659286032988129,-1.7375313305487188,0.478292170980331,-5.464958615150135,4.707625449133794,-0.9968659389763606,5.957372860520069,1.064705284137096,0.09263659998910123,-5.838395329977611,8.802879400396925,-0.45101862016144256,0.3706902064708735,0.00620957500341493,-5.028556619816019
4.412267093609476,-1.199030859431692,1.9852937566441324,4.097882187895538,3.0505848722205506,3.723787372059717,3.6657344882545453,-1.907115156064317,7.245078101061491,-5.292536912189352,6.552154587559542,16.238048535663584,4.434247541202937,4.703511939921331,-0.9968659389763598,-3.6525508389806127,3.771103241200994,2.511598214091844,0.7106519389469423,2.3788220594323652,10.909843814610916,-0.6459932093501322,-0.2126736395917188,6.246062495319243,-0.9329049544687353
-8.494432210449457,6.911155938957712,-0.2191296246814779,-2.715931530873606,-3.8266823503349414,-11.253242497886514,-4.1434377877650626,0.6184318531821281,-10.214721986704987,0.7565801311329265,-0.5975967809377729,-3.661831866304401,-4.372784172220487,0.08991783714722701,5.95737286052007,3.7711032412009926,-1.1236787968245405,1.9636115797771607,5.650804537003137,-1.1877505131881567,-1.0179581218746296,-1.0840037314761037,3.9364983365021473,0.32035804355839925,-9.38224795502084
4.767808634524331,-8.888901929743243,-4.88187659597072,7.288458212249694,-8.286871743656278,3.3200552181079797,0.5834512864970054,-2.838382450821121,16.451975680937828,-1.6100031038666573,6.986540552478731,8.757039522374178,-6.052348722677123,3.2435479119746007,1.0647052841370956,2.511598214091844,1.96361157977716,-0.531192000130055,-7.736475690829102,2.4232532673190046,9.868791174255755,9.928542405848592,-6.938692071605507,-8.596257972232014,9.805244726503442
10.36616475504009,-6.547110151404177,-3.0640924488647903,0.13672011304519338,-5.4973851973615675,7.172877540469285,4.732499161109501,2.869305557425568,-6.052267025816572,0.2543004167977949,4.854594494376101,6.02506309327875,7.660272361725476,0.45055113017101345,0.09263659998910123,0.7106519389469419,5.650804537003136,-7.736475690829103,-10.416596460410656,18.44902188166297,8.828857848465974,10.59568739777449,9.409361049825998,-8.845457626149745,4.515831676122687
-0.8681306324902347,6.538056045174879,7.621631367761097,-5.6795358148945105,3.434682130339838,-10.285531329438625,-6.595302743726709,3.536921678982292,-5.368428327179817,3.335999084529067,-12.730496531538249,-1.2793479938134547,4.264950747449758,-4.647755885004733,-5.83839532997761,2.3788220594323644,-1.1877505131881567,2.423253267319005,18.44902188166297,-12.36922023111579,-5.474803874477382,-2.155610009272645,5.147813223982283,-1.480223296111992,1.5559129017404143
-4.649470967183245,10.313416244505632,0.4721415964579676,-11.899810834762768,-3.589153053693288,-5.220442790961803,-9.88562401314668,-2.3447748614239385,-6.102768126582076,9.932092070126663,-0.3831958075063555,3.4156943864704106,-2.109247494382762,-9.904801252227532,8.802879400396925,10.909843814610916,-1.017958121874629,9.868791174255755,8.828857848465974,-5.474803874477383,-9.42494089056863,1.3281774694703463,-0.483268396739288,-7.996499944184443,-9.39082544663614
-12.245278177917008,8.61080482461445,7.078220026920271,-7.655145208655208,4.153701991054836,4.755750536271224,-8.941471940557843,-6.4827924309143,-8.700313508447964,2.1130939370289528,-7.762257020431921,-1.0105876050547633,-5.930440292873828,-17.04390827578345,-0.45101862016144245,-0.6459932093501308,-1.0840037314761037,9.928542405848592,10.59568739777449,-2.155610009272646,1.3281774694703468,10.255510494115455,2.9931698709361307,0.372061532454498,-0.28216076617549435
2.9008181999116,0.9428649156985669,-4.19718359453867,-10.10659853456132,-0.38374642853834406,5.767370906656283,3.003447243184651,0.07197567907704272,3.3536754399202033,3.547836799274404,0.6761460587311782,2.7309460707293716,0.07027364901909294,0.9329360107579692,0.37069020647087214,-0.21267363959171925,3.936498336502147,-6.938692071605508,9.409361049825996,5.147813223982282,-0.4832683967392877,2.993169870936131,5.660902238689017,-1.3969583348255314,-2.452044264588243
-4.076536057793179,-9.900060540259725,-16.135354682766458,3.589955787785313,4.9321218014390205,1.540376691829547,-3.9055273768426586,-0.2342191754692584,3.8561718579363413,8.08435657708409,10.210965467276369,10.283142133904576,5.075514689302652,10.383796161677644,0.006209575003413237,6.246062495319242,0.32035804355839836,-8.596257972232012,-8.845457626149745,-1.4802232961119914,-7.996499944184443,0.37206153245449664,-1.3969583348255312,7.223562160071996,0.6077719711609921
-11.206338345085179,-1.2112789925493912,-4.907953975188095,-6.3216438552402465,0.6576174643980491,1.0184070781788912,-14.545653634899345,0.6435654953344254,5.373646681239238,17.198213589905034,-8.482083247429177,-0.8851531579665423,-3.830636123505183,0.5201539225895218,-5.028556619816019,-0.9329049544687349,-9.38224795502084,9.80524472650344,4.515831676122687,1.555912901740414,-9.39082544663614,-0.2821607661754939,-2.4520442645882436,0.6077719711609904,-12.685123024329068
