n
25
c
-20.528825905475593 -12.969719757296055 102.7451244227089 -75.18619766902108 -66.53830514213516 87.77228789866925 -6.9181150847699335 -13.364217723702598 -7.85672320821195 -7.358287407056551 -114.95397109091863 82.12554696716003 -95.5175539661289 6.927076889645711 -13.401545949158631 -67.84251933586913 -68.61395996577504 97.65838599654256 123.5913380166942 -78.51851175386813 9.329911724391483 62.00037588744134 -94.3798471060749 0.9557921543157444 -87.33540218256822
Q
3.779136540803276,-0.024299802262548464,-0.776245418260366,1.2318525044311475,3.6806034500751252,-0.1422366136775236,0.0021559997139573017,0.10673143740134905,-0.7153523750506872,0.7337407136260583,4.8897826493626315,-5.545829943918224,-2.1387195488956516,-0.04634083534927225,-0.712992428009819,-5.877931229103934,3.0775441503580905,2.170787768236783,-3.6885769170712956,5.4023042634644405,0.36476793331140633,4.487612451641253,-0.23506884154184582,-0.4025154931181044,10.910984632910024
-0.02429980226254802,4.280070873688811,8.214906337460134,-1.5702084768749687,1.0760127330060822,0.471401831322126,0.3108231350483427,-0.17473510967799877,0.27553684662034716,0.038264322014150975,2.3997280346438083,-3.6532851795827312,6.337258900431979,-0.5088613307817855,0.17378632033267527,-3.146112851960037,-2.207594721789727,5.6504320184519745,-0.2266497426724392,-0.12616942244930088,-0.1697492147520484,-8.336446433928105,6.0030561354831145,-0.6093112707957307,3.241123950845438
-0.7762454182603659,8.214906337460135,-6.565611101192089,6.471826902009683,8.90550924053198,-2.217629971946784,5.121423866442551,2.366745397105551,6.28130729242203,-2.377516736130187,-3.339117676675132,-8.00536930096638,5.571080047355544,-0.29841271584302653,-3.625866126322264,-0.8002131589545928,4.631832238093702,-2.655327593892704,4.352147943846458,9.160291580721829,2.9148220163261107,-3.56586296419957,-8.801698063615886,4.77368045879187,-3.228149025626175
1.2318525044311477,-1.5702084768749698,6.471826902009683,-0.051828536638717004,-8.958904825620692,-2.182682598755192,1.4291269158557849,-0.7374538991233344,7.598826451475283,1.7009435629204122,-6.77644146236895,-0.6462591549919756,-3.8738574059019824,-3.4617084888428793,-4.6980807725236335,-5.500614142994914,2.49707192557534,4.484774024668408,-1.435335262684267,-4.837718586731613,-5.698955735408,8.072665747807028,-10.208922125855096,-2.2911963807635813,-8.228138665938989
3.680603450075126,1.076012733006082,8.90550924053198,-8.958904825620692,-8.746431124748035,5.992417690399262,-1.570698670603291,-5.270800082001486,2.7026542994359803,1.3875786259142349,-12.51024986035287,15.803638290104857,-5.455207994345303,-5.151894068006723,-3.287535740405919,-13.959043973273506,5.150390346682823,0.6299219813984551,10.68002774310312,-8.973922146029329,-4.020174080775893,4.421797004834367,-5.7334623837724585,-0.47281787546184295,-4.2729028622883005
-0.14223661367752305,0.4714018313221259,-2.217629971946785,-2.182682598755192,5.992417690399264,-3.9285199195534144,-7.130328961811224,6.47348828537949,-3.8540202491425717,-0.10012460239677878,4.256466174059177,-8.07739565750532,9.363899477454693,-3.247973638657743,-2.8251382953137187,3.3572946702921076,9.375558945493518,1.1747997624255626,-13.190369864191156,8.049278952753077,1.684405224187075,2.1434168109561966,8.830193288641338,-1.2191897523823927,-3.2279937117872075
0.0021559997139569687,0.31082313504834314,5.121423866442551,1.429126915855786,-1.5706986706032904,-7.130328961811223,4.684336589360575,-0.404743348620926,-0.5954392850528336,0.19825920112420567,-2.3910954505643347,7.09731098869996,-3.57444506073671,-0.21542732195570613,0.1024565969583206,6.307210246584564,-0.9067011587916394,1.4491496524951397,2.2888004765886745,-6.636713202279176,0.12845980546712266,-8.873826677148836,1.2799396142940003,0.5825296040702633,8.89895197436301
0.10673143740134772,-0.17473510967799832,2.366745397105551,-0.7374538991233344,-5.270800082001485,6.47348828537949,-0.40474334862092654,5.392351834483922,-0.7718787618261991,0.5469756707125746,6.001591362293345,0.20253884193584426,-3.5868932787373127,0.10034828076374369,-0.35925513759874583,3.959941257060409,3.315163922105331,1.7463266414039254,1.55920011619678,-0.5886674361261008,-0.29261567908158226,2.0736787390675335,1.7850817733900115,-0.7841789191775068,6.1048180754807735
-0.7153523750506883,0.27553684662034833,6.28130729242203,7.598826451475283,2.702654299435978,-3.854020249142571,-0.5954392850528338,-0.7718787618262,4.982883676051972,0.6886884637843512,5.666284450145122,0.2874760215727643,-2.0667114297078832,0.0948417856727568,-0.290107400808035,-3.420448521598864,-6.847307791369611,1.8956670448892783,-4.889560932955021,-4.914795435429432,0.31216977959220205,3.73424266989005,3.880075527612714,-0.8158723843773468,4.344001316235559
0.7337407136260585,0.03826432201415172,-2.3775167361301865,1.700943562920411,1.3875786259142335,-0.100124602396779,0.19825920112420536,0.5469756707125746,0.6886884637843497,4.79668558709848,1.2370432975798293,-0.14633974457270704,6.628572921217505,-0.2913114139624744,0.28835582980119157,-6.427981361640066,-6.426951806991307,-6.4056292203125835,-1.3977556145610182,-0.3398949668840029,-0.07311057754019618,3.744891204297332,-1.0925530992132597,0.8913538872955109,8.759007971098782
4.8897826493626315,2.3997280346438092,-3.339117676675132,-6.77644146236895,-12.51024986035287,4.256466174059177,-2.391095450564335,6.001591362293343,5.666284450145122,1.2370432975798278,-2.2350846987216713,4.898813343875842,-1.3871963218047931,0.6207014137204552,5.501811003886906,-14.8182813722064,-3.2483727823168262,13.315019780495623,9.883287240460843,-4.625575385170796,-4.457425736930435,0.4097811903813059,-6.033831632422051,-7.158224243905298,4.121967289362756
-5.545829943918226,-3.65328517958273,-8.005369300966382,-0.6462591549919758,15.80363829010486,-8.07739565750532,7.09731098869996,0.20253884193584348,0.28747602157276453,-0.1463397445727066,4.898813343875841,-8.602104194085019,8.050838475627796,2.5695391369324563,5.700628453860168,7.075071343162993,0.28696053944927735,9.138340872172051,-1.5500203499034062,1.6230274930446287,2.306144863145694,-5.323577306924969,4.046039398178055,-6.81307462620648,-0.7514961594307222
-2.138719548895651,6.337258900431978,5.571080047355543,-3.8738574059019824,-5.455207994345303,9.363899477454693,-3.57444506073671,-3.586893278737311,-2.0667114297078832,6.628572921217504,-1.3871963218047942,8.050838475627796,-9.665815322180642,-5.9753195111058535,0.10998545286179778,-3.1067588322516047,-2.5539118618896737,4.943674428293674,-2.054051827477974,-13.209807541531413,-2.9608389468751115,6.305299693695319,-8.57384861518186,0.6857853937126461,1.6841413068942148
-0.04634083534927225,-0.5088613307817851,-0.29841271584302675,-3.461708488842878,-5.1518940680067224,-3.2479736386577427,-0.2154273219557069,0.1003482807637438,0.09484178567275636,-0.2913114139624735,0.6207014137204546,2.5695391369324545,-5.9753195111058535,3.8945921487795916,-0.6914215338921874,8.64396929455966,-5.2462156199148495,1.8521168793580451,-0.08636524363454745,7.63825828531078,0.2550487898867273,-4.511254965725869,-3.987295241386701,-0.2656137310176758,-0.013071249220998483
-0.7129924280098201,0.17378632033267571,-3.6258661263222645,-4.6980807725236335,-3.287535740405919,-2.8251382953137196,0.10245659695831999,-0.3592551375987447,-0.290107400808036,0.28835582980119145,5.501811003886905,5.700628453860168,0.10998545286179809,-0.6914215338921881,5.2521962863964315,5.749201307749448,0.9075099262941055,-2.553445301601168,-6.847583849782705,4.1626351593568875,-1.2357440016398806,-1.591768564437615,6.134272291150977,0.2248094485518946,-3.230758725193693
-5.877931229103935,-3.146112851960037,-0.8002131589545923,-5.500614142994914,-13.959043973273506,3.3572946702921076,6.307210246584565,3.9599412570604096,-3.4204485215988636,-6.427981361640066,-14.818281372206398,7.075071343162991,-3.1067588322516047,8.64396929455966,5.749201307749448,-7.855730118786385,-13.173509235712103,11.460681442003029,10.602648936864078,-6.816620872918476,9.787750969633343,3.5420582416372515,1.152653526792997,2.723181635343598,-6.091028865635637
3.0775441503580905,-2.207594721789728,4.631832238093701,2.49707192557534,5.150390346682824,9.375558945493518,-0.9067011587916401,3.3151639221053313,-6.847307791369611,-6.426951806991307,-3.248372782316826,0.28696053944927735,-2.5539118618896737,-5.2462156199148495,0.9075099262941054,-13.173509235712102,-3.8213049256477367,-6.994760480403206,-0.9249569141225145,-8.83287260415704,-0.33211266547493745,5.362356016695001,-4.502215149031884,8.057825775557747,-4.566522496123836
2.1707877682367824,5.650432018451975,-2.6553275938927037,4.4847740246684085,0.6299219813984549,1.174799762425561,1.4491496524951397,1.7463266414039258,1.8956670448892785,-6.405629220312584,13.315019780495623,9.138340872172051,4.943674428293674,1.852116879358044,-2.5534453016011676,11.46068144200303,-6.994760480403206,-12.690603662730302,-5.90001959673844,9.549106549643145,1.0390432538278438,-15.788094792370813,11.195725109546782,0.2827650609451644,-1.2112743708342002
-3.688576917071296,-0.2266497426724392,4.352147943846458,-1.4353352626842688,10.68002774310312,-13.190369864191156,2.288800476588674,1.5592001161967795,-4.889560932955019,-1.3977556145610173,9.883287240460845,-1.5500203499034062,-2.0540518274779744,-0.08636524363454678,-6.847583849782705,10.602648936864078,-0.9249569141225151,-5.90001959673844,-3.5559287569677362,-0.5908511234635746,1.4062854921156143,-11.492492735670155,-5.622210977317713,-4.1071076071879284,-0.288865086640454
5.40230426346444,-0.1261694224492993,9.160291580721829,-4.837718586731613,-8.973922146029329,8.049278952753076,-6.636713202279175,-0.5886674361261002,-4.914795435429434,-0.3398949668840018,-4.625575385170797,1.6230274930446282,-13.209807541531413,7.63825828531078,4.162635159356889,-6.8166208729184765,-8.83287260415704,9.549106549643144,-0.5908511234635752,7.354770185948729,-3.4815078273480493,15.87318308475382,-8.90057944494492,-2.2712273828821727,-2.2684066331951067
0.3647679333114063,-0.1697492147520475,2.9148220163261107,-5.698955735408,-4.020174080775894,1.684405224187074,0.12845980546712266,-0.29261567908158204,0.31216977959220227,-0.07311057754019501,-4.457425736930435,2.3061448631456933,-2.9608389468751106,0.2550487898867262,-1.2357440016398797,9.787750969633343,-0.33211266547493845,1.0390432538278431,1.4062854921156145,-3.4815078273480493,6.158756040304539,6.035829835841289,0.8997282988484154,0.6463164450772699,-0.04509913775708406
4.487612451641253,-8.336446433928105,-3.565862964199571,8.07266574780703,4.421797004834366,2.143416810956196,-8.873826677148836,2.0736787390675344,3.73424266989005,3.7448912042973315,0.4097811903813059,-5.323577306924969,6.30529969369532,-4.511254965725868,-1.5917685644376143,3.5420582416372532,5.362356016695001,-15.788094792370813,-11.492492735670155,15.873183084753817,6.03582983584129,-13.314263003690941,10.85612375709203,7.673701097432908,13.230326063811471
-0.2350688415418456,6.003056135483114,-8.801698063615888,-10.208922125855096,-5.7334623837724585,8.830193288641338,1.279939614294001,1.7850817733900117,3.8800755276127155,-1.0925530992132586,-6.033831632422051,4.0460393981780545,-8.57384861518186,-3.9872952413867004,6.134272291150977,1.1526535267929958,-4.502215149031885,11.195725109546782,-5.622210977317714,-8.900579444944922,0.899728298848415,10.85612375709203,11.480486568053184,0.6550754543654169,-10.432722057622856
-0.40251549311810364,-0.6093112707957303,4.77368045879187,-2.29119638076358,-0.47281787546184306,-1.2191897523823927,0.5825296040702633,-0.7841789191775066,-0.8158723843773477,0.8913538872955112,-7.158224243905298,-6.813074626206479,0.6857853937126461,-0.26561373101767605,0.2248094485518944,2.7231816353435976,8.057825775557747,0.2827650609451644,-4.1071076071879284,-2.2712273828821736,0.6463164450772702,7.673701097432909,0.6550754543654164,4.102039551818844,-3.176239929524668
10.910984632910024,3.2411239508454375,-3.2281490256261742,-8.228138665938989,-4.272902862288301,-3.227993711787208,8.89895197436301,6.104818075480774,4.344001316235559,8.759007971098782,4.121967289362756,-0.7514961594307223,1.6841413068942148,-0.013071249220999448,-3.230758725193694,-6.091028865635637,-4.566522496123836,-1.2112743708342006,-0.2888650866404543,-2.2684066331951067,-0.04509913775708463,13.230326063811471,-10.432722057622856,-3.1762399295246677,-1.1250805178456833
