n
25
c
-8.589959476657885 9.904100469445451 89.15722936507177 101.74462923468955 95.63182464973008 -97.35067695728468 -10.782842324424408 7.2466014909329886 -90.34042532937212 11.85501223741711 -83.24543739926453 -58.40158920819454 -10.98765929625985 -92.13141713782684 -69.82237292197513 1.1805196416500472 -63.72470776219439 58.007686617708636 100.28586350154065 -13.81648604129074 64.6503344199701 1.6297822830491802 -69.11536511299609 -88.9836740169025 26.608643598460016
Q
5.329954388851428,0.2230578611696158,5.589680876756544,-2.2094249287874907,5.578641296986091,0.8014214915274813,-0.28879752915296564,-0.9165843088301331,5.678524850063731,-0.2973717137961054,-5.780305532139508,-1.000849926331199,0.6366451502573665,6.898798104218173,-2.0952353637267094,-0.003618891438947114,-7.610751431436129,3.157938600791146,-5.287413059680425,-0.24818837067405797,8.866638858647233,-0.3673846609705924,7.379863547972511,4.314558253686368,0.004139308090316263
0.22305786116961737,4.206018578568993,-0.2236410278144032,-5.307216839006317,1.805906998035206,-1.756602515946773,0.35379919347207966,-0.12865959808339023,1.7584442816162258,0.2078658596572016,2.3290484539115965,-1.1201341483536305,-0.161777949987697,0.1229875127116945,-8.492187184795942,-0.5345620088703074,2.280652915746241,4.798128836927987,4.029470476761163,0.2991549054584477,-7.179431561975228,-0.001163195748016932,1.3123386744000993,-6.4165070360729555,-0.3636320605261474
5.589680876756544,-0.22364102781440362,8.98141951950376,-0.6761109175315603,-6.789872601047461,0.8799772179724268,-1.5773082485268934,-1.5818231844550548,11.254900568588774,-4.331160159098342,1.1938257809722228,3.3650090884294954,9.531719346265824,0.20515149996498555,8.124289874934373,2.339604926049815,-1.7108742069204042,1.6458658750653121,-8.268202862270275,-5.509698721670386,-5.533310812974278,-4.162502064551589,2.6934331815824297,9.102397044132221,-2.469301993006215
-2.2094249287874894,-5.307216839006317,-0.6761109175315612,5.984802002051155,-6.406596535032204,13.667370021025567,-8.151251489221568,-5.315203602159075,0.9751892548409677,3.651958193409066,0.14171903476178604,-2.3449106298225173,1.989622003300941,0.28298503910729234,8.94502047586939,-2.7062839354747457,9.437545290991865,1.3549297037728052,-10.094884653192256,3.88241438874364,-6.741956720162376,5.580381059409946,8.997487730598081,-2.1719328753104037,-4.26934634176626
5.57864129698609,1.8059069980352054,-6.78987260104746,-6.406596535032205,-5.225881910454514,-1.0344518027685106,0.15567272649000619,6.784019751973869,2.0689175202728167,2.9312178305287753,3.8874645306180167,-7.105914043616494,0.32641832526249925,16.964234560793095,4.999749503279721,5.9931905006738715,6.097646031392305,-2.167986616902578,-5.93759883856413,-1.7747510182237058,0.20601847842311172,3.7846203793784654,8.869788176587795,9.051253739608313,-1.0631216428509056
0.8014214915274814,-1.7566025159467737,0.8799772179724272,13.667370021025569,-1.034451802768511,3.9844088038003607,-3.381038668697678,0.8451220133170407,-2.48381002460348,-4.7452349982836175,-3.8616391957726472,-4.553450994303539,-2.50776685462249,3.2076484629658335,-9.684970476534243,-4.234383249929979,-5.584867671418087,5.655194156593851,-1.7805482159640267,0.863081134595381,9.687474761453807,-1.3075728715046941,-13.742217898716957,-8.369530460572124,5.200234033354146
-0.2887975291529662,0.35379919347208194,-1.577308248526894,-8.151251489221568,0.15567272649000685,-3.381038668697678,3.2210198993766346,0.10837656653909022,9.268360110174646,-0.49006363604019754,0.21665116285077313,3.938066224029754,0.7032781288878664,-4.949539571202629,-2.7309692973152004,0.08862089647972288,0.12437332161636705,3.300733392362043,-4.542798185091041,1.094873908374783,6.304564918944985,-0.5878628180283492,1.6151759362521478,2.6319188355850867,-0.677741874022461
-0.9165843088301331,-0.12865959808339028,-1.5818231844550557,-5.315203602159075,6.78401975197387,0.845122013317041,0.10837656653908945,5.045420027010009,-0.9181549752658011,0.3972368842261863,-4.113802663000746,-5.780230220963469,0.5767416794762981,7.1982816078573135,-4.478390715118799,-0.8037039611445308,3.1329087968400984,-0.037653036935525463,0.6764267553448038,0.04448812999015567,1.1082938765888164,-0.4985985461988178,-1.4636034600089074,-4.629729042125331,0.8037231399151875
5.678524850063733,1.7584442816162251,11.254900568588772,0.9751892548409666,2.0689175202728167,-2.4838100246034815,9.268360110174646,-0.9181549752658008,-4.4638315064654135,2.2362259290049487,-5.000911935982221,-9.179006136923654,9.909586282804577,-5.9880197787377,-1.5123146141738297,0.3948264842293678,-8.233076263902753,7.3382560487637924,0.10938724266443933,8.887174753237113,1.3287155718903967,6.082246615282636,-12.243214423606835,-6.952992769039275,-9.078156045307754
-0.2973717137961054,0.20786585965720147,-4.331160159098341,3.651958193409067,2.9312178305287744,-4.7452349982836175,-0.4900636360401971,0.39723688422618575,2.2362259290049487,5.079280481737074,4.876824112030047,-1.4470161672168642,-1.1673375347154897,4.072488590041884,-8.141853425204735,0.6004056947856027,-5.772347840886951,-6.730218314187469,-3.865053278124026,-0.12858315181190982,-5.3340468396043645,-0.29376286728217893,-4.358473151834144,0.17284734588823714,-0.7239676790691438
-5.780305532139508,2.3290484539115965,1.193825780972223,0.1417190347617865,3.887464530618016,-3.8616391957726464,0.2166511628507728,-4.113802663000746,-5.000911935982221,4.876824112030047,11.198619941660054,-6.954884714708415,-0.8118902740460896,-6.4235118813955285,-6.780984281902495,-6.714153044868461,-4.829467354588245,6.618301045402357,7.215375253612844,-7.453137306046716,9.131966669004276,-1.1906413899249895,-13.424115455703108,-3.652750855151844,-8.386770701714902
-1.0008499263311998,-1.1201341483536322,3.365009088429494,-2.344910629822518,-7.105914043616492,-4.553450994303539,3.938066224029754,-5.780230220963471,-9.179006136923656,-1.4470161672168638,-6.954884714708415,-9.17274443641335,3.722271274195868,-8.058084520084574,-8.579570172117709,-4.83652169622482,-15.650872518934692,10.858994192372288,7.041323879862235,-0.332792089115317,4.3702127935276165,-2.485497202138266,-15.699145528827257,-1.8721520930306672,-10.275053577297843
0.6366451502573669,-0.1617779499876974,9.531719346265824,1.9896220033009397,0.3264183252624995,-2.507766854622489,0.7032781288878664,0.5767416794762986,9.909586282804577,-1.16733753471549,-0.8118902740460894,3.7222712741958683,4.743669882853404,2.5553431046326858,-2.181134877482302,-0.6841405164591526,5.697664271586216,-1.4125620987188765,-3.7928933246649392,-0.0760624109071455,-5.359724838509224,0.4132161161441962,-2.27185748082959,-7.266673968361438,-0.3362261085392631
6.898798104218173,0.12298751271169511,0.20515149996498552,0.28298503910729167,16.964234560793095,3.207648462965833,-4.949539571202628,7.198281607857313,-5.988019778737701,4.072488590041882,-6.4235118813955285,-8.058084520084574,2.555343104632686,0.49542457459150313,-4.319283491905843,-1.342810021922265,-2.9264623902872535,8.57925781189622,3.0470141470607714,-5.312960448951148,-0.2807922429971388,4.3124310807371184,-16.303731224032777,-6.873445780236133,2.184070119642894
-2.0952353637267085,-8.492187184795942,8.124289874934373,8.94502047586939,4.99974950327972,-9.684970476534243,-2.7309692973151978,-4.478390715118799,-1.5123146141738304,-8.141853425204735,-6.780984281902496,-8.57957017211771,-2.1811348774823007,-4.319283491905843,-7.857450732920988,-0.6036709280232504,4.397603089477878,9.725813600910977,-3.8086951709768213,-2.8251689345937465,2.15839564232362,0.35262830978952764,-4.796241190491086,7.395411289324482,7.165732821345868
-0.0036188914389464477,-0.5345620088703082,2.3396049260498146,-2.7062839354747457,5.9931905006738715,-4.234383249929977,0.08862089647972313,-0.8037039611445315,0.3948264842293682,0.6004056947856037,-6.714153044868462,-4.83652169622482,-0.6841405164591525,-1.342810021922265,-0.6036709280232511,4.863735237616138,3.0565890495606007,-5.839375230659673,8.51268933486331,0.8854984316606858,0.7394971119744357,-0.29399235354258324,2.497697977504298,7.158017527364382,-0.8402091786279399
-7.610751431436129,2.2806529157462405,-1.7108742069204046,9.437545290991864,6.097646031392303,-5.584867671418088,0.12437332161636672,3.132908796840098,-8.233076263902754,-5.772347840886951,-4.829467354588245,-15.650872518934692,5.697664271586216,-2.926462390287254,4.397603089477879,3.0565890495606007,12.752759016252483,1.232240901057284,5.497436122805429,0.947499416449249,-0.16910664105524031,-8.653203056459747,-5.069115481721852,-12.22961500561784,-6.805208905142007
3.1579386007911463,4.798128836927987,1.6458658750653117,1.3549297037728039,-2.167986616902577,5.655194156593851,3.3007333923620457,-0.03765303693552402,7.3382560487637924,-6.73021831418747,6.618301045402356,10.858994192372288,-1.4125620987188765,8.579257811896223,9.725813600910977,-5.839375230659673,1.2322409010572823,7.780470811356439,-13.790418171101503,-3.763911510885653,-0.36907718786766,1.2603355279172288,3.5557219808150236,14.466894703542621,-5.784554824553443
-5.287413059680425,4.029470476761165,-8.268202862270277,-10.094884653192253,-5.937598838564128,-1.7805482159640267,-4.54279818509104,0.6764267553448047,0.10938724266444,-3.865053278124025,7.215375253612844,7.041323879862235,-3.7928933246649406,3.047014147060771,-3.8086951709768204,8.512689334863309,5.497436122805427,-13.790418171101503,4.043015032986995,5.735374220967756,-3.473539212285024,5.5956582351713,2.6246436204757435,7.458731787344547,-8.858822286894439
-0.24818837067405974,0.2991549054584477,-5.509698721670385,3.8824143887436406,-1.7747510182237038,0.8630811345953802,1.0948739083747827,0.04448812999015608,8.887174753237115,-0.12858315181191005,-7.453137306046715,-0.3327920891153171,-0.07606241090714527,-5.312960448951148,-2.8251689345937474,0.8854984316606855,0.9474994164492503,-3.763911510885654,5.735374220967756,6.0818786086606185,1.4882483827329118,-0.737330827284785,8.126520831876476,4.91939624339067,0.37827032437701014
8.866638858647233,-7.179431561975229,-5.5333108129742765,-6.741956720162376,0.20601847842311383,9.687474761453805,6.304564918944985,1.1082938765888175,1.3287155718903965,-5.3340468396043645,9.131966669004278,4.370212793527616,-5.359724838509223,-0.2807922429971379,2.1583956423236215,0.7394971119744358,-0.1691066410552402,-0.36907718786766053,-3.4735392122850235,1.4882483827329118,-0.5454249277984919,-2.998194506917509,8.042776585617952,6.941476252004314,-3.036706830527684
-0.36738466097059297,-0.0011631957480169146,-4.162502064551588,5.580381059409946,3.784620379378465,-1.3075728715046946,-0.5878628180283492,-0.49859854619881844,6.082246615282636,-0.2937628672821791,-1.1906413899249901,-2.4854972021382666,0.4132161161441945,4.31243108073712,0.35262830978952686,-0.29399235354258346,-8.653203056459747,1.2603355279172286,5.595658235171299,-0.7373308272847847,-2.9981945069175095,4.365205131833033,2.94408391333435,-1.01368436328303,0.04542716103758082
7.379863547972511,1.3123386744000995,2.6934331815824297,8.997487730598081,8.869788176587795,-13.742217898716957,1.6151759362521463,-1.4636034600089074,-12.243214423606837,-4.358473151834144,-13.424115455703108,-15.699145528827255,-2.27185748082959,-16.303731224032777,-4.796241190491087,2.497697977504299,-5.069115481721852,3.5557219808150227,2.6246436204757444,8.126520831876476,8.042776585617952,2.9440839133343495,3.770525405067377,-3.6251911077895027,-0.4927783139261982
4.314558253686369,-6.4165070360729555,9.102397044132221,-2.1719328753104055,9.051253739608313,-8.369530460572124,2.631918835585087,-4.629729042125331,-6.952992769039277,0.17284734588823658,-3.6527508551518437,-1.8721520930306672,-7.266673968361437,-6.873445780236133,7.395411289324482,7.158017527364381,-12.22961500561784,14.466894703542621,7.458731787344548,4.919396243390669,6.941476252004314,-1.0136843632830286,-3.625191107789503,2.784209872785384,-7.401855358751282
0.0041393080903176505,-0.363632060526147,-2.469301993006215,-4.269346341766259,-1.063121642850906,5.200234033354147,-0.6777418740224606,0.8037231399151878,-9.078156045307752,-0.7239676790691443,-8.386770701714902,-10.275053577297841,-0.3362261085392637,2.184070119642894,7.165732821345868,-0.8402091786279396,-6.805208905142008,-5.784554824553443,-8.858822286894437,0.3782703243770114,-3.0367068305276836,0.045427161037581154,-0.49277831392619875,-7.401855358751282,5.553496297489911
