n
25
c
-1.4676059049529582 90.6698240804932 16.611476138461878 59.769211846647146 72.70913933197431 83.75244850442554 71.18317729278033 83.02389260338863 111.99740663096455 120.27612700588598 -98.74690673630069 94.93340804403397 -90.48496091224924 104.31590850020075 -114.80322029482376 15.036224988823752 -115.21598022293331 -74.94293934180224 102.26913396691569 -110.28267496885978 -71.35091310461904 -9.458928390515855 -8.176610533820053 83.93454478805162 -10.53118820566247
Q
4.68114546537589,3.5511746111558438,-0.7155043245497912,5.407877057457303,-1.7297680779307276,2.138975563249875,6.049085127678421,-4.728354622302624,-5.135384606273883,-4.313968763398432,-1.7744232594945881,1.0539471112757604,3.716060398619841,-9.62094385345053,-6.445410728686523,0.7298214500042474,7.878342798302793,1.8002263259640081,-2.570600904898503,-7.048895537558245,2.0736284401085516,-0.07323067274086525,0.2300611743542087,-2.9939506485240654,0.11066152388253814
3.551174611155843,2.220596104382737,-1.3157608748194238,-5.576201656696811,0.788606627997245,-5.675522581989195,-1.6500758216066824,-1.7277615507314763,-6.259283382798167,-2.349211064546168,6.231143313655202,2.799783806228863,3.1814679626208253,-3.1479179683389993,5.9496052091862754,-6.374378508962186,8.726642571763405,2.951746573488752,-10.105290994178857,4.219537237592888,2.7689990693451705,-0.8283414610315422,7.950138269783149,0.030815288924625373,-0.5368909260193214
-0.7155043245497914,-1.3157608748194225,5.071646314841228,-0.9468032968911158,6.629820842811623,-0.42062195416196324,3.489097954416981,-1.2033289489727714,-5.601054849413333,4.506009803283178,5.349030239815487,2.2658263384565753,-7.146257214746282,2.5496486146072965,-3.066233891514996,0.9275697888683512,-6.942173180275712,-7.011437009817545,-3.883873092487915,-3.3413585029984634,3.7322460864324603,0.7798196469320249,0.5270173896414407,-9.060647873690554,0.18653658755544056
5.407877057457303,-5.576201656696812,-0.946803296891115,11.912885212809314,-5.948812715353311,-10.151985497711133,6.567713327486476,1.8634841425532818,2.7650404974435085,-3.8087252104186815,4.485079425851923,-9.48576905564612,3.5097723009673842,-14.02829834617315,-2.7496288385901932,0.8206076692791108,12.10304642527461,6.10316858944699,-3.1364649451407853,11.916516662620937,11.600772886803176,-4.048801053536294,-1.56481792345771,-1.4488041312608662,-3.060085339696455
-1.729768077930729,0.7886066279972453,6.62982084281162,-5.948812715353312,9.030854962192919,-3.6159230239402684,-1.5468635107921074,-4.825238428243154,-8.473335601651344,1.0721250575567822,9.85301996446462,-2.6146603017934593,12.15847200432612,-1.4665393762385013,7.885439449314852,6.213641387120617,-1.1731973278627035,5.140823532393465,-1.2515801993761941,9.350830606817397,6.991933764573274,0.5703483886152015,-3.355651219704322,-2.555426601080528,1.988789413706658
2.138975563249875,-5.675522581989195,-0.4206219541619637,-10.151985497711134,-3.6159230239402653,-6.559164364658059,-0.7483402921963336,-1.0743408276012596,-6.0882369860897505,-1.1614435720623661,10.03234856211652,-4.682666321471464,5.653192863733951,-9.491740005884422,-0.07566945786431445,-4.367476083745653,5.855724836528224,-2.035776117180463,-10.849970724471307,18.535606547455938,-1.58228149274012,4.271988942148568,-6.687483945404119,-7.225524150620641,4.767402439847671
6.049085127678421,-1.6500758216066824,3.4890979544169802,6.5677133274864765,-1.5468635107921078,-0.7483402921963345,-10.580413545724582,-1.9785834833415183,-6.005556870061243,-7.8359006003128675,2.4244634782059173,-13.63309511025847,7.9275683973464615,3.5296285283669198,12.533835938184387,0.7457363528290478,2.534558043905873,7.093780330846727,-5.434131404051738,9.398643818814728,-0.4002115364024954,-4.959638044697155,2.555421696159945,-3.032651409271437,-2.2100671020651386
-4.728354622302624,-1.7277615507314756,-1.2033289489727719,1.8634841425532844,-4.8252384282431535,-1.0743408276012598,-1.9785834833415181,-12.230735279364605,-6.466041356323154,-9.035687210063438,2.7756914027579023,-1.7614360194617888,16.56652192121751,-2.4661237782205285,11.27629611912324,-5.671294471194415,4.595889982803481,-5.081830567304055,-4.5609988064729095,12.871116669325229,6.29658442736328,-2.985855612880733,0.051368103691410205,5.697775593562948,-4.89628828415792
-5.135384606273884,-6.259283382798167,-5.601054849413334,2.765040497443508,-8.473335601651344,-6.088236986089751,-6.005556870061243,-6.466041356323155,-6.211407873412646,-9.146484794385863,1.7487531269024759,-7.6469022724129525,0.9978866265051636,-13.875982950537963,18.45709735018834,3.7297252778601258,4.196686473922749,9.875175287617443,-9.406457438099405,4.510062333565307,-2.997699273661799,-5.695859767096956,-6.777132435101505,1.7701828200491059,0.057806020743814024
-4.313968763398432,-2.349211064546167,4.506009803283179,-3.8087252104186833,1.0721250575567831,-1.1614435720623675,-7.8359006003128675,-9.035687210063436,-9.146484794385863,-7.617941296766309,-3.785191663256685,-2.276114820287185,9.684765591936458,0.12496749073665736,0.5258975765356472,-4.037984137067156,8.612422538561065,1.732328100832574,-11.390168136846139,4.438008333869707,4.545054099460563,-5.920598221921624,1.2593302535089612,-0.05965348850503338,-3.3212051693777136
-1.7744232594945877,6.231143313655201,5.3490302398154865,4.485079425851924,9.85301996446462,10.03234856211652,2.4244634782059165,2.775691402757902,1.7487531269024763,-3.785191663256684,5.254921331330145,-0.8965622769865089,-8.226805034837492,9.517326460920248,-9.345241970562745,-3.139727800000842,-9.02221342364534,-6.752648316174733,2.1517773734944963,-2.9009472720410145,-13.544751560539328,-3.9365798601641786,-1.2004484194112932,-8.09445247013193,5.951554724938017
1.0539471112757615,2.799783806228864,2.265826338456575,-9.485769055646118,-2.614660301793463,-4.682666321471463,-13.63309511025847,-1.7614360194617893,-7.646902272412953,-2.2761148202871855,-0.8965622769865094,7.176286962924108,6.449789555608826,-4.728699314721673,0.9927491938163626,-1.504852449843426,6.017046993658861,9.680416887793083,-8.248352348545328,6.381850726880886,-0.9502965144880875,3.1202970710900706,3.1518001957816635,1.5337889434906495,-1.952051631729512
3.716060398619839,3.181467962620825,-7.146257214746283,3.509772300967385,12.158472004326121,5.653192863733951,7.927568397346462,16.56652192121751,0.9978866265051636,9.684765591936456,-8.22680503483749,6.449789555608826,-0.4624356576950692,2.5163783191243407,-4.542329775171494,-6.174085613296827,4.172594649787109,-6.491248797754079,7.96757507252529,0.02110836914170211,-8.117595232398212,4.425879226974897,7.570099548992572,4.242810761099081,3.0864296240401083
-9.620943853450528,-3.1479179683389993,2.549648614607296,-14.02829834617315,-1.4665393762385006,-9.491740005884424,3.5296285283669215,-2.4661237782205285,-13.875982950537963,0.12496749073665758,9.51732646092025,-4.728699314721673,2.516378319124341,-8.19943094283073,1.9273823453709853,-1.389324224224711,4.050851955155471,7.53367217864139,-5.097455716789147,0.23871164535160927,15.879449743420633,3.082857155992868,2.435565522312742,-1.0736705221585554,-5.154627757920295
-6.445410728686523,5.9496052091862754,-3.0662338915149956,-2.749628838590195,7.885439449314854,-0.07566945786431467,12.533835938184387,11.27629611912324,18.45709735018834,0.5258975765356468,-9.345241970562743,0.9927491938163626,-4.542329775171493,1.9273823453709857,8.199870507833076,4.5966815896540565,-7.472841271142304,-9.96697166835864,6.313830813399933,-12.360676478299348,-5.671923362580512,3.2130467582754703,-1.470504663590623,16.973288629070133,-2.0003787074918584
0.7298214500042461,-6.374378508962187,0.92756978886835,0.8206076692791111,6.213641387120617,-4.367476083745654,0.7457363528290483,-5.671294471194415,3.7297252778601253,-4.0379841370671565,-3.139727800000843,-1.5048524498434246,-6.174085613296828,-1.389324224224711,4.5966815896540565,5.6764602422335475,-2.095827468844175,-1.8026724614936531,4.398558344942591,-0.9010697209988783,-4.8231851524886205,-0.15778652987203828,-1.2492388969036792,0.2895609147624634,-0.36132640722676324
7.878342798302794,8.726642571763405,-6.942173180275712,12.10304642527461,-1.1731973278627041,5.855724836528224,2.5345580439058724,4.595889982803481,4.196686473922749,8.612422538561065,-9.022213423645338,6.017046993658859,4.172594649787109,4.050851955155471,-7.472841271142304,-2.095827468844176,-5.412422302712995,-3.7691372730809025,2.108096384325078,7.122456007659651,-8.189901227993126,0.12265052326312365,5.382613186584836,7.674059388967921,3.788350849259299
1.8002263259640083,2.9517465734887525,-7.011437009817545,6.10316858944699,5.140823532393465,-2.035776117180464,7.093780330846727,-5.0818305673040545,9.875175287617445,1.7323281008325735,-6.752648316174733,9.680416887793083,-6.4912487977540785,7.533672178641389,-9.966971668358639,-1.8026724614936538,-3.769137273080903,-8.784223572114449,11.063307308034263,1.01564441008468,-11.766517384658183,1.425037067110396,-1.7436264916426272,8.75142471238537,-2.4696222935060947
-2.5706009048985026,-10.105290994178857,-3.883873092487915,-3.1364649451407858,-1.2515801993761952,-10.849970724471307,-5.434131404051738,-4.5609988064729095,-9.406457438099405,-11.390168136846139,2.1517773734944967,-8.248352348545328,7.967575072525291,-5.097455716789148,6.313830813399933,4.398558344942591,2.1080963843250777,11.063307308034263,1.244836246693425,0.39051014196579437,8.61794939673974,1.9227263895593896,-5.417137925504437,5.692534044738764,-0.36255776365371883
-7.048895537558244,4.219537237592888,-3.341358502998464,11.91651666262094,9.350830606817397,18.535606547455938,9.398643818814728,12.871116669325227,4.510062333565308,4.438008333869708,-2.900947272041015,6.381850726880886,0.021108369141701888,0.2387116453516096,-12.36067647829935,-0.9010697209988779,7.12245600765965,1.0156444100846806,0.39051014196579437,3.180656806119268,-5.258702829873104,3.1823059732595205,-5.037050826637581,6.112214254592191,0.8852392378118921
2.073628440108551,2.7689990693451714,3.7322460864324603,11.600772886803176,6.991933764573274,-1.5822814927401199,-0.4002115364024941,6.296584427363279,-2.997699273661799,4.545054099460563,-13.544751560539327,-0.9502965144880875,-8.117595232398212,15.879449743420633,-5.671923362580512,-4.82318515248862,-8.189901227993126,-11.766517384658183,8.61794939673974,-5.258702829873105,-4.233292952947572,-1.3914658565381945,0.16000923727337124,2.986311114856085,-2.019885326851063
-0.07323067274086364,-0.8283414610315422,0.7798196469320251,-4.048801053536293,0.5703483886152023,4.271988942148568,-4.959638044697156,-2.9858556128807328,-5.695859767096955,-5.920598221921625,-3.936579860164179,3.12029707109007,4.425879226974897,3.082857155992868,3.2130467582754694,-0.15778652987203812,0.12265052326312342,1.4250370671103976,1.9227263895593898,3.1823059732595205,-1.3914658565381943,4.577128347981614,-0.1052678552598012,-4.206800537210172,0.041693697093743154
0.23006117435420964,7.9501382697831495,0.5270173896414411,-1.56481792345771,-3.3556512197043227,-6.687483945404119,2.5554216961599447,0.05136810369141109,-6.777132435101504,1.259330253508961,-1.2004484194112939,3.151800195781662,7.570099548992573,2.435565522312742,-1.4705046635906234,-1.2492388969036783,5.382613186584836,-1.7436264916426274,-5.417137925504437,-5.03705082663758,0.16000923727337157,-0.10526785525979943,4.951777313982804,0.7263223431839378,0.05523320433872819
-2.993950648524064,0.03081528892462604,-9.060647873690554,-1.4488041312608657,-2.555426601080528,-7.225524150620641,-3.0326514092714363,5.697775593562948,1.770182820049106,-0.05965348850503305,-8.09445247013193,1.5337889434906502,4.242810761099082,-1.073670522158557,16.97328862907013,0.28956091476246304,7.674059388967922,8.75142471238537,5.692534044738764,6.11221425459219,2.9863111148560857,-4.206800537210172,0.7263223431839387,-3.1728004901514546,5.1079576317866975
0.11066152388253847,-0.5368909260193206,0.18653658755544034,-3.0600853396964545,1.988789413706658,4.767402439847671,-2.210067102065138,-4.8962882841579205,0.05780602074381391,-3.3212051693777127,5.951554724938018,-1.9520516317295118,3.086429624040109,-5.154627757920296,-2.0003787074918593,-0.36132640722676257,3.7883508492592988,-2.469622293506094,-0.3625577636537196,0.8852392378118922,-2.0198853268510635,0.04169369709374271,0.05523320433872847,5.1079576317866975,3.2852024596783957
