n
25
c
-7.689852508158792 -34.53022443020392 -41.35185158520076 -53.02153655169888 49.363083460611406 79.18770545465306 16.549131753447828 -60.57359172493388 -40.04937114498364 39.71072994176685 51.890088092380054 -71.63665409328588 -51.15518503887835 36.56986969091649 -71.30120608327971 -44.38100205404425 -72.02494475430078 -67.30077850509036 -52.748459912590945 -18.467883815293877 -40.1772012413255 -64.40666995237791 -2.5312302531582915 -77.95668343397413 19.70746185183912
Q
4.972518548292399,-10.095943384164789,-6.1227678330325315,0.48452398282598486,-0.3228787217182108,6.752555130016121,-0.5770730666574,8.197105308307203,3.0265699745713737,-8.453845840962703,3.6515121615897725,0.19454206460903567,1.1438017863551333,-1.7384225098899635,-5.036129663441741,-0.206275469297737,6.025698687605385,4.946529502250778,-2.932954493966308,-0.12088389129099575,1.0193493456894498,5.649894530786086,0.19969302510242287,-0.5023774656642293,0.785185533756588
-10.095943384164787,4.7388963063257465,-2.735100607941657,-5.8874203510097125,-1.3035605781458712,4.491734570131255,-5.931630655006874,-1.9484354516281939,1.1576827006263946,16.954830218296227,6.070443387445219,-3.3153902404325324,-10.597634727887703,6.020509484353383,-6.448115973379965,-7.814286358439609,-11.002015360439465,-7.91965763430256,-5.151185153437712,4.964470984131712,-4.939903053381295,-1.1154115443707446,0.27690944162801157,-3.444630393550834,-2.912616537169789
-6.1227678330325315,-2.735100607941658,4.57605770177655,-5.792982846534569,6.371304009301568,2.9679450234021356,-3.0965160590866105,-16.51284313818616,-11.909884944323121,9.682019811198833,6.2664995441282505,-2.027901156223658,-7.848764179548725,0.6614034098444048,-4.370914306817248,-10.864926352761845,-4.237504062440067,-0.5097299705210978,-13.47590197209974,4.568848038828866,-5.984104396942401,-7.539966823166778,0.5671274316886419,-14.99491092994591,-2.5622875115010935
0.48452398282598375,-5.887420351009711,-5.79298284653457,5.37240624061677,8.499240768777872,9.6731718915839,-0.311374844312689,3.5539529480843375,-5.539651336923563,7.601137719178691,-2.0840475587430367,-13.026973951004052,-1.781033046681036,0.6055082752108114,-9.428147584870482,-8.140528147087059,-5.285769059142857,-8.827708711759886,-3.344975847351235,-4.425264816559579,-2.9180916769163376,-4.167133925075543,-0.8369487348250331,-2.108386850379343,1.9647663040935623
-0.32287872171820997,-1.3035605781458706,6.371304009301568,8.49924076877787,-6.8688861851656,-8.812198109008678,3.5419513830983798,-4.090405282606458,-3.0713933253056656,0.35179684728119165,-9.047724889676164,7.652252937180612,5.509473170708026,1.241326262818399,7.939853361133976,8.137664238841927,9.064025262655944,10.926289636238327,1.0227288941747137,2.4193676510255844,10.20294143390278,5.770562537339101,0.7471652503785069,8.378773287507334,0.6008022263523944
6.75255513001612,4.491734570131255,2.9679450234021356,9.673171891583902,-8.812198109008678,8.8194854738653,-1.639762283803183,0.3752816849338314,12.877258622121019,-13.637832600320566,-2.9051279206521525,2.998488738569104,7.989344961166643,0.7701205900111807,-3.346876102078868,4.615858601681126,13.77392943005233,-2.2276603922276967,0.8428218615428749,2.1346489751418813,-1.8789120729001105,-1.82694236823147,1.9422113001430874,-0.13704170950519634,2.9390382247447713
-0.5770730666573998,-5.931630655006874,-3.0965160590866105,-0.31137484431268936,3.5419513830983793,-1.6397622838031833,5.718865697266051,-3.964307559625566,5.811845033965563,-5.286112787829439,-0.9684852609456349,4.482742675719656,-5.21144833272346,2.3989315312615913,-5.887635011869604,-2.01621219060413,0.8651116339136038,5.295687887380761,-0.4499518983581412,-0.3405692749848688,1.716315518205335,-3.7685990559045814,0.657634588298839,-5.951479971519609,0.642028729753381
8.197105308307203,-1.9484354516281939,-16.51284313818616,3.5539529480843375,-4.090405282606457,0.37528168493382985,-3.9643075596255666,2.748630620219787,-6.970400455548342,1.1607719611408214,4.741637966980058,-7.419101426388882,-9.186537853372942,14.758957962304843,-3.25639367112219,0.6392396193830846,0.3363347593027538,2.9584709838954124,-18.80191594143124,5.319921689430861,-7.878833770158122,-9.581604578825274,2.5592228344377626,-3.7948126367133708,-0.7317366531995323
3.026569974571375,1.1576827006263952,-11.909884944323121,-5.539651336923562,-3.0713933253056656,12.877258622121019,5.811845033965562,-6.970400455548342,-8.7220294846258,6.6686317782499644,-1.0316117946801824,-4.8651584692963326,-0.5155624302575201,-0.5960998306974786,-5.41275670724072,-5.018641322437152,-6.446797268466,-6.897007953746775,-1.3333238990129201,-7.1208112888266415,-8.656521471694452,-7.390225869197487,-1.0754149053126734,5.361048527133169,-5.38550304626042
-8.453845840962703,16.954830218296227,9.682019811198835,7.601137719178691,0.3517968472811912,-13.637832600320566,-5.28611278782944,1.160771961140821,6.668631778249964,-3.924941439304419,0.7560580079425387,1.1988580265895319,7.386123893109027,-10.41905016359129,10.23619378087396,1.8208870289586225,9.163959543347671,9.989879536146901,-0.0037419250597510723,3.378217359134991,7.479724019855079,3.764170563881854,-3.1331708996493064,5.4738804880438705,1.5996699156121985
3.651512161589772,6.070443387445219,6.26649954412825,-2.084047558743035,-9.047724889676164,-2.905127920652152,-0.9684852609456349,4.741637966980058,-1.0316117946801842,0.7560580079425385,-0.7668853862515475,8.835451488519114,-2.237849206992925,-0.4576882118257885,6.190567816424168,1.292853019698747,3.855238942854955,6.928882740067815,8.22621731161924,-5.356412318686605,8.717845011442499,-1.7285437970139466,7.29671477531898,4.0651820902191576,1.0675491146991685
0.19454206460903714,-3.315390240432532,-2.027901156223658,-13.026973951004052,7.652252937180614,2.998488738569103,4.482742675719656,-7.419101426388882,-4.8651584692963326,1.1988580265895314,8.835451488519112,11.49079844075639,-1.1676352008232203,4.276806299632417,-4.60020619776079,-10.620728947328422,3.7159462804927514,-10.129645523798914,-13.588608782709324,-4.927542105971316,1.8468011694528736,-2.630318351868934,1.5704155825696517,-5.533620045565412,3.571891724123939
1.1438017863551326,-10.597634727887703,-7.848764179548724,-1.7810330466810356,5.509473170708026,7.989344961166643,-5.211448332723458,-9.186537853372943,-0.5155624302575195,7.386123893109027,-2.2378492069929266,-1.16763520082322,10.033406990029967,14.500626533291166,-6.465515548615911,-4.716444046748054,-1.5569601709386927,0.2345362757160222,-1.5134583417399083,-4.057282642055103,-10.712092934933793,-4.663716129725384,-2.2476513834762595,4.320418554463218,-5.164582061982044
-1.7384225098899628,6.020509484353384,0.6614034098444043,0.6055082752108114,1.241326262818399,0.7701205900111812,2.398931531261592,14.758957962304843,-0.5960998306974781,-10.41905016359129,-0.45768821182578867,4.276806299632418,14.500626533291165,-7.01798787295257,-5.479548789113705,9.434501948948627,9.342304530092816,9.707056802620833,4.444656879122709,0.41111116946963766,16.231324107607335,13.292190205771547,8.948106164806047,-1.3460282568969908,2.2597591683802185
-5.036129663441741,-6.448115973379965,-4.370914306817248,-9.428147584870484,7.939853361133976,-3.346876102078868,-5.8876350118696035,-3.25639367112219,-5.41275670724072,10.236193780873961,6.19056781642417,-4.600206197760792,-6.465515548615912,-5.479548789113707,8.50758989154366,-6.26081627323516,-1.696245589767459,-12.496653931122363,-3.6533331359423915,-3.610650414405303,-2.9883744435340596,7.522212506482665,1.730453978172282,-9.476060287235459,-3.304859690590468
-0.2062754692977366,-7.814286358439609,-10.864926352761845,-8.140528147087059,8.137664238841927,4.615858601681126,-2.0162121906041297,0.6392396193830846,-5.018641322437151,1.8208870289586225,1.2928530196987473,-10.620728947328422,-4.716444046748055,9.434501948948627,-6.260816273235159,-11.929842814229273,3.415266215797905,-5.3219246370430575,-8.122913493353957,5.828763802146302,-0.43987551237031863,2.1586327887198355,-3.935218324834558,-3.686806486577435,-6.192031227401181
6.025698687605384,-11.002015360439465,-4.237504062440067,-5.285769059142856,9.064025262655946,13.77392943005233,0.8651116339136037,0.3363347593027537,-6.446797268466,9.16395954334767,3.855238942854956,3.7159462804927528,-1.5569601709386924,9.342304530092818,-1.6962455897674584,3.4152662157979035,6.54970256725878,-3.4163556838219016,1.785519418452953,3.094639173055302,-7.221045797361541,-5.116377555099282,-0.9661232048072064,7.000300992430524,-0.8028288364297049
4.946529502250777,-7.919657634302561,-0.5097299705210981,-8.827708711759886,10.926289636238325,-2.2276603922276967,5.29568788738076,2.9584709838954115,-6.897007953746775,9.989879536146901,6.928882740067815,-10.129645523798914,0.23453627571602187,9.707056802620832,-12.496653931122363,-5.321924637043061,-3.4163556838219016,-10.281224609921571,-6.219993051474161,9.865597369509434,-14.32877597235147,3.809674659298496,0.3898816463678525,-16.100569817238434,-5.165455832799432
-2.9329544939663093,-5.1511851534377096,-13.475901972099741,-3.3449758473512357,1.0227288941747124,0.8428218615428751,-0.44995189835814187,-18.80191594143124,-1.3333238990129195,-0.003741925059751572,8.226217311619243,-13.588608782709324,-1.5134583417399075,4.444656879122709,-3.653333135942392,-8.122913493353959,1.7855194184529524,-6.219993051474161,1.3871523045078815,2.2106102782153014,0.5623054958243268,-0.10968458641412449,4.899906749938549,-11.10457917100616,-5.616162069921371
-0.1208838912909942,4.964470984131711,4.5688480388288655,-4.425264816559579,2.4193676510255844,2.134648975141882,-0.34056927498486844,5.319921689430862,-7.120811288826642,3.3782173591349904,-5.356412318686605,-4.927542105971317,-4.057282642055104,0.411111169469637,-3.6106504144053035,5.828763802146301,3.0946391730553016,9.865597369509434,2.2106102782153014,3.728008100648853,-5.563990057473756,0.40762065459541064,-0.5047681570518576,9.613802973585653,0.22955879330811438
1.0193493456894498,-4.939903053381294,-5.984104396942403,-2.9180916769163376,10.20294143390278,-1.87891207290011,1.7163155182053342,-7.8788337701581215,-8.65652147169445,7.47972401985508,8.717845011442499,1.846801169452874,-10.712092934933793,16.231324107607335,-2.9883744435340582,-0.4398755123703183,-7.221045797361541,-14.32877597235147,0.5623054958243268,-5.563990057473756,-6.265134689008285,-17.95378784381615,-9.039993434472368,3.628531005680906,9.965656856638157
5.649894530786087,-1.1154115443707442,-7.539966823166779,-4.167133925075544,5.7705625373391,-1.82694236823147,-3.7685990559045814,-9.581604578825276,-7.390225869197487,3.7641705638818532,-1.7285437970139457,-2.630318351868935,-4.663716129725383,13.292190205771547,7.522212506482665,2.158632788719835,-5.116377555099282,3.8096746592984965,-0.10968458641412449,0.4076206545954095,-17.95378784381615,-10.7155397106149,8.817339443614726,-12.09218031685355,1.8004279779823475
0.19969302510242226,0.2769094416280111,0.5671274316886423,-0.8369487348250328,0.7471652503785076,1.9422113001430878,0.657634588298838,2.5592228344377608,-1.0754149053126743,-3.133170899649307,7.29671477531898,1.5704155825696517,-2.24765138347626,8.948106164806045,1.7304539781722805,-3.935218324834558,-0.9661232048072076,0.38988164636785144,4.89990674993855,-0.5047681570518576,-9.039993434472368,8.817339443614728,4.441874285786441,-4.109171717646967,-0.3396481271869429
-0.502377465664231,-3.444630393550834,-14.994910929945911,-2.1083868503793433,8.378773287507336,-0.13704170950519745,-5.9514799715196105,-3.794812636713371,5.3610485271331685,5.47388048804387,4.065182090219157,-5.533620045565411,4.320418554463217,-1.3460282568969917,-9.476060287235459,-3.686806486577436,7.000300992430523,-16.100569817238434,-11.10457917100616,9.613802973585653,3.6285310056809066,-12.09218031685355,-4.109171717646967,-0.9765092936935487,-2.0554950697264083
0.7851855337565892,-2.912616537169789,-2.5622875115010926,1.9647663040935628,0.6008022263523947,2.939038224744771,0.6420287297533809,-0.7317366531995337,-5.385503046260419,1.599669915612198,1.067549114699169,3.5718917241239407,-5.164582061982045,2.2597591683802185,-3.3048596905904675,-6.192031227401181,-0.8028288364297045,-5.165455832799433,-5.61616206992137,0.2295587933081143,9.965656856638157,1.8004279779823478,-0.3396481271869422,-2.055495069726408,4.383588316872935
