n
25
c
-76.6442644917924 -4.736125438797086 -22.267638176592627 99.9960458192398 0.88718120836571 63.766830348168185 -107.61315311689464 -90.2508842716817 3.3157129173536815 19.042256394844692 -75.21185878207409 -32.90051240583712 83.81650437043945 52.89662130481555 -105.69528514056374 66.58921859623139 86.24147166594443 -100.90388419723874 -97.64870874518033 7.927545373378422 -1.606328389910375 103.53851229061071 -113.31258846783882 -15.783912048015203 7.051413859111209
Q
-8.768367260141842,-6.183316540113904,6.873145537488022,5.1629106794174335,-1.865044992258046,2.0564277348903013,-2.789768114028643,-6.976197793076939,-8.39463318910617,-0.6174254559085963,0.6472145554031978,-9.808782081679793,2.997041685623931,0.21824196274373164,-10.908681032454353,2.0125205983538703,11.716460715035002,2.678633095052524,-5.675536834113299,-2.5682242308679757,0.20173549676079805,8.500050335684529,0.3968315993101866,4.606664541177705,-0.18928652572893143
-6.183316540113904,4.699437548646643,-0.24812493039141792,-1.2726564622960916,0.11128094089257812,3.529079694825002,-3.29666084134723,9.29405852228931,-0.6020086916385394,0.1993330770577707,-7.141401133884499,0.7338363203676366,-0.0978969136366672,-2.422744786200574,-1.0203560399758287,-5.015917349975673,4.203170654682187,10.421480739965137,0.09428554537282419,0.16078381644173265,-0.6932869139599758,3.1382356729032588,2.000523475315977,-0.354716955024185,-1.5123344799945384
6.873145537488023,-0.2481249303914176,5.1130899859038115,-2.576149250838877,-0.06450595137350934,-0.18027725156115348,4.1984656449835125,-4.0132596546467685,0.31166129777101803,0.8289406325400767,-1.9649857375437598,-0.5464172427527689,-1.877353075958495,6.699998152355279,0.8756323681099285,4.332741000924699,2.4962231938539787,8.676453399990228,4.792585794759568,0.08222300111067049,-1.5938734869601743,8.709230618043193,1.1585366436431446,-0.030747336425041794,0.20294557308596067
5.1629106794174335,-1.2726564622960923,-2.576149250838878,1.8626745922534855,2.43065826003797,-9.55491092032737,7.623216140845013,1.238223076402003,-1.0644110513644303,-7.751106488033745,0.04073068484262743,7.815224737639758,-1.9577409551105789,-8.044544104297557,-7.112523386779916,-2.608478111336864,-9.569276664607903,-2.1828259724831636,11.595924724538543,0.5933619631706042,1.1391692323117555,-4.172785673464667,0.5648527036029417,-3.2605892156076415,1.2910691374759302
-1.8650449922580472,0.11128094089257907,-0.06450595137351223,2.430658260037971,4.138842009833926,3.9303506693320838,-1.4626031690244936,-2.6918066131678735,-0.9222636256557355,0.570162862622217,-5.162401309092873,-5.35898024911398,1.1201971540520805,4.1743337217806324,0.9100227642604097,7.34275874198231,1.7303565056186072,0.46544249891309986,8.838818009859523,-0.9488719993454273,-0.43981219007843,-6.632453825155333,5.731406393788631,-0.6581711197879472,-0.3433473015478014
2.056427734890301,3.529079694825003,-0.18027725156115437,-9.55491092032737,3.930350669332082,1.7648527554906703,10.918323473434373,5.665219104543997,2.880969530248488,9.45480322631389,-1.4829666464768088,7.218981221448411,-5.141746915120785,5.659735933118132,6.667090716480537,-5.105600339256618,-5.201652352539416,-3.241120542317524,9.421814638940024,1.251882470147903,2.5826462675595447,-9.08586894790019,-1.1482306424184123,3.1246782600478324,-5.93796588662552
-2.7897681140286448,-3.29666084134723,4.1984656449835125,7.623216140845012,-1.4626031690244936,10.918323473434372,13.207646671501369,-12.557575833592365,-3.808742398210452,-3.224636614018341,-11.83514975667009,-3.7886713623704145,8.02981846746526,6.6913977355791445,-10.98754652595371,2.5804079151838186,10.34582068698488,-6.161964678091946,-9.558044837823994,2.792061692205044,2.268111956853318,5.7291263628210745,-0.19492111880656537,-2.8400195164122586,0.9071416016529918
-6.976197793076939,9.294058522289308,-4.0132596546467685,1.2382230764020026,-2.691806613167875,5.665219104543995,-12.557575833592367,0.40396520340621134,-7.983274971942867,5.489662515783213,-11.197086956900824,-12.257165295871776,3.6491425631423957,8.852699084233752,3.3720840492725443,0.00031472366728396706,-2.2321833675097373,-5.471674175295148,-5.1496767809905055,-3.218500967511246,-2.427374472551883,1.257896094451179,-0.3801638705212435,-4.181335611917723,-1.9505980924590247
-8.39463318910617,-0.602008691638539,0.3116612977710176,-1.0644110513644298,-0.922263625655735,2.8809695302484877,-3.8087423982104522,-7.983274971942866,4.477323965865487,0.07580545812025691,5.087088641780597,-2.663412770726594,-0.41265697636244814,4.824167000555157,8.531177103044847,-2.8292614021056393,1.3765329394337695,-7.528016547948949,7.6171455465258875,1.3725652735509537,-0.2938521394353153,2.73387383660909,4.176138299425718,-1.5893418773173558,0.016106834921310487
-0.6174254559085984,0.19933307705777106,0.8289406325400769,-7.751106488033743,0.570162862622217,9.45480322631389,-3.224636614018341,5.489662515783213,0.07580545812025741,4.7291921945393245,-6.592890150173694,-1.5658151922647154,5.972370908294763,-3.3648566321781854,2.4410361782726424,-6.865445026821751,-5.593074726888126,-6.296690929639148,-6.089037494703723,0.19808402610273923,1.01325968293982,1.0187353438804478,-7.068344315270502,0.23797516626426168,-0.5310704324051376
0.6472145554031994,-7.141401133884499,-1.9649857375437596,0.040730684842628095,-5.162401309092873,-1.4829666464768096,-11.83514975667009,-11.197086956900826,5.087088641780597,-6.592890150173693,4.024213474910361,-6.3752640712146125,5.286979421728038,11.586787074407196,-6.25596626900178,1.9616710822255965,2.5633808988195868,-5.596524451281268,-5.304795183029644,1.0517079648462735,-4.541843234182591,-6.258346068041702,-4.410468721508834,-0.4435995774759611,-3.373554371333821
-9.808782081679794,0.7338363203676364,-0.5464172427527687,7.81522473763976,-5.358980249113981,7.21898122144841,-3.7886713623704145,-12.257165295871776,-2.6634127707265938,-1.5658151922647157,-6.3752640712146125,-2.180661161043264,2.081007355854229,10.269909261968941,2.7278103191872356,11.442900089272676,4.906454041536825,-8.084888218035358,-10.881257039253232,-4.570521316241535,5.282606880795106,4.5076589699305565,-11.73610569254539,0.5878696382671342,-6.251835815673379
2.997041685623932,-0.0978969136366672,-1.8773530759584942,-1.9577409551105776,1.1201971540520805,-5.141746915120785,8.029818467465262,3.6491425631423957,-0.41265697636244725,5.972370908294761,5.28697942172804,2.0810073558542284,-5.592235134272242,3.1990626455887545,14.368652695312315,-6.318938713243961,-5.22396398686905,6.3162185413427965,-0.28807980779926745,3.2411070988191297,-5.563959599253199,-8.138337824037864,7.930441952732655,9.831223042703247,-2.681893193197984
0.21824196274373153,-2.4227447862005747,6.699998152355279,-8.044544104297557,4.1743337217806324,5.659735933118132,6.691397735579144,8.85269908423375,4.824167000555157,-3.3648566321781836,11.586787074407196,10.269909261968941,3.1990626455887545,10.321558880041348,2.8877113205317664,-6.814209743060671,-8.55902565435532,8.599496639939028,6.197141533840245,0.531404017601727,-4.291263687536403,0.18984582675771478,4.083573715471391,-1.9741170396532077,-6.0293888487811005
-10.908681032454355,-1.0203560399758287,0.8756323681099281,-7.112523386779916,0.9100227642604102,6.667090716480538,-10.98754652595371,3.372084049272544,8.531177103044849,2.4410361782726424,-6.255966269001782,2.7278103191872356,14.368652695312315,2.887711320531766,-1.168960759726776,11.66179183354607,1.7527827535613407,-7.527382827053174,-14.439257064233516,7.6052626436859505,3.2087611673266125,1.093154253770706,-4.502475936551245,1.365478430193257,0.08434140621582631
2.012520598353869,-5.015917349975673,4.332741000924697,-2.608478111336864,7.34275874198231,-5.105600339256618,2.5804079151838186,0.0003147236672840087,-2.82926140210564,-6.865445026821751,1.9616710822255965,11.442900089272678,-6.318938713243963,-6.814209743060671,11.661791833546069,-1.5686123521666246,4.951706164832852,9.160636410070007,3.748823251746031,6.890513448386501,6.313002290570791,-15.316862738792357,6.506868269186626,4.962775124719176,3.392746011719113
11.716460715035,4.203170654682186,2.4962231938539787,-9.569276664607901,1.7303565056186079,-5.2016523525394165,10.34582068698488,-2.2321833675097382,1.3765329394337684,-5.593074726888127,2.5633808988195876,4.906454041536825,-5.22396398686905,-8.559025654355318,1.7527827535613414,4.951706164832851,-1.8417416280738035,1.5125822078399032,6.320962619065096,-2.6745234480243107,-10.458571293261208,-3.9691896208416337,-1.8110718291000276,5.246256789823309,1.4810369341693868
2.678633095052523,10.421480739965135,8.676453399990228,-2.1828259724831636,0.46544249891309963,-3.241120542317523,-6.161964678091949,-5.4716741752951465,-7.52801654794895,-6.296690929639147,-5.596524451281269,-8.084888218035358,6.3162185413427965,8.599496639939028,-7.527382827053175,9.160636410070005,1.5125822078399025,14.891757265559516,-2.893331922393401,-1.5559859653896784,-1.6914169886053234,9.171235439610129,3.320093192358382,5.447317017914636,-5.198586110256777
-5.675536834113299,0.09428554537282441,4.792585794759567,11.595924724538545,8.838818009859525,9.421814638940022,-9.558044837823994,-5.1496767809905055,7.6171455465258875,-6.089037494703722,-5.304795183029644,-10.881257039253232,-0.28807980779926756,6.197141533840245,-14.439257064233516,3.748823251746031,6.320962619065096,-2.893331922393401,1.2252398500695323,-7.063849271982812,-1.1632805582532764,7.16628648285581,-4.424865636311936,3.273919534768954,2.462099801249145
-2.5682242308679744,0.16078381644173187,0.08222300111067082,0.5933619631706039,-0.9488719993454259,1.2518824701479025,2.792061692205043,-3.2185009675112464,1.372565273550954,0.1980840261027394,1.0517079648462755,-4.570521316241534,3.241107098819131,0.5314040176017263,7.605262643685951,6.890513448386502,-2.6745234480243107,-1.5559859653896768,-7.063849271982812,4.8446162558435155,-0.5346960891676165,4.450980728758403,-1.7731397135175586,-0.0844967215167145,0.16109177364433647
0.20173549676079883,-0.6932869139599763,-1.5938734869601747,1.1391692323117546,-0.43981219007842975,2.5826462675595456,2.268111956853317,-2.4273744725518824,-0.29385213943531485,1.0132596829398202,-4.541843234182591,5.282606880795107,-5.563959599253199,-4.291263687536404,3.2087611673266117,6.3130022905707905,-10.45857129326121,-1.6914169886053232,-1.1632805582532773,-0.5346960891676172,5.170759477306669,-2.4192696780106946,-1.353982473808185,-0.24625327462838054,0.4928811318961044
8.500050335684525,3.1382356729032574,8.709230618043192,-4.172785673464668,-6.632453825155333,-9.08586894790019,5.729126362821075,1.2578960944511786,2.7338738366090896,1.0187353438804476,-6.2583460680417025,4.5076589699305565,-8.138337824037864,0.1898458267577139,1.093154253770705,-15.316862738792356,-3.969189620841633,9.17123543961013,7.166286482855811,4.450980728758404,-2.4192696780106955,14.518701124481499,1.9496842443765499,2.16890799122915,-0.3694560177030022
0.3968315993101863,2.0005234753159753,1.158536643643143,0.5648527036029429,5.731406393788631,-1.1482306424184126,-0.19492111880656582,-0.3801638705212428,4.176138299425718,-7.068344315270501,-4.410468721508835,-11.73610569254539,7.930441952732655,4.083573715471392,-4.502475936551244,6.506868269186626,-1.8110718291000272,3.3200931923583834,-4.424865636311936,-1.7731397135175582,-1.3539824738081843,1.9496842443765512,-10.937018906605413,3.1728831819643997,4.334336096661237
4.606664541177703,-0.3547169550241855,-0.030747336425040572,-3.2605892156076424,-0.6581711197879485,3.1246782600478316,-2.840019516412259,-4.181335611917723,-1.5893418773173573,0.23797516626426243,-0.443599577475961,0.5878696382671349,9.831223042703245,-1.9741170396532075,1.3654784301932577,4.962775124719175,5.246256789823308,5.447317017914636,3.273919534768954,-0.08449672151671361,-0.24625327462838054,2.16890799122915,3.1728831819643992,6.8285930626300155,0.11801171306426905
-0.1892865257289319,-1.5123344799945395,0.2029455730859615,1.2910691374759307,-0.34334730154780096,-5.937965886625518,0.9071416016529914,-1.9505980924590256,0.016106834921309376,-0.5310704324051372,-3.373554371333821,-6.251835815673379,-2.6818931931979835,-6.029388848781101,0.0843414062158262,3.3927460117191126,1.4810369341693868,-5.198586110256778,2.4620998012491437,0.1610917736443354,0.4928811318961044,-0.36945601770300307,4.334336096661237,0.11801171306426794,5.8351328837465735
