n
25
c
-107.06353637842228 -13.456428052174152 -85.84024058605195 90.037426557095 81.40207192853094 -16.16185332438412 -99.44466185671733 -2.5979731338973977 89.7666846582378 -100.13502404661958 21.22749667765826 103.6673195578214 89.80852793903307 73.96052834193296 108.14226700343356 6.7843858673146755 98.83852756504886 -82.54588198876657 93.00701880382337 -11.177684390276568 -12.07174715748159 -111.28874199307486 90.8203426096703 -115.24216807780766 -99.84631157542034
Q
8.116101329822849,-3.50113434592964,-1.4983233053255556,-0.014535075581733281,2.021734841097578,-1.9580483867545642,-11.094640541317945,-0.627801976903713,-0.9303947424617587,3.530531002120869,-10.451918993749958,-0.7184426932404708,8.088779093628608,-0.8620033998734877,6.534405639514229,9.060764820558537,8.400811335991925,1.670531712544609,15.892115133446858,6.754414926193483,3.3463711631140285,-5.202914917398737,10.920591515931125,-1.2643730067280272,-9.398369543645217
-3.501134345929641,4.816540918225769,0.05254982834031052,2.2495051708848095,3.228802441830592,0.9253015980026742,5.068387497416246,0.5358644131380008,2.5302065158106504,-3.8267539512607938,0.6141992712481272,2.5529114399836965,0.5455859859819017,0.597267825002161,-0.27393513505597467,0.5549576781646701,-2.4703586083689757,2.3870419388853543,-0.28946127384478615,-0.86143382102461,0.6956231282797679,-2.683275555488245,4.990528383928541,10.64887179510055,2.464932432366247
-1.4983233053255578,0.05254982834030997,-1.1455112305742503,7.699048485337476,-3.68659751758225,5.160139024764522,-10.513983134704244,1.0544642400395778,5.486264007005854,0.4080925576707146,-7.346266692273056,-2.6098743519806646,7.159719191579856,8.782724687333708,9.878781719382332,-3.370110206172873,19.697139533053846,2.6427749805763296,-3.3083685188234933,-0.3209770708834292,6.083732873609891,-4.495995266342828,-1.3948018746970716,-9.550387378302403,-0.0431737253293587
-0.014535075581734613,2.2495051708848095,7.699048485337476,-9.50555228219785,-5.914343604705564,-2.209445792820437,14.494843143999061,7.045519234533618,-18.29729621282277,12.548051742113664,-6.1123476079410475,-12.157543598942112,-5.575790894488129,-9.240402242489097,0.6096834111460466,1.4839027768763131,-8.408073398404442,11.281604815654903,-0.9696620720021687,0.5628277346072539,2.4965150944370693,-1.907818016497519,-8.746489656985204,12.052524524647927,0.32796726901293954
2.0217348410975786,3.2288024418305925,-3.68659751758225,-5.914343604705564,-8.531278450505132,2.2224286680710748,-3.923073191126659,1.0795208306963282,2.6319001715247063,2.363528340454265,4.31634840735404,-1.433865598700626,-10.91223227424324,-8.547902588579301,1.3884589294952852,-7.717816935151939,2.782861151111266,15.410425162585264,-12.495961158543581,4.226497130084931,-0.7282280130593664,12.377720946682556,-0.9786188520835473,3.488272763193242,0.30531075985996564
-1.9580483867545628,0.9253015980026738,5.160139024764521,-2.2094457928204365,2.2224286680710756,5.648325673812048,2.3240415381815773,0.06554162737848879,-2.836792767420246,-0.6668742321107501,0.7161466022146967,1.293312464984251,4.792848893442096,7.137609152685054,-0.8651643747761122,0.3329313528854304,-2.9866354572392626,-2.0063185428151864,1.0192137698418695,0.11771107977989115,-0.8107109476014704,6.6697512027215495,1.3644332336736653,3.8020471599006456,-1.5848665491926504
-11.094640541317945,5.068387497416246,-10.513983134704244,14.494843143999063,-3.92307319112666,2.3240415381815795,1.9101530565650613,2.9212418677613363,6.874782333585442,3.4552927760018917,-2.4077099230810983,4.0335644025546165,2.782603433829909,3.899129324889995,14.876980054228857,-4.704822460075548,4.667770334041612,-15.713147754016623,2.8637461014069867,-6.525532952043568,-4.831860260368588,-2.998990645982154,-3.4266694776125544,-4.034448595406926,3.999417123550673
-0.6278019769037135,0.5358644131379994,1.054464240039577,7.045519234533617,1.0795208306963282,0.06554162737848934,2.9212418677613354,5.483452106101273,0.2409989830829835,7.367620808275692,1.2780352529091843,7.76878780835458,1.9898085413042204,-1.1168140159584357,1.0227565592525774,-0.3102561016826417,-3.4530500475314647,-3.5921702864138614,0.7528068365726042,0.4553081442443792,1.0623966755507146,-3.7437136935449966,-0.5539113720541702,-2.030198904462977,-5.725061477851703
-0.9303947424617586,2.5302065158106504,5.486264007005853,-18.29729621282277,2.631900171524706,-2.8367927674202464,6.874782333585442,0.24099898308298506,0.7059678246526264,2.652890053512399,-7.590546698058415,-5.56809690807661,-7.930341421184229,-9.768300225122347,-7.917881570831543,-6.185910414738794,1.5903514549653788,17.482460270298432,-7.294431155718375,4.838384244537976,-9.896430852703332,15.306048060692907,-6.105909227496067,2.8578721087465313,7.164604750049987
3.5305310021208705,-3.826753951260797,0.4080925576707143,12.54805174211366,2.3635283404542657,-0.6668742321107511,3.455292776001891,7.367620808275691,2.6528900535123987,-7.127471408306041,-0.8191048773082092,5.381622118346645,7.436596666785894,8.642742134120427,4.385980514503938,2.00712045653659,0.6711200166475072,-9.899298152333206,10.086087362037517,-5.230699769618211,-1.4461068039665073,-9.441265426016784,5.4478008260872475,3.234013213320783,-2.2478718750287365
-10.451918993749958,0.6141992712481263,-7.346266692273056,-6.1123476079410475,4.316348407354041,0.7161466022146981,-2.4077099230810983,1.2780352529091825,-7.590546698058416,-0.8191048773082104,5.681293489210439,2.068211075878188,0.832153258911059,-3.9197218137413317,-3.389046258873573,-0.2711077348383386,6.61139474602563,-5.74685417115016,-4.260324243079088,1.2167541155839439,-0.7151638602060326,4.487038791996217,2.6985144065018782,1.2243224069089742,-6.626595139836882
-0.7184426932404715,2.5529114399836965,-2.609874351980665,-12.157543598942112,-1.4338655987006246,1.2933124649842505,4.033564402554616,7.768787808354579,-5.56809690807661,5.381622118346646,2.068211075878186,10.062726575394151,-11.186978731699046,0.4068169727677331,-10.557382401708168,-6.693692975082853,-3.898242042087068,6.927710070018805,-8.12951142751439,4.7558458923904166,-0.28465528277676655,6.020181765979068,-1.1288840854466349,-5.245096910783797,0.255861699554987
8.088779093628608,0.545585985981903,7.159719191579856,-5.575790894488128,-10.912232274243241,4.792848893442096,2.782603433829909,1.98980854130422,-7.930341421184229,7.436596666785892,0.8321532589110592,-11.186978731699046,6.490069318712207,-8.845042852121422,-2.491395652641309,2.0336452056585816,-5.526038776122991,-7.483063259992841,-1.941439685442886,-5.304722633907601,-0.004242056700877489,8.75434753104971,2.844791361217416,-1.8226611418447742,-1.3504838243636508
-0.8620033998734868,0.5972678250021616,8.782724687333708,-9.240402242489097,-8.547902588579301,7.137609152685056,3.8991293248899948,-1.1168140159584348,-9.768300225122347,8.642742134120427,-3.9197218137413326,0.4068169727677341,-8.845042852121423,-1.2032916795165365,-10.26730425587613,-8.388176907652465,2.226736585906452,5.462495051416262,-3.165894107661654,-1.623516569910129,-3.02970421413265,13.564070463783045,-7.048280430335038,0.09518574146168657,11.153125508332703
6.534405639514229,-0.2739351350559758,9.878781719382332,0.6096834111460434,1.388458929495286,-0.8651643747761129,14.876980054228857,1.0227565592525774,-7.917881570831542,4.38598051450394,-3.3890462588735715,-10.557382401708168,-2.4913956526413092,-10.26730425587613,-7.554632299238178,-3.9439731728827603,-2.9621244973796395,5.924864297010976,-0.966923597869787,1.7069943924430175,-2.776031807298889,1.8336520039615891,2.227667192354965,3.685803428196436,7.4503836540094595
9.060764820558536,0.5549576781646719,-3.3701102061728734,1.483902776876314,-7.717816935151939,0.3329313528854302,-4.704822460075549,-0.31025610168264117,-6.185910414738794,2.007120456536589,-0.2711077348383393,-6.693692975082852,2.033645205658581,-8.388176907652465,-3.9439731728827594,4.792503041671357,-10.485585696029451,-5.28629274553853,-3.135932268844308,-0.35683180115533947,0.685008621987195,-3.2773095291323573,-0.7130418295909893,2.300000498760036,-5.682276559033484
8.400811335991925,-2.4703586083689753,19.69713953305385,-8.408073398404444,2.7828611511112653,-2.9866354572392613,4.667770334041613,-3.453050047531465,1.590351454965378,0.6711200166475078,6.611394746025629,-3.8982420420870674,-5.5260387761229905,2.226736585906451,-2.962124497379641,-10.485585696029451,10.421516083001556,0.8515163249125681,1.7938483823758893,-2.972551707202377,-9.010110335561912,3.1949369943453094,1.201986723004237,9.243008357400772,4.459460874722663
1.6705317125446095,2.3870419388853548,2.6427749805763296,11.281604815654903,15.410425162585264,-2.0063185428151864,-15.713147754016623,-3.592170286413859,17.482460270298432,-9.899298152333204,-5.74685417115016,6.927710070018805,-7.483063259992842,5.462495051416263,5.924864297010976,-5.28629274553853,0.8515163249125677,5.9642654113368225,7.412604261212482,0.6723756898003657,1.0312924250290132,-8.931389417344999,8.108835753229211,-13.693623347762722,-5.3729213105050135
15.892115133446858,-0.28946127384478615,-3.3083685188234933,-0.9696620720021689,-12.495961158543583,1.0192137698418697,2.863746101406987,0.7528068365726053,-7.294431155718375,10.086087362037516,-4.260324243079086,-8.129511427514391,-1.941439685442885,-3.1658941076616536,-0.9669235978697874,-3.1359322688443076,1.79384838237589,7.412604261212481,-0.8855924801723329,-4.62568125546901,-4.469863128399068,-1.4707325963239806,-6.778634333248564,-6.069741834233601,2.988139442694738
6.754414926193484,-0.8614338210246102,-0.32097707088342897,0.5628277346072525,4.2264971300849306,0.11771107977989081,-6.525532952043569,0.4553081442443775,4.838384244537977,-5.2306997696182105,1.2167541155839452,4.755845892390415,-5.3047226339076,-1.6235165699101295,1.7069943924430173,-0.3568318011553391,-2.972551707202376,0.6723756898003651,-4.62568125546901,5.837697942468625,0.2866668083097528,5.547786980322639,-0.43745412397438543,-3.081633744824404,8.6982802087123
3.3463711631140276,0.6956231282797682,6.0837328736098915,2.4965150944370706,-0.7282280130593679,-0.8107109476014696,-4.831860260368587,1.0623966755507155,-9.896430852703332,-1.4461068039665084,-0.7151638602060317,-0.2846552827767659,-0.004242056700878627,-3.029704214132651,-2.7760318072988905,0.6850086219871963,-9.010110335561912,1.031292425029014,-4.46986312839907,0.2866668083097521,6.029191511155778,6.427581754440467,3.4997002136672326,-3.419926090255112,-1.057769165766952
-5.202914917398738,-2.6832755554882444,-4.495995266342831,-1.9078180164975191,12.377720946682555,6.669751202721552,-2.998990645982154,-3.743713693544997,15.306048060692907,-9.441265426016784,4.487038791996217,6.0201817659790695,8.75434753104971,13.564070463783045,1.83365200396159,-3.277309529132357,3.19493699434531,-8.931389417345,-1.4707325963239817,5.547786980322641,6.4275817544404665,7.685623788185402,8.511124515466339,-11.319521808368293,-6.4510868930625636
10.920591515931125,4.990528383928541,-1.39480187469707,-8.746489656985204,-0.9786188520835479,1.3644332336736655,-3.4266694776125544,-0.5539113720541713,-6.105909227496068,5.447800826087248,2.6985144065018787,-1.128884085446635,2.844791361217416,-7.048280430335039,2.2276671923549656,-0.7130418295909888,1.201986723004237,8.108835753229211,-6.778634333248564,-0.437454123974386,3.499700213667233,8.511124515466339,-4.498501081514114,3.815938720667662,3.852831777347319
-1.2643730067280268,10.64887179510055,-9.550387378302402,12.052524524647927,3.488272763193242,3.802047159900646,-4.034448595406926,-2.030198904462977,2.8578721087465313,3.234013213320782,1.2243224069089744,-5.245096910783797,-1.8226611418447738,0.0951857414616859,3.6858034281964347,2.3000004987600358,9.243008357400772,-13.693623347762722,-6.069741834233602,-3.081633744824403,-3.419926090255111,-11.319521808368295,3.8159387206676616,9.553744254671379,-2.4321080159203996
-9.398369543645217,2.4649324323662474,-0.04317372532935837,0.32796726901294,0.30531075985996514,-1.58486654919265,3.9994171235506735,-5.725061477851703,7.164604750049987,-2.247871875028737,-6.62659513983688,0.2558616995549874,-1.3504838243636508,11.153125508332703,7.4503836540094595,-5.682276559033484,4.459460874722663,-5.3729213105050135,2.988139442694739,8.6982802087123,-1.0577691657669512,-6.451086893062563,3.852831777347319,-2.4321080159204005,12.252658587037095
