n
25
c
81.72867031106593 16.809606626132766 4.232358718803531 -69.96053506796652 -96.54374038019465 -0.0832373588870785 -82.28939582542954 -1.2301641040779847 -3.778508315961563 13.21141836056747 92.08818800433649 9.808380423138198 96.28916062007114 -88.93509469935846 13.023177143524231 109.43784555773264 82.86893772066524 -91.02948346396033 -70.97562563289893 86.02746391069752 -3.77048817554423 10.358859066530114 -71.1880319597972 -85.01420145786264 117.18354939801809
Q
9.806003440704345,2.807778914780082,-1.3882547432214298,13.260467830068169,8.799032059139947,0.450952397891268,12.281577847265751,-0.7564792768814069,-7.386051732698782,0.6471619430039839,-17.888069714607507,0.8522128016983803,-8.962234777912,11.390023747959784,-5.584611929617263,-4.072200419486855,-18.58122680741948,-5.7354439454243,13.459194117857871,7.552411090490544,2.124787129720583,1.4150009283204263,8.797246817617614,3.346008096007315,-8.794840161441252
2.807778914780083,5.577225082073118,0.0021721748714624844,-1.271525153233255,-1.6413887089492305,-0.13115722781147474,-4.7689761427575466,0.6077801690461625,0.015432200566239632,0.4028792974128135,-2.337907433278875,-0.5488344869555869,7.47912263011137,-2.1801824296749146,-0.37281081890259293,-3.857760460286765,-1.9810286946369131,-0.16780115166194964,2.8844245655272744,-8.597938826502979,-0.11513812299953652,0.3876159395185046,-6.557255987690511,-5.7711475475861675,-3.109117559255829
-1.3882547432214292,0.002172174871461638,5.3928416062521425,-6.482540785715553,-4.843349634791071,-0.8555765999511974,3.3225047842495545,-0.13800975890074646,0.6188931186374708,0.09664066965485762,-0.08041897690673094,0.8398309340705876,-2.0114394127560375,1.5811658781473774,-0.6289628070908365,-4.67518116530129,2.8988830505283536,0.761405689553285,7.014614925270449,3.3588298507281076,-0.8414893090732445,1.021024077396044,-3.7075644748777346,-5.279821408602164,-4.969797313711854
13.260467830068169,-1.2715251532332559,-6.482540785715553,1.8586900057828393,-10.111077277352516,7.182880967951529,-7.9426952193865805,3.65591610616348,-2.2165035965175326,-6.023586715319039,11.38658024739327,-6.524975805598061,10.803178501435797,-6.710333110092716,-7.812305163542494,7.209161120416636,9.99428837226526,-7.310963574417407,-4.247038590671914,7.536184330873149,4.0845955307313915,-4.095613251773421,-11.351838322004307,-2.8659484421237664,1.989554696110755
8.799032059139948,-1.641388708949231,-4.843349634791071,-10.111077277352518,-9.400614351339575,-6.295715310606161,2.6785566367117815,-5.699969194653836,-0.8734730936576569,-3.9231211449701977,2.46647993227497,6.734175006820552,14.383065736030598,2.617707402223949,-0.07453066649045742,5.131127370456458,8.98812400228042,-4.941479440872653,-6.010070815018876,1.9629581827431921,3.591059903693969,-1.0815377445898267,-1.3618519478286757,-2.799772128138623,6.284821501357115
0.4509523978912676,-0.13115722781147565,-0.8555765999511966,7.182880967951529,-6.295715310606161,4.159533435299558,-2.094638544448864,0.11065722171549841,-0.28125664189598826,-0.4931001925554017,-1.2685970059633571,-0.48883019213615664,-0.8591212143937352,-3.9522410447886878,0.6725239831907313,-4.990706830970945,4.455644934175194,1.6940730757125884,0.677321537065075,6.705902024339289,-0.49597318347195984,-0.21911892296344193,5.121578893061313,-1.5917997672930615,-5.801523846674157
12.281577847265751,-4.768976142757546,3.3225047842495536,-7.942695219386581,2.6785566367117806,-2.094638544448864,4.192533110662525,-6.038023344791561,-3.1848677067686912,-4.208114452187642,4.531435316465802,-7.036890126351885,10.000814264290453,0.6102908136994121,6.447957570873072,8.7818225005455,12.487759947033158,0.22374966852618172,-6.214291185036826,13.613618812770255,4.842863577856422,-0.2894840382850723,-17.652834787724643,-2.894231772177555,5.1178782675804015
-0.7564792768814068,0.6077801690461633,-0.1380097589007474,3.65591610616348,-5.6999691946538364,0.1106572217154997,-6.038023344791561,4.341337738118366,0.18840393441643444,-0.5985046606135838,-4.308563067828841,-0.663915275161191,-2.160774298999927,-4.889546050148237,0.7717846891239875,-6.037695487038628,-2.5200756288318567,2.667567084447608,3.4567820071392363,2.732419826942667,-0.18387314885115158,0.7796493924990708,4.439493338706551,1.8606851251640433,-1.5508496130544185
-7.386051732698784,0.015432200566239684,0.6188931186374718,-2.216503596517532,-0.873473093657657,-0.2812566418959901,-3.1848677067686912,0.1884039344164342,4.508348122123152,0.4335594340124622,-3.554052606863519,0.4901724721514493,0.4097011479049759,6.263750254134402,0.9851412868083642,-4.419962607390218,0.6569754651034776,0.7923035193242765,-1.4154697228026647,5.030471530839329,1.0515546674076657,0.7242403735445702,5.420722684380047,-6.292563588904641,5.017197884925412
0.647161943003981,0.40287929741281314,0.09664066965485674,-6.02358671531904,-3.9231211449701986,-0.49310019255540116,-4.208114452187643,-0.5985046606135834,0.4335594340124618,4.733465426485034,-0.5984005882209013,-0.8224296578534467,-6.018389810262799,9.002298119188852,1.2969316802794826,0.8860861015411761,4.628307353181921,2.1178986936716857,-7.594190440163132,1.07354547342922,0.23986681611994043,0.4808646133478909,-2.803608446203099,-2.699122830775719,0.8581241479929236
-17.888069714607507,-2.3379074332788754,-0.08041897690673017,11.38658024739327,2.46647993227497,-1.2685970059633571,4.531435316465801,-4.3085630678288425,-3.554052606863518,-0.5984005882209015,4.605811948937435,0.011019987560649591,6.692456986088198,10.09503541759648,3.1944713332983476,-5.866522742619061,1.1905733642287433,3.5712745932514944,0.43540645380074516,1.3947051445227348,-5.452410977675298,8.945431196522112,-1.4353522195448587,5.693305073239841,-19.188692810424882
0.8522128016983825,-0.5488344869555872,0.8398309340705868,-6.524975805598061,6.734175006820553,-0.4888301921361564,-7.036890126351885,-0.6639152751611905,0.49017247215144966,-0.8224296578534463,0.011019987560650812,3.51894115530748,-4.602957532884403,-4.115414348282834,0.04305511225925196,-5.1153723023646895,-0.7779229472927832,5.2022430386746645,-0.5695093538669633,4.360654335232598,0.3142429157563549,-0.11392340232006817,-1.6363822615322032,-3.89463274772002,5.112483970405054
-8.962234777912,7.47912263011137,-2.011439412756038,10.803178501435797,14.383065736030598,-0.8591212143937339,10.000814264290456,-2.1607742989999266,0.409701147904975,-6.018389810262798,6.692456986088197,-4.602957532884405,8.790202588975033,9.988436858906395,-8.959834841588153,0.40415849848331653,-14.022426374258508,12.152235789694034,7.5782056392394015,-7.81392243501249,4.28548958294416,2.534870446887637,-0.6528853534344436,7.823590364781979,-5.0920345468643875
11.390023747959784,-2.180182429674917,1.5811658781473759,-6.710333110092717,2.6177074022239504,-3.9522410447886873,0.6102908136994126,-4.889546050148238,6.263750254134404,9.002298119188852,10.095035417596476,-4.115414348282834,9.988436858906395,-9.696272179470583,0.24956423762397328,-5.806382863138126,7.28819701208938,-9.74733522135172,-10.787775610878546,2.095142340129073,-2.208921399440518,-2.5470642291216357,-2.28803462552173,-12.170527612440456,9.408394763658503
-5.584611929617264,-0.372810818902594,-0.6289628070908386,-7.812305163542494,-0.07453066649045681,0.6725239831907303,6.447957570873071,0.7717846891239876,0.9851412868083637,1.2969316802794817,3.1944713332983476,0.04305511225925285,-8.959834841588151,0.2495642376239735,5.666049976400466,2.0081314629539504,-6.44680333885848,-7.101163795066952,-3.5579342588380323,-3.1854972727013777,0.32203149536874665,0.3208668160357451,-3.3661198875797957,-2.1449817915940734,-4.08324727109544
-4.072200419486854,-3.8577604602867654,-4.67518116530129,7.209161120416636,5.131127370456458,-4.990706830970945,8.7818225005455,-6.0376954870386275,-4.419962607390219,0.8860861015411753,-5.866522742619062,-5.11537230236469,0.4041584984833173,-5.806382863138126,2.0081314629539504,-5.01639757947498,-18.37309932159803,3.8308381351871708,-6.315889531601532,-2.0493655691896384,3.6513552862750935,5.124603916665391,8.694493518124103,5.707094914401185,-5.781425352941954
-18.58122680741948,-1.9810286946369136,2.8988830505283527,9.99428837226526,8.98812400228042,4.455644934175194,12.487759947033158,-2.5200756288318567,0.656975465103478,4.628307353181922,1.1905733642287428,-0.7779229472927824,-14.02242637425851,7.288197012089382,-6.446803338858479,-18.37309932159803,-4.498751176392771,6.323819564847345,9.749124173666972,-4.688431969926014,-5.154196363740262,-1.2221856210073176,3.705961584734293,4.099964108469918,-6.416649150501655
-5.735443945424301,-0.16780115166194853,0.7614056895532855,-7.310963574417408,-4.941479440872654,1.6940730757125881,0.2237496685261826,2.667567084447609,0.792303519324276,2.1178986936716853,3.5712745932514944,5.2022430386746645,12.152235789694034,-9.74733522135172,-7.101163795066953,3.8308381351871703,6.323819564847348,10.348209614272564,-16.964042230752312,-5.560740412557573,5.383071137913636,-8.854608812388415,-3.751618047970624,-6.733479545494663,4.44566841678622
13.459194117857871,2.884424565527274,7.014614925270449,-4.247038590671915,-6.010070815018876,0.6773215370650745,-6.214291185036826,3.456782007139237,-1.4154697228026645,-7.594190440163132,0.4354064538007447,-0.5695093538669638,7.5782056392394,-10.787775610878548,-3.557934258838033,-6.315889531601532,9.74912417366697,-16.964042230752312,9.335838340722221,-10.377378977955079,-5.930980649583121,3.627514663641235,-4.203583722981843,-2.8142467709648518,4.231608711389601
7.552411090490546,-8.597938826502977,3.3588298507281102,7.536184330873149,1.9629581827431917,6.705902024339288,13.613618812770257,2.7324198269426665,5.030471530839328,1.0735454734292214,1.3947051445227372,4.360654335232599,-7.81392243501249,2.0951423401290707,-3.185497272701376,-2.049365569189638,-4.688431969926013,-5.560740412557573,-10.37737897795508,0.9140716335282377,-1.9974988566213971,0.3271898802146864,5.146531799585271,8.17569200710414,-3.4910092943010964
2.124787129720584,-0.11513812299953743,-0.8414893090732443,4.0845955307313915,3.591059903693969,-0.49597318347195996,4.84286357785642,-0.1838731488511518,1.0515546674076663,0.23986681611993949,-5.452410977675297,0.3142429157563553,4.285489582944161,-2.2089213994405177,0.32203149536874554,3.6513552862750935,-5.154196363740261,5.383071137913637,-5.9309806495831205,-1.9974988566213967,4.205068892196259,-0.31211413549185185,-6.209952853491257,-1.6366470321712003,-3.2738637693360375
1.4150009283204272,0.3876159395185036,1.0210240773960424,-4.095613251773421,-1.0815377445898267,-0.2191189229634422,-0.2894840382850723,0.7796493924990714,0.7242403735445709,0.4808646133478902,8.945431196522113,-0.11392340232006637,2.534870446887637,-2.5470642291216357,0.3208668160357454,5.12460391666539,-1.2221856210073176,-8.854608812388417,3.627514663641236,0.32718988021468487,-0.3121141354918521,4.880075514174027,7.248033350663304,-8.133519041047817,3.5922363368150303
8.797246817617614,-6.557255987690512,-3.707564474877736,-11.351838322004307,-1.361851947828676,5.121578893061315,-17.652834787724643,4.439493338706551,5.420722684380047,-2.803608446203098,-1.4353522195448583,-1.636382261532204,-0.6528853534344442,-2.2880346255217296,-3.366119887579796,8.694493518124103,3.7059615847342924,-3.7516180479706236,-4.2035837229818425,5.146531799585271,-6.209952853491258,7.248033350663304,-2.910222633713289,-5.152639909248172,2.0674970491171583
3.346008096007314,-5.7711475475861675,-5.279821408602164,-2.8659484421237664,-2.7997721281386236,-1.5917997672930624,-2.8942317721775552,1.860685125164044,-6.292563588904641,-2.6991228307757202,5.693305073239842,-3.89463274772002,7.823590364781979,-12.170527612440456,-2.1449817915940743,5.707094914401184,4.099964108469919,-6.733479545494661,-2.814246770964851,8.17569200710414,-1.6366470321712006,-8.133519041047817,-5.152639909248171,8.09141068674851,5.865914039321062
-8.794840161441252,-3.10911755925583,-4.969797313711853,1.9895546961107553,6.284821501357116,-5.801523846674158,5.1178782675804015,-1.55084961305442,5.017197884925413,0.858124147992923,-19.188692810424882,5.112483970405055,-5.092034546864389,9.408394763658503,-4.083247271095441,-5.7814253529419535,-6.416649150501655,4.445668416786218,4.231608711389602,-3.4910092943010955,-3.2738637693360375,3.59223633681503,2.0674970491171587,5.865914039321061,6.596599601627858
