n
25
c
-102.38251096528374 89.29077196708765 74.51486910272477 86.55603175988925 -82.29239829436055 -123.93205644373059 -27.1234572472843 -108.89787476612102 -17.72898950971757 -93.63288094548514 -2.6750695916615905 -18.697719600630194 -79.55366976284046 74.25820242199542 65.73852540613072 -13.689496187191054 -88.52899656169298 51.85968432519229 -62.86669274595693 -63.451129778113504 84.71203321186081 84.77095536205725 -86.63344342437824 -12.677113127236439 60.46371666872116
Q
-2.362782161315848,-0.8478394566924193,5.108376119744672,-9.019039339117652,-9.665642179032726,-6.403062465383916,7.2380177475527585,-9.945784089212438,-6.737762683838072,-13.127384864785455,-2.1052039185452562,9.267889978007311,-7.227895957823814,7.350446480712775,10.205688321715188,0.8275210888086395,-11.752046516600016,10.0381191817307,-10.632740922989298,-1.01941328018738,9.968787433634951,6.858945508279879,-12.1051493289756,3.2132061006938986,0.6050556379194734
-0.8478394566924199,9.67639792588318,-7.9572584330436635,-1.1257990770789559,7.270036675405747,5.400030845013511,-3.8282397311113465,7.406834875430123,-0.6852044691594075,-6.1595417347894035,-3.0035674829283643,0.3671611135657309,11.1244725820666,2.377790338444545,-7.603329553887496,-3.8587172878857317,-1.809146217247401,-3.131530916191665,6.010857600357625,5.231139705243345,-17.367154879503055,-7.15092475013619,0.9828909638614346,5.072447168192554,-15.470565438842717
5.10837611974467,-7.957258433043663,12.43873998405639,1.0797215539765,8.294756428608839,8.294450919882367,4.051576539373148,1.863223185725411,-0.9854825206389576,4.730239933196433,-3.1632974540505696,-3.0158612654749892,5.97449138283741,-3.66705014020386,-1.4691410960365872,7.150665146608193,7.358436928665803,0.5310990629417092,5.361386160640512,1.348274446282542,6.628505170738108,-8.911713352432983,6.817021450838116,-3.8170507020548077,-5.661355324867381
-9.01903933911765,-1.125799077078957,1.079721553976499,11.11332013183074,5.392560799782396,2.129513999446809,1.9928664143896566,16.371289488149944,-3.8026027442462795,6.446394385661582,0.8031398390761972,-1.2432785571138312,2.497092644882154,-2.0061736844426816,9.477508023768277,5.436223477247012,3.957802910348382,-3.9797011313974884,5.858398178161487,-0.8087963337755446,1.9901168692082503,-11.374975384027273,4.289921603133504,0.7400375187757606,2.5360961250038603
-9.665642179032725,7.270036675405746,8.29475642860884,5.392560799782396,7.048791913805045,-4.01613814083859,4.816251369215401,-0.6048383132612773,2.7668134226597925,2.8938721426056344,0.09854723431710255,0.647654229523723,-10.550486482924653,2.477097773767406,-2.5466397465893458,9.07854403530789,-7.618461586178157,11.843315244775887,-10.675569732477657,2.582229105600325,1.406631419845654,4.273428105505587,-5.726936442535016,-1.217282107883396,1.9523511853659063
-6.403062465383916,5.400030845013511,8.294450919882365,2.129513999446809,-4.016138140838591,-0.5746592584557177,1.438392816057472,6.639086579083355,4.129796805920527,5.139937228319345,-6.728862596740828,-0.42156967755343205,-4.19465005184881,10.025836967425372,4.694256760590765,-1.6705306659631578,-5.760906163092806,2.9859469906816,-14.516149961506997,-9.483886200984,2.9671742838449298,10.283456495028798,3.693982082640833,6.294607679282388,3.872760753083047
7.2380177475527585,-3.8282397311113474,4.051576539373148,1.992866414389657,4.816251369215398,1.4383928160574717,5.4567386108613345,6.991811079573504,0.32768506607249936,1.7520123713816125,0.16140479439029887,1.0236357466726709,8.90908722969893,9.613254935675318,1.0755669274387263,-0.05819338738409835,-0.6119685099687615,5.4007820091028185,4.481467583562582,-8.557612367929844,-3.712387409015928,-9.430109081063103,-0.826301369804676,-0.6149282672185417,1.3371222353216075
-9.945784089212438,7.406834875430123,1.8632231857254098,16.37128948814994,-0.6048383132612777,6.639086579083355,6.9918110795735045,-12.212440631951917,1.5463090482525184,-7.315350617115872,-6.029794118916568,2.51214936583501,-3.378823653593594,6.892947677212121,1.7745440734802016,4.044056798798736,-5.808307197631594,14.73972948042774,1.766916370395827,-11.304948839790047,0.4956836448520001,13.406686620866871,-1.881547161290034,4.664398430039437,5.793124128986053
-6.737762683838074,-0.6852044691594055,-0.9854825206389578,-3.8026027442462818,2.766813422659792,4.129796805920526,0.32768506607249936,1.5463090482525192,6.144798096655825,2.716091972814648,0.047497407709713,0.9008258430379272,-8.271871952843213,5.243643569592035,-1.1537851246999684,0.3233494726949234,8.4463619439049,-4.1424118151514655,9.164856590725531,-3.100702826119922,4.934122205358235,6.140521537650881,-0.0778014892639658,-0.21139769569025635,-3.6632831130542334
-13.127384864785455,-6.159541734789405,4.730239933196433,6.446394385661584,2.8938721426056353,5.139937228319345,1.7520123713816131,-7.315350617115872,2.7160919728146475,2.239600523667666,0.44652228617910406,-1.413739471301307,-10.701718809239678,2.998582102796147,0.04922061137725353,-5.264181661107335,-2.372158122607475,-0.21012274847695478,-7.328224032137033,-0.21852843450763532,1.9128586333510404,2.1152361201628724,-1.2485481249311725,2.7183948653031087,8.523409005722506
-2.1052039185452567,-3.0035674829283625,-3.1632974540505696,0.8031398390761972,0.09854723431710477,-6.728862596740826,0.16140479439030053,-6.029794118916566,0.04749740770971336,0.44652228617910494,7.2073989555755595,-1.6870056116833285,1.0152102492189776,0.4779141819729875,-5.483704010383525,-0.784515995985881,-3.6530199703707797,3.237383463634797,3.6101530363452543,5.2930278780466695,2.2511706590289053,0.9884703064449805,5.875049799878274,1.476698317675683,6.39412052796664
9.26788997800731,0.36716111356573233,-3.0158612654749897,-1.2432785571138316,0.647654229523724,-0.42156967755343283,1.02363574667267,2.5121493658350094,0.9008258430379263,-1.4137394713013067,-1.6870056116833274,5.855306023708639,-2.679933103441174,-3.0355154873970993,1.0944251154194353,-1.4000157271217282,-0.41278295132847687,-1.0054555333344248,0.338177461646053,2.771988048189685,1.326834737388828,-2.8684059744032,4.334845139002578,0.10825721171155273,4.480722847229894
-7.227895957823816,11.1244725820666,5.97449138283741,2.497092644882154,-10.550486482924654,-4.194650051848811,8.909087229698928,-3.378823653593594,-8.271871952843213,-10.701718809239678,1.0152102492189774,-2.679933103441174,10.961240666751962,1.5596242213437668,8.367056401505504,3.3304100954592526,-4.642916484264458,10.474761855541578,-3.6376366179222717,-5.293778998029689,2.135079629876132,12.17952937267023,-3.4986880242366,-1.8707583634198552,9.222065259350606
7.350446480712774,2.3777903384445467,-3.6670501402038607,-2.0061736844426816,2.4770977737674063,10.025836967425372,9.613254935675318,6.892947677212121,5.2436435695920345,2.9985821027961475,0.4779141819729894,-3.0355154873971,1.5596242213437672,0.8422005178705589,-5.866433325308813,0.4573080688242953,-2.35241604928414,-10.370143199945378,10.162776389758081,7.598709894944536,-16.140291768591975,-2.1373629038715607,7.885921355898001,3.9502446136221216,-6.986015879791977
10.20568832171519,-7.603329553887496,-1.4691410960365867,9.477508023768277,-2.546639746589346,4.694256760590765,1.0755669274387267,1.7745440734802016,-1.1537851246999677,0.04922061137725331,-5.483704010383525,1.0944251154194353,8.367056401505504,-5.866433325308813,7.415692398415329,0.3389482827337573,17.978505048302132,3.1177998670426215,2.684667423065206,-4.451700050403024,-4.082374637643109,-0.910907205478435,7.517246017693655,-2.1856535171226525,4.739333529181558
0.8275210888086395,-3.8587172878857317,7.150665146608194,5.436223477247012,9.07854403530789,-1.6705306659631578,-0.05819338738409785,4.044056798798735,0.3233494726949226,-5.264181661107334,-0.7845159959858821,-1.400015727121726,3.330410095459254,0.4573080688242963,0.33894828273375643,5.572363547996478,10.676969822442762,3.3085758414133526,-0.359886437189354,-7.734160717974673,7.954133945607244,-3.6772192856952564,-1.504845570619202,-0.3294991126122462,-5.141916844390799
-11.752046516600016,-1.8091462172474018,7.358436928665802,3.9578029103483834,-7.618461586178157,-5.760906163092806,-0.6119685099687613,-5.808307197631594,8.4463619439049,-2.372158122607475,-3.6530199703707806,-0.4127829513284767,-4.6429164842644575,-2.3524160492841393,17.978505048302132,10.676969822442762,-9.378214254348876,8.796176594904367,-5.243469903748142,-7.824068131334028,5.804559512751272,1.7401130400357747,-8.467869360573426,5.950333781269926,11.965904423483005
10.0381191817307,-3.1315309161916622,0.5310990629417081,-3.9797011313974875,11.843315244775887,2.9859469906816,5.4007820091028185,14.73972948042774,-4.1424118151514655,-0.210122748476953,3.2373834636347967,-1.0054555333344255,10.47476185554158,-10.37014319994538,3.1177998670426206,3.3085758414133526,8.796176594904367,-1.6634762729544175,9.40662104119364,2.6702012330086577,2.1511723529951476,-11.965631184187083,-5.756985471253431,1.3924862888164178,3.4659880560754606
-10.6327409229893,6.010857600357623,5.361386160640512,5.858398178161487,-10.675569732477657,-14.516149961506997,4.48146758356258,1.7669163703958275,9.164856590725531,-7.328224032137033,3.6101530363452534,0.3381774616460538,-3.6376366179222726,10.162776389758081,2.6846674230652057,-0.35988643718935376,-5.243469903748142,9.406621041193638,-9.975290348862636,-5.098029022801997,7.076279278128068,10.753369666580557,-10.526182514776346,-8.03510647655947,-1.3108399206405172
-1.0194132801873796,5.231139705243346,1.3482744462825416,-0.8087963337755455,2.582229105600324,-9.483886200984,-8.557612367929844,-11.304948839790047,-3.1007028261199228,-0.21852843450763437,5.293027878046672,2.771988048189685,-5.293778998029688,7.598709894944537,-4.451700050403024,-7.73416071797467,-7.824068131334027,2.6702012330086577,-5.098029022801996,-0.06666014789119501,-2.860773209461425,1.927137819111578,0.7491166326123515,4.939585807602985,8.970370134858904
9.968787433634951,-17.367154879503055,6.628505170738107,1.9901168692082494,1.4066314198456524,2.9671742838449293,-3.7123874090159275,0.49568364485199984,4.934122205358236,1.9128586333510404,2.251170659028905,1.3268347373888274,2.135079629876131,-16.140291768591972,-4.082374637643109,7.9541339456072455,5.804559512751272,2.1511723529951494,7.076279278128068,-2.8607732094614255,-6.191810710310252,-3.46156413274291,3.5213517590952548,5.427006251261314,-9.332131729820205
6.858945508279879,-7.1509247501361894,-8.911713352432983,-11.374975384027273,4.273428105505587,10.283456495028798,-9.430109081063101,13.406686620866871,6.140521537650881,2.115236120162873,0.98847030644498,-2.8684059744031996,12.17952937267023,-2.13736290387156,-0.9109072054784348,-3.6772192856952564,1.7401130400357743,-11.965631184187082,10.753369666580557,1.9271378191115778,-3.4615641327429105,5.273895099272595,12.145407599576208,-1.1892923241489444,-0.2544096962930751
-12.105149328975601,0.9828909638614345,6.817021450838116,4.289921603133505,-5.726936442535017,3.693982082640832,-0.826301369804676,-1.8815471612900325,-0.0778014892639658,-1.2485481249311723,5.875049799878274,4.334845139002578,-3.4986880242366007,7.885921355898001,7.517246017693654,-1.5048455706192019,-8.467869360573427,-5.756985471253431,-10.526182514776345,0.7491166326123517,3.521351759095255,12.145407599576208,4.796419023196618,-6.262306075771941,8.701813754827226
3.213206100693899,5.072447168192554,-3.817050702054808,0.7400375187757615,-1.217282107883396,6.294607679282387,-0.6149282672185417,4.664398430039438,-0.21139769569025618,2.7183948653031083,1.476698317675683,0.10825721171155184,-1.8707583634198555,3.9502446136221225,-2.1856535171226534,-0.32949911261224674,5.950333781269926,1.3924862888164182,-8.03510647655947,4.939585807602983,5.427006251261314,-1.1892923241489446,-6.26230607577194,5.726084557009017,3.4179817174468137
0.605055637919474,-15.470565438842717,-5.661355324867381,2.53609612500386,1.9523511853659068,3.872760753083047,1.337122235321607,5.793124128986053,-3.6632831130542334,8.523409005722506,6.394120527966638,4.480722847229894,9.222065259350606,-6.986015879791977,4.739333529181559,-5.141916844390799,11.965904423483003,3.46598805607546,-1.3108399206405168,8.970370134858904,-9.332131729820205,-0.2544096962930754,8.701813754827228,3.4179817174468146,2.656345809533919
