n
25
c
72.67744372816469 77.32097058283286 70.48528347821554 -56.52783622084435 -85.38647690003279 113.46319025992034 7.706836005848457 84.35742020056877 -65.69254839432502 -113.00948894564594 -97.12376815456238 -3.4878234852004857 -107.84277415477314 81.99553496718877 106.85568520764208 23.532884329861457 54.77274677024777 4.802740746219873 -102.66357534718236 44.327864383612265 -90.87722852860651 74.84383490653002 83.39986743290338 44.61439473189732 -19.090581076218335
Q
-1.0309591183804612,-6.614592936139375,-0.13103603463837343,-0.5791964847474853,5.578691435497761,-1.8695069589733055,4.018425462217835,-8.935031682929482,12.034335224162737,10.70481038051967,-3.6981030743217707,4.2382666857789895,11.332176646162129,-5.292785167187403,-7.936235500106889,-0.09693963206247946,-3.149905901845974,-6.65449821748409,1.771131303564924,-3.9892669003457133,14.120378850994083,-11.467325462585652,1.2945892189196502,8.713412986924736,-2.425096307678759
-6.614592936139374,1.1710533847887383,5.3707131334010345,5.768584413158641,5.859457371730578,-8.330782060555867,-0.987305367261492,-0.7654291046308096,3.063807991537683,2.7556917153276332,17.151565587821544,-0.37384029619948067,9.26502143442187,-1.506494292937617,2.3239519010754215,-3.0289824901898115,-10.988295504261844,4.325724310733926,4.702546553745495,-11.709101823234402,0.33279507451826107,-0.062322875245615084,-13.472918196649202,-4.939682190180027,7.421429422284853
-0.13103603463837432,5.3707131334010345,5.874844306234511,8.318770092483739,9.87065232762005,-9.687669659565067,0.2608851368727616,3.8619295984101814,4.719256311333241,5.973325975305146,-0.3716540669269922,6.199065179439581,2.922282095929275,-11.111821637798275,0.23172737907991475,-1.9567728221971052,0.9422396045822017,-2.3447267498484146,11.817296529984764,-13.676125148590364,6.090506413968087,-8.629837629992856,-7.667530987562282,-0.3313478605174536,-7.311248468738582
-0.5791964847474849,5.768584413158642,8.31877009248374,-9.921681795424503,-12.20641185771977,7.042566151460805,-8.993689933184465,3.873622776691676,-0.758111836842466,-1.8787397739681044,-5.104416545129999,-1.178854749389838,-15.582204989454379,-1.9911422433284078,3.7456288886911375,-5.828479006998931,6.2692289077212076,-5.901874048547582,-2.789728069226407,16.175746255357094,-6.7827533652006835,1.3554639846385534,-6.496472027971157,2.4030243272515452,2.5589871567331173
5.578691435497761,5.859457371730577,9.870652327620048,-12.20641185771977,-7.7962818947605035,-1.0143082604478644,1.7962878832733844,-5.6142796339090335,-17.61841506206105,0.4360284471793394,-4.535846843192318,3.3159268146969247,-7.504073693766911,-1.181267987668586,14.497502406147609,2.952806597937523,17.269029009781356,2.754662744220665,-6.472688251992894,10.361940695519689,-4.981400989402344,-0.49314011001360125,5.130992376935466,2.201504918797494,2.2728822322266007
-1.8695069589733055,-8.330782060555867,-9.687669659565065,7.042566151460805,-1.0143082604478637,-5.932189179640181,5.092236587219626,-9.636008294516607,0.8339016761599877,3.7239577097612884,6.335360789916443,-8.629884311282305,6.356970631107051,4.717081492163055,-12.031097633214467,-4.425311068111213,-8.796452841649607,-3.9855404584006404,1.582125864003642,2.0913176041826964,3.8399897138197785,-13.29552192600049,-5.72296982699836,-0.6894552412712314,-0.22342594589474646
4.018425462217835,-0.9873053672614924,0.2608851368727616,-8.993689933184465,1.7962878832733842,5.092236587219625,3.8552306738391655,7.023738446505401,-4.543188062675973,4.485317645557677,-3.26585178617008,0.20874731278830866,0.4159996942322236,-9.737159226138651,-8.23973281548071,-0.09886771165889074,-6.641610022634962,0.4887173029846307,-5.066730212386488,-2.496216308728012,4.66231822857654,-1.1172534214882825,0.3063084581414147,2.2073242759050054,-0.04732499163949369
-8.935031682929482,-0.7654291046308085,3.861929598410181,3.8736227766916773,-5.614279633909034,-9.636008294516607,7.023738446505403,13.643729085558578,2.732197170445196,0.5878469224648517,5.92780863554105,-4.711605097022857,5.733954923716404,-10.692365115231127,4.178471127534023,6.600865980610706,-5.967144577688931,-8.525295256071315,4.51060136852042,4.330334747001082,5.122972234221106,-2.7535300434191727,-2.042635093964295,-3.6864834286843697,5.2798170515833895
12.034335224162737,3.0638079915376815,4.719256311333241,-0.7581118368424655,-17.61841506206105,0.8339016761599887,-4.543188062675973,2.7321971704451964,0.21970516692649866,-0.910853804109169,-10.06961332942362,-1.8259194611923806,-8.905214375297717,2.05198267038784,6.854884916376874,-5.136751623003054,14.207926526926652,6.121287745120726,-4.9968851346085055,-3.2775651474142053,-11.746530311459892,-4.700866790781726,3.500340104731854,5.8652511370905325,3.6844647956321976
10.704810380519667,2.7556917153276332,5.973325975305145,-1.8787397739681047,0.4360284471793394,3.7239577097612893,4.485317645557677,0.5878469224648509,-0.9108538041091689,1.2334016055211472,-5.72047042080984,-0.017992000638190953,-2.688920217143788,5.922381261549917,8.39229366157593,3.093721899953265,5.996082034806594,-3.2990228847177336,1.6826069900077343,7.253274868739945,-4.155257237726863,0.41303663255653533,10.730652760526208,8.245335314394124,4.808259825360506
-3.6981030743217715,17.151565587821544,-0.3716540669269919,-5.104416545129999,-4.535846843192319,6.335360789916443,-3.2658517861700798,5.927808635541049,-10.069613329423618,-5.720470420809839,-2.1824268334343087,0.08045028167922108,0.8357039459457261,9.444793091110538,3.28868402611373,0.391944464854743,6.737312326104338,-1.157856019131188,-0.7677712054937341,1.8091109148727353,-9.846047824704677,1.7073796186931327,7.887640132248882,8.093112702430089,1.6304127318680524
4.238266685778989,-0.37384029619948045,6.199065179439581,-1.1788547493898367,3.3159268146969243,-8.629884311282305,0.20874731278830866,-4.711605097022857,-1.8259194611923815,-0.017992000638190953,0.08045028167922103,3.835168607471838,6.575114422391214,7.977331778269227,-4.2823815511228105,0.9326070767656975,5.462925285946526,-0.5090125385843067,4.190812631549315,7.3762126576187015,-9.635603536202531,-2.5566376680711804,1.1260832822512978,4.237322265876793,0.05632203692327176
11.332176646162129,9.26502143442187,2.9222820959292757,-15.582204989454382,-7.504073693766911,6.3569706311070515,0.4159996942322236,5.733954923716404,-8.905214375297717,-2.6889202171437874,0.8357039459457253,6.575114422391213,-7.579245460012695,4.335932748849296,3.923839507440043,-7.763254334482127,7.323461469943513,-1.4710999316637956,-10.747794502633642,13.183755401908757,-4.995456130317836,6.278153205374251,4.0903334145993195,8.665562958308108,3.2642017881659933
-5.292785167187401,-1.5064942929376168,-11.111821637798277,-1.9911422433284076,-1.1812679876685863,4.717081492163055,-9.737159226138651,-10.692365115231127,2.0519826703878405,5.922381261549917,9.444793091110538,7.977331778269226,4.335932748849295,1.1757186697588309,-0.7230761683952298,-3.6070909247284773,-2.510468114194605,7.933315542885953,12.984715904802906,-1.8230615899722964,2.1874443890586224,-2.520655552060466,-1.555878788568767,-6.784649600508187,-1.8372034358680738
-7.93623550010689,2.323951901075422,0.23172737907991492,3.745628888691137,14.497502406147609,-12.031097633214467,-8.23973281548071,4.178471127534023,6.854884916376873,8.392293661575929,3.2886840261137302,-4.28238155112281,3.923839507440043,-0.7230761683952296,3.6561839402269287,-5.371494284092076,-4.387230053578392,-3.197450410823328,4.460595863545476,-2.0226478028277697,-2.633673074800728,-3.5564296860748374,-2.416460198356604,2.4787380825798935,-7.083376057053695
-0.09693963206247891,-3.0289824901898106,-1.9567728221971064,-5.82847900699893,2.9528065979375224,-4.425311068111213,-0.09886771165888986,6.600865980610704,-5.136751623003052,3.0937218999532656,0.39194446485474327,0.9326070767656982,-7.763254334482127,-3.6070909247284773,-5.371494284092076,4.572274976143088,-0.8872707573683556,1.2757366605882972,-6.80335700491773,-5.980809427817613,-9.757870010033818,0.6974141779603016,-8.09807524371858,1.2377021806441646,0.9457323988637167
-3.1499059018459725,-10.988295504261844,0.942239604582202,6.2692289077212076,17.269029009781356,-8.796452841649607,-6.641610022634963,-5.967144577688932,14.207926526926652,5.996082034806594,6.7373123261043375,5.462925285946527,7.3234614699435125,-2.5104681141946057,-4.387230053578392,-0.8872707573683563,4.956047763649227,-5.665498850931979,9.077677406444552,-1.1385004266450376,18.522038075544067,0.9980886426576875,-7.650402470872102,-4.3578753936045995,-6.173100636178873
-6.654498217484091,4.325724310733927,-2.344726749848414,-5.901874048547581,2.754662744220665,-3.9855404584006404,0.4887173029846301,-8.525295256071315,6.121287745120726,-3.2990228847177336,-1.157856019131187,-0.509012538584306,-1.4710999316637947,7.933315542885953,-3.1974504108233273,1.2757366605882972,-5.665498850931979,3.3472870998199373,-7.369697777549296,6.206097673514573,2.116290921407534,9.334687668305559,6.065069253832576,6.322910648440388,-0.17908666016928976
1.7711313035649248,4.702546553745495,11.817296529984764,-2.7897280692264066,-6.472688251992894,1.5821258640036415,-5.066730212386488,4.510601368520421,-4.9968851346085055,1.6826069900077334,-0.7677712054937347,4.190812631549315,-10.747794502633642,12.984715904802906,4.460595863545476,-6.80335700491773,9.077677406444552,-7.3696977775492964,6.081897461569563,14.025279951657748,-6.388059440631416,-8.033586464045012,3.3345478700602738,8.973134277661229,1.2169156833429788
-3.9892669003457124,-11.709101823234402,-13.676125148590362,16.175746255357094,10.361940695519689,2.091317604182697,-2.496216308728012,4.330334747001081,-3.2775651474142053,7.253274868739945,1.8091109148727347,7.3762126576187015,13.183755401908757,-1.8230615899722968,-2.022647802827769,-5.980809427817613,-1.1385004266450376,6.206097673514572,14.025279951657748,11.603835956054262,10.696939130505644,4.294262498345663,-12.410749043424223,-2.767089447588417,3.9010900610126202
14.120378850994083,0.3327950745182612,6.090506413968086,-6.7827533652006835,-4.981400989402344,3.839989713819778,4.66231822857654,5.122972234221106,-11.746530311459892,-4.155257237726863,-9.846047824704677,-9.635603536202531,-4.995456130317836,2.187444389058623,-2.633673074800728,-9.757870010033818,18.522038075544067,2.1162909214075345,-6.388059440631416,10.696939130505644,-5.487464519155348,5.293357171028811,1.9312327194739536,13.953180506331407,-3.1931937183301065
-11.467325462585649,-0.06232287524561547,-8.629837629992856,1.355463984638554,-0.4931401100136014,-13.29552192600049,-1.1172534214882832,-2.7535300434191736,-4.700866790781727,0.4130366325565349,1.707379618693133,-2.556637668071181,6.2781532053742515,-2.5206555520604654,-3.556429686074837,0.6974141779603014,0.9980886426576864,9.334687668305559,-8.033586464045012,4.294262498345663,5.293357171028811,-4.559416598180826,-7.575044715689719,2.9391287644648205,-1.5414474519416879
1.2945892189196502,-13.472918196649202,-7.667530987562282,-6.496472027971157,5.130992376935465,-5.722969826998361,0.3063084581414147,-2.0426350939642934,3.5003401047318534,10.730652760526207,7.887640132248882,1.1260832822512983,4.090333414599319,-1.5558787885687675,-2.4164601983566043,-8.09807524371858,-7.650402470872102,6.065069253832575,3.334547870060273,-12.410749043424223,1.9312327194739538,-7.575044715689718,-2.6318895666641393,4.9677054901308235,-5.588931841480877
8.713412986924734,-4.939682190180026,-0.3313478605174529,2.403024327251547,2.201504918797493,-0.6894552412712316,2.207324275905005,-3.6864834286843693,5.865251137090532,8.245335314394124,8.093112702430089,4.237322265876793,8.665562958308108,-6.784649600508188,2.478738082579893,1.2377021806441644,-4.357875393604599,6.322910648440387,8.973134277661229,-2.7670894475884156,13.953180506331407,2.9391287644648205,4.967705490130822,-4.2399677522303225,-0.9925994355555803
-2.4250963076787597,7.421429422284853,-7.311248468738582,2.558987156733117,2.272882232226601,-0.2234259458947462,-0.047324991639493,5.2798170515833895,3.6844647956321976,4.808259825360505,1.6304127318680528,0.05632203692327223,3.2642017881659924,-1.8372034358680733,-7.083376057053695,0.9457323988637172,-6.173100636178873,-0.1790866601692892,1.216915683342978,3.9010900610126202,-3.193193718330107,-1.5414474519416883,-5.588931841480876,-0.9925994355555794,3.135144020320987
