n
25
c
-115.41544110920226 -9.833041228165493 -90.59251270933524 6.721675695899876 92.94862953945844 5.399140556750831 -78.90723901489324 -108.94396707841163 -98.74201841502287 74.68100631676111 -121.41477441968352 107.32893965968651 -9.726643648272004 106.65833678708185 -18.636140095832562 59.13459071232008 -5.927568926107957 97.13123521378219 8.805982275826539 -11.536495346315109 -24.903095127423178 -110.89079886156475 -103.62022003241054 -11.106474930365396 102.55846030058173
Q
-6.839540274153605,0.717655270863444,-1.8799452829772456,-3.3883306702704443,5.712632202110584,-5.19561884453041,-4.494240364098334,1.3277173549815897,-8.604754599606931,7.700072739047957,-10.003683273321547,3.6676129431078994,0.6706330182739082,10.514971634795204,-0.4028859062448791,7.427771871565686,-0.9771429384068473,12.392363838121886,-1.9541877391727476,6.752956187821432,6.9293549437972715,-5.134168931433141,-9.921091861779496,2.4571033253684122,7.281486048866245
0.7176552708634434,5.164893963480741,8.507838712700698,-0.610092700465519,-0.4534976783161867,0.431156582103133,2.134526271502996,-5.885107567992808,-2.1514981615596476,1.7756933166522637,-0.7642187824140814,-4.404089768748141,-0.2185372457578959,-4.098222105616387,-0.3828752291266125,3.403822058144197,0.03557536565379346,0.8294189308800926,-0.8162391332978238,-0.1157971891723098,0.47623957429625285,3.6394424196481645,-0.5506484456181603,1.3770823558082395,8.402293319495506
-1.8799452829772454,8.507838712700698,-8.422109254014615,-4.792763767105379,-5.810983041277278,-8.887848414131646,-2.6427754282092475,-2.7755607898181585,-4.617168198739256,5.750182165713332,-0.495682051861419,10.607777437916006,7.659677988728408,0.5977607352993014,-0.7612567452626593,13.086632305124716,1.3082712760146897,12.633770950262688,1.2054442318577978,2.5914558015662434,7.312765886081913,-9.339659530359146,-6.706858760156701,-1.802351454540072,1.0188971297722054
-3.388330670270444,-0.6100927004655194,-4.792763767105379,3.8674060472673566,-0.11341566138811654,-0.4424850822011228,-8.68483308382539,4.521472473387973,0.8412588476030938,-1.7167167194328476,5.459222790382333,-0.5825004768716073,-0.6420248916790643,-3.965047530989807,-0.9206725804395735,2.740819432886235,-0.6656841453737381,-0.13468410266157083,-0.18073053810532613,0.14172818350451255,1.3615217435318139,-2.170046063248053,2.2578797681394454,0.6300522391082974,-3.8091827840666213
5.712632202110585,-0.45349767831618637,-5.810983041277277,-0.11341566138811665,3.643003216982386,-1.1369000009206767,-0.37192415511870425,4.5225586492302945,8.01398943484172,-7.5910547490529074,5.6569458314751415,-6.3202010939930116,-6.729139138072134,-2.368078726867808,0.2504704196020824,-2.4306128960058517,-1.4989853684341998,3.5034615478866558,4.849155204698375,-1.5339407024559333,3.140212695162182,-5.776492440083082,10.572981523014487,-7.9586683248857595,-8.622280917514269
-5.19561884453041,0.43115658210313346,-8.887848414131646,-0.44248508220112226,-1.1369000009206771,4.671566845741121,6.175043215384404,8.440297346073537,0.6150111902223682,-1.5739879801412484,-3.0090941784493372,-5.947384660682545,0.2937137661294835,2.8480245581260792,0.6807522775544128,-0.6470745562073918,0.5632020887356415,-4.652277259406722,0.5535756101727107,-0.7196789862969896,0.940087017350951,-5.286649299295672,-1.142440000494713,0.2685187995062034,-2.9924858033299557
-4.494240364098335,2.1345262715029967,-2.642775428209248,-8.684833083825389,-0.3719241551187029,6.175043215384404,6.477943041088452,-1.1988038521898363,-4.337091123283957,-1.5245117271730497,3.543470761222289,10.987851724830712,3.375322247178822,0.9211287324849267,7.843953531599673,12.873172631073704,-0.8465432566932974,0.9121457920069895,-1.2567546464693555,-8.688292276271696,-0.948122047693397,-3.6364898925887275,-9.650318580127044,0.03182664298775151,6.222714268766015
1.3277173549815915,-5.885107567992806,-2.775560789818157,4.521472473387973,4.522558649230293,8.440297346073535,-1.1988038521898365,0.9527412882111843,-10.745772868847782,6.032752883286253,-10.19441715661434,2.633509522921911,-2.0231903959059734,8.739696195951161,-2.83481005488881,6.200580527085789,-7.948749424505788,5.616090994778728,-1.0137084582491453,-2.4127965769679474,-2.7983579876584947,3.2368929090273393,-6.111964446645928,0.21564918189161397,-5.241673398436549
-8.604754599606931,-2.1514981615596454,-4.617168198739256,0.8412588476030939,8.013989434841722,0.6150111902223678,-4.337091123283956,-10.745772868847782,-8.571006110996624,-2.5866887416722344,-2.7136283417760705,13.535984909223842,-3.051388206582097,-4.960725234639397,4.543187849698292,8.476978091812994,6.328951593813369,1.2416680111550515,-6.574507316179813,-2.364423014942764,5.440299597120992,-1.913814314765222,-1.0171025988736786,2.3681790517284615,-0.35529413440540347
7.700072739047956,1.7756933166522644,5.7501821657133325,-1.7167167194328474,-7.591054749052908,-1.5739879801412475,-1.5245117271730497,6.032752883286253,-2.586688741672234,8.863344554525591,2.7930937529944133,-4.548665247521431,1.8299916846517919,5.13361982074683,7.657063730927954,-6.79558726440437,1.6967886430429377,-0.5692248331554691,-0.7101168399136664,1.3001608737147394,4.412986688505228,13.42097747896187,6.71841155806404,-3.978011924765827,-1.1236639986173593
-10.003683273321549,-0.7642187824140816,-0.49568205186141934,5.459222790382334,5.656945831475143,-3.009094178449338,3.5434707612222884,-10.194417156614339,-2.71362834177607,2.7930937529944138,4.097085892153828,-4.2288365760844595,0.10496527705535477,-1.3091207303115007,4.211276301585476,14.013757044297812,1.331535619856637,8.869615340207094,9.894130406719228,3.5173328124501997,0.4218256457593481,-3.619464742046011,5.044312533683782,-0.2422740893055364,6.413304506744322
3.6676129431078994,-4.404089768748141,10.607777437916006,-0.5825004768716068,-6.320201093993012,-5.947384660682543,10.98785172483071,2.633509522921911,13.535984909223842,-4.548665247521432,-4.2288365760844595,-3.9352029344853143,-8.234243426640038,-4.2380347232994975,5.405522022515845,-15.081452348058868,-7.421917732503255,-2.3927370453446923,-4.65243778282703,-1.4194906713456006,-1.1155271354932963,1.3727794141733054,14.035109077050025,4.840936778832055,1.7462652399867418
0.6706330182739078,-0.21853724575789635,7.659677988728408,-0.6420248916790643,-6.729139138072133,0.2937137661294832,3.3753222471788216,-2.0231903959059747,-3.0513882065820983,1.829991684651792,0.10496527705535484,-8.234243426640038,5.508505860315513,-1.3096751820092547,-0.24735321237555974,3.639159889882431,-0.7930638276190868,0.9409707877275166,-0.38708356885535405,1.053357017233516,-0.9978332184613112,-0.4518125685391691,0.08851969164781837,-0.32233060564191196,-3.025569935357962
10.514971634795204,-4.0982221056163874,0.5977607352993015,-3.9650475309898066,-2.3680787268678074,2.84802455812608,0.9211287324849262,8.739696195951161,-4.960725234639397,5.13361982074683,-1.3091207303115007,-4.2380347232994975,-1.3096751820092551,1.379464565380423,6.234272914479186,0.501767999881778,-0.28631487536335215,-0.12398349286335342,6.467593205307785,-1.7816535271961014,-8.038520158800765,0.02969696576990799,5.007344972983467,8.278577323723614,-3.2329706535990232
-0.4028859062448791,-0.382875229126612,-0.7612567452626596,-0.9206725804395735,0.2504704196020815,0.680752277554413,7.843953531599672,-2.8348100548888095,4.543187849698292,7.657063730927955,4.211276301585476,5.405522022515844,-0.2473532123755588,6.234272914479188,3.413505439284328,-4.1833766634500265,0.1806624889486469,2.8794348784854966,0.10733691830782566,-1.2291321566901283,0.4681041719199932,6.13438943986194,-2.2709358253075487,0.09386850235537103,-0.5813309895154819
7.427771871565687,3.403822058144196,13.086632305124716,2.7408194328862354,-2.4306128960058526,-0.6470745562073925,12.873172631073704,6.200580527085789,8.476978091812992,-6.795587264404371,14.013757044297813,-15.081452348058866,3.63915988988243,0.5017679998817779,-4.183376663450028,-11.546996146991331,5.8751218409311114,-2.870984630606324,-0.12827385403514058,0.3797555271744988,-9.893046500522427,6.505566633367743,9.516307099638897,6.049893977462778,-2.935929138070328
-0.9771429384068457,0.0355753656537936,1.308271276014691,-0.6656841453737384,-1.4989853684341992,0.5632020887356401,-0.8465432566932973,-7.948749424505788,6.328951593813369,1.6967886430429373,1.3315356198566386,-7.421917732503254,-0.7930638276190864,-0.2863148753633532,0.18066248894864662,5.875121840931113,4.761545894978925,-2.684146109583393,-0.5741837783934374,-0.015501409642716513,0.038821175377791395,3.2250994768931305,1.6588135698268662,0.5899646069865747,-6.924523648815993
12.392363838121886,0.8294189308800923,12.633770950262688,-0.13468410266157083,3.5034615478866566,-4.652277259406722,0.9121457920069913,5.616090994778727,1.2416680111550522,-0.5692248331554695,8.869615340207094,-2.392737045344693,0.9409707877275154,-0.12398349286335303,2.879434878485498,-2.8709846306063254,-2.6841461095833936,-8.59829517424606,-5.917572872069029,5.069401364739729,-0.4537264961765528,1.9451876776615502,7.015663422419476,3.673200716751234,-11.56963733628874
-1.954187739172749,-0.8162391332978234,1.2054442318577985,-0.18073053810532702,4.849155204698375,0.553575610172711,-1.2567546464693575,-1.0137084582491456,-6.5745073161798135,-0.7101168399136668,9.894130406719228,-4.652437782827032,-0.3870835688553539,6.467593205307784,0.10733691830782616,-0.1282738540351398,-0.574183778393438,-5.917572872069029,5.771907954220652,0.10486725341623471,-1.7170547177671902,-10.11194415179445,-1.7775281628475448,0.6524518787685376,-5.220525460586352
6.752956187821433,-0.11579718917231152,2.5914558015662434,0.14172818350451327,-1.5339407024559326,-0.7196789862969896,-8.688292276271698,-2.412796576967948,-2.3644230149427647,1.3001608737147385,3.5173328124501992,-1.4194906713456001,1.053357017233517,-1.7816535271961005,-1.2291321566901292,0.3797555271744998,-0.015501409642716235,5.069401364739729,0.1048672534162356,5.66922339571733,0.10495971518379399,7.226611677889315,3.946205876953474,-1.0452801131922425,-1.2012747444663914
6.92935494379727,0.4762395742962522,7.312765886081914,1.3615217435318132,3.1402126951621816,0.940087017350952,-0.9481220476933975,-2.7983579876584943,5.440299597120993,4.412986688505228,0.42182564575934856,-1.115527135493296,-0.9978332184613119,-8.038520158800765,0.46810417191999476,-9.893046500522427,0.03882117537779184,-0.45372649617655325,-1.71705471776719,0.10495971518379466,4.456722051453095,0.1624872430546055,8.119876566279636,-0.11038990645540914,4.928667571496629
-5.134168931433139,3.639442419648163,-9.339659530359146,-2.170046063248054,-5.776492440083081,-5.286649299295673,-3.636489892588727,3.2368929090273397,-1.9138143147652227,13.420977478961872,-3.619464742046011,1.372779414173304,-0.45181256853916785,0.029696965769908656,6.134389439861939,6.505566633367744,3.2250994768931296,1.9451876776615507,-10.111944151794448,7.226611677889315,0.16248724305460494,8.97639448570283,-13.754349416164546,-0.8928041034752972,10.749347729831177
-9.921091861779495,-0.5506484456181595,-6.706858760156701,2.2578797681394445,10.572981523014487,-1.142440000494712,-9.650318580127045,-6.111964446645927,-1.0171025988736775,6.718411558064039,5.044312533683783,14.035109077050024,0.08851969164781759,5.007344972983466,-2.2709358253075482,9.516307099638897,1.658813569826867,7.015663422419476,-1.7775281628475446,3.946205876953474,8.119876566279636,-13.754349416164546,-8.709800486752334,3.147603777563899,7.964794401524911
2.4571033253684114,1.3770823558082401,-1.802351454540071,0.6300522391082969,-7.95866832488576,0.26851879950620217,0.03182664298774984,0.2156491818916142,2.368179051728461,-3.978011924765828,-0.24227408930553607,4.840936778832055,-0.3223306056419119,8.278577323723614,0.0938685023553738,6.049893977462777,0.5899646069865758,3.6732007167512335,0.6524518787685385,-1.0452801131922418,-0.11038990645540947,-0.8928041034752958,3.1476037775638988,5.687692143269311,-7.959763375953434
7.281486048866245,8.402293319495504,1.0188971297722054,-3.8091827840666213,-8.622280917514269,-2.9924858033299557,6.222714268766015,-5.241673398436549,-0.35529413440540303,-1.1236639986173587,6.413304506744323,1.7462652399867422,-3.025569935357962,-3.232970653599023,-0.5813309895154812,-2.9359291380703283,-6.924523648815992,-11.56963733628874,-5.220525460586352,-1.2012747444663923,4.928667571496628,10.749347729831177,7.96479440152491,-7.959763375953434,-2.739996258133182
