n
25
c
-105.63257291970578 -97.72541579110238 -92.71846797641206 -132.42102625173607 -6.262012826653974 81.79124665205129 -21.602254970535128 -64.16141476357161 -37.07016639117428 -96.99829828273549 124.10981452210554 -25.155006922706818 12.371476816872292 104.2529129322535 -107.00685713065309 3.623813767997325 0.52868179146071 99.49524434375233 -119.24242446179427 1.4421391262489014 -15.829054387548613 100.242182877365 124.40098289578913 25.471959437227714 77.75488245447706
Q
10.506140625177085,-6.675445869002544,-6.034915736690621,-1.916676649310327,-5.483811442615407,14.186360714184882,3.881961106083655,-1.47407215070746,8.184489844044634,-4.638270291209917,2.5149328190536497,-0.46858159749452355,-0.07860028192072632,1.3367810310252364,-7.027902251901104,-5.996517287247615,1.1038813066783917,3.5595969780699397,0.37256193071349,1.0916244485033955,-4.600002163454995,7.690207978032033,4.887237809052436,-3.5202136323749285,-1.9233469169178503
-6.675445869002544,-2.7326701743056665,-1.7331110009227926,-3.0794924749682617,5.023422378753096,4.664799359433396,8.85784644837131,-9.963856447306604,0.7811566665870975,-10.84133158266153,0.703196338023468,-5.59351074708247,-8.887597307671129,-6.727594511554213,-9.215402112998504,1.567872532488623,-2.216588613343365,4.966993928451203,1.8081327603928377,-2.035717309171498,4.526597942930255,9.409214876200602,0.04389972676048237,0.25397913965537455,0.6028395107750193
-6.03491573669062,-1.7331110009227895,14.966278007893985,8.930556059290522,-0.9705282930296235,4.835777068877873,-4.229746662630188,-14.180745889140791,3.9054907498813125,-4.358159000935151,-1.6383181242343567,6.8380133226480675,-0.8524917367236058,-5.602072508461443,8.046804709438323,-4.115238655864491,8.15067475738843,7.295708941509299,-5.612931392734968,-6.355925545352999,4.7823067272156825,4.005581334949684,-3.171786750377167,-0.09163012685026395,7.697569159186897
-1.9166766493103273,-3.079492474968262,8.930556059290524,12.520835203851242,3.6199241993679285,8.470555323941142,9.063751362628373,-8.376177083268109,10.111477767305535,-11.325910775719658,9.40820349126486,1.1722376584007794,3.125507588603287,-1.6081200351775122,-11.219008692376097,-0.45072253567196996,0.06574379702542088,11.933026629445852,2.3898480436705682,7.847762675486476,-0.8127630137602777,9.884445412592342,6.115512943811177,-9.620326761699044,2.680100849970658
-5.483811442615407,5.023422378753096,-0.9705282930296231,3.6199241993679285,5.401470046999082,6.626154310339183,0.22634631828768836,-1.4045755923307195,0.13821417425091725,3.454166725499515,2.4343586146657037,0.37083412705409535,1.8768001375155785,-2.178071780987381,-5.072471105476413,0.1901806637259155,0.050521113593655104,4.5465845298653615,3.4718395747992727,0.2306244836663882,0.4158301277996883,-5.796475151823777,0.6478580138739797,0.9438472308137456,-1.4239896511433336
14.186360714184882,4.664799359433396,4.835777068877874,8.470555323941142,6.626154310339183,-3.8074526978270633,0.7832544903094434,5.421620757524456,-6.4756648125996055,8.649383400208388,0.1300236221244817,3.246005536373964,1.0756419611459376,-9.868340199233891,1.7647795706609637,0.36892802940786673,-4.279697527269728,-2.3718302216484295,14.069190573459574,-5.552366354974423,1.3282544099418832,-8.800851292831524,-6.241644741519811,-1.9834968394991503,-8.355073593458766
3.8819611060836543,8.85784644837131,-4.229746662630188,9.063751362628377,0.22634631828768914,0.7832544903094438,4.606316986903123,4.799271052820482,1.758336818889621,6.479711132690817,-0.5351087049053386,-0.7696759554088297,0.20814186946757418,1.5332742062525146,-2.677164981630965,0.29460182055524786,-0.316785282064994,-5.888617879483946,-6.78231854857078,-0.2422350145874257,-0.626746836235742,-3.6919805184662553,2.033309327633063,1.8995359045904334,2.830231696611471
-1.4740721507074597,-9.963856447306604,-14.180745889140791,-8.376177083268109,-1.4045755923307182,5.4216207575244555,4.799271052820482,-5.114799215860103,-2.4386052722208182,-8.276100685506037,3.783452397494443,-4.5876566815241056,-5.952265300603498,16.84389870234439,2.995970551684212,-0.6497990819095318,2.17048770190712,11.733602299652068,-12.873238700941084,1.358923764242999,-1.740414562961183,12.02600732968982,-0.5995273732733453,-5.808431687540286,3.8966046572261286
8.184489844044634,0.781156666587097,3.905490749881313,10.111477767305537,0.13821417425091737,-6.4756648125996055,1.7583368188896216,-2.4386052722208174,5.906733012794514,3.3150553605872215,-0.14010174674189213,1.3959621729269196,0.45749209584849027,-0.24539543874437597,2.25612794673952,0.29304187956892536,-0.8262424495432823,3.1654509546655163,5.433522365662177,-0.5263320023110782,0.8073778856368516,-3.353640332218947,-9.432189685379285,-0.37297048038971936,0.9187124496043979
-4.638270291209919,-10.84133158266153,-4.358159000935152,-11.32591077571966,3.4541667254995168,8.64938340020839,6.479711132690817,-8.276100685506039,3.3150553605872233,2.239443106879336,-6.688521587631511,9.474526077368049,-6.034450150534851,2.415861108442885,-6.006100310345917,2.254345731658988,0.03382911163149738,10.454942659767584,5.735720972676717,0.7551359198679133,-0.3471783432623632,6.213818442788776,14.609085027766056,-9.29941700036636,5.353036452453738
2.5149328190536497,0.7031963380234658,-1.6383181242343563,9.40820349126486,2.4343586146657037,0.1300236221244826,-0.535108704905339,3.783452397494444,-0.14010174674189174,-6.688521587631509,6.631485906479959,-1.087577360537277,-4.259260320023737,-14.219948454555253,0.23928368146351398,-2.5138796896421614,9.178862230956273,-7.056826511676887,10.577372609700396,3.2485465679529364,5.0333605898244524,-1.2255196363285872,-6.756948647514208,-8.167570567562484,-2.034127848107103
-0.46858159749452477,-5.593510747082471,6.838013322648066,1.1722376584007799,0.37083412705409685,3.246005536373965,-0.7696759554088296,-4.587656681524104,1.3959621729269207,9.47452607736805,-1.087577360537276,4.821995628609402,0.2486881357940267,3.8279923740317248,8.350440141979236,-0.6679293338579106,0.4331202526324225,-1.0034350044695475,7.732850359961278,0.10443301891987256,0.07334138639138621,-7.829341587014637,-5.916607802052672,-1.5061964437421231,4.919264868260059
-0.07860028192072682,-8.887597307671129,-0.8524917367236053,3.1255075886032864,1.8768001375155778,1.0756419611459382,0.2081418694675734,-5.952265300603499,0.45749209584849004,-6.034450150534852,-4.259260320023736,0.24868813579402738,5.155561198451797,-1.4426024993019602,-3.37337880971118,0.3995436692554949,0.6572644085832773,-2.844562635374837,2.954308161244647,0.6025733047799444,0.5112508051336595,1.4557462604447795,-4.244197305781149,-0.1926142439787646,4.210480210716655
1.3367810310252377,-6.727594511554211,-5.6020725084614424,-1.6081200351775122,-2.1780717809873815,-9.868340199233891,1.5332742062525155,16.84389870234439,-0.24539543874437575,2.415861108442885,-14.219948454555254,3.8279923740317257,-1.4426024993019606,10.509918312058472,2.6916152060815737,5.248284266998347,-4.873515056579787,0.23613979148479602,2.4789834255893215,10.716200220036265,4.678361012448418,2.5601764959881455,-7.453910579233325,-1.3703605905139185,-2.351556837472835
-7.027902251901103,-9.215402112998504,8.046804709438325,-11.219008692376097,-5.072471105476412,1.7647795706609637,-2.6771649816309657,2.9959705516842106,2.2561279467395208,-6.006100310345916,0.23928368146351414,8.350440141979236,-3.37337880971118,2.6916152060815755,-1.66549812000898,-6.814048953299213,-3.732381000241468,10.653894814016676,0.14741239928454908,-3.5994245395665976,-0.7727128924055362,5.905670583568261,0.06595115201802537,4.121935972221373,7.605205352403762
-5.996517287247614,1.5678725324886251,-4.115238655864492,-0.45072253567197085,0.1901806637259167,0.3689280294078663,0.2946018205552481,-0.6497990819095328,0.2930418795689247,2.2543457316589857,-2.513879689642161,-0.6679293338579111,0.3995436692554952,5.248284266998347,-6.814048953299214,5.831748227627224,-0.07047246409072855,-8.196450978597879,6.7770973419873375,-0.004207435897312095,-0.3210646900699674,-4.739643834111705,5.4052684122691,-0.1380327948057245,1.8501886630822355
1.1038813066783923,-2.216588613343365,8.15067475738843,0.06574379702542044,0.05052111359365252,-4.279697527269728,-0.316785282064993,2.1704877019071205,-0.8262424495432813,0.03382911163149749,9.178862230956272,0.4331202526324215,0.6572644085832777,-4.8735150565797865,-3.7323810002414666,-0.07047246409072849,4.644311482916947,-4.321428783970586,-7.071356757592747,-0.30954525814944467,0.8384045903181487,-4.343970162817204,-7.740929027740986,-0.4245411521575633,2.2900156875471662
3.5595969780699415,4.966993928451201,7.2957089415093,11.933026629445852,4.5465845298653615,-2.37183022164843,-5.888617879483948,11.733602299652066,3.1654509546655163,10.454942659767582,-7.056826511676884,-1.0034350044695468,-2.8445626353748366,0.23613979148479397,10.653894814016676,-8.196450978597877,-4.321428783970586,-10.244895162141912,3.8622190014102618,-1.305233541546645,-9.206616135938916,-15.660029080846023,-6.866191216041095,-0.1110865738092901,5.420574706032945
0.3725619307134894,1.808132760392839,-5.612931392734967,2.3898480436705682,3.4718395747992723,14.069190573459574,-6.782318548570779,-12.873238700941084,5.433522365662178,5.735720972676716,10.577372609700396,7.732850359961277,2.954308161244646,2.47898342558932,0.14741239928454908,6.777097341987336,-7.0713567575927465,3.86221900141026,-5.909328344073115,-3.976508080874897,8.63622437136619,11.155619144557464,6.271657885090155,-3.2955093390649903,-2.111165352057541
1.091624448503395,-2.0357173091714977,-6.355925545352998,7.847762675486474,0.2306244836663891,-5.552366354974422,-0.2422350145874259,1.358923764242998,-0.5263320023110798,0.7551359198679126,3.2485465679529377,0.10443301891987272,0.602573304779944,10.716200220036264,-3.5994245395665994,-0.0042074358973117065,-0.30954525814944467,-1.305233541546646,-3.976508080874897,6.112812365147954,0.23200643706545998,8.290019108448371,-2.443062403646307,0.30437541893591313,-1.777568965635465
-4.600002163454997,4.526597942930256,4.782306727215681,-0.8127630137602779,0.4158301277996874,1.3282544099418834,-0.6267468362357427,-1.740414562961185,0.8073778856368525,-0.34717834326236363,5.033360589824451,0.07334138639138632,0.5112508051336593,4.678361012448418,-0.7727128924055373,-0.3210646900699672,0.8384045903181492,-9.206616135938916,8.63622437136619,0.23200643706545976,5.467072292913535,-3.883832116191997,1.6297534791337296,0.18447078908401005,4.355790346125301
7.690207978032033,9.409214876200602,4.005581334949683,9.88444541259234,-5.796475151823778,-8.800851292831524,-3.691980518466255,12.026007329689822,-3.353640332218948,6.213818442788776,-1.2255196363285876,-7.829341587014637,1.455746260444779,2.560176495988145,5.90567058356826,-4.739643834111705,-4.343970162817202,-15.660029080846021,11.155619144557464,8.29001910844837,-3.8838321161919973,-8.22544192090849,-2.8317623622197465,-2.028379863864461,-7.630510948774246
4.887237809052436,0.04389972676048148,-3.1717867503771657,6.115512943811177,0.6478580138739807,-6.241644741519811,2.0333093276330656,-0.5995273732733442,-9.432189685379281,14.609085027766056,-6.756948647514209,-5.916607802052671,-4.244197305781149,-7.453910579233326,0.06595115201802493,5.405268412269101,-7.740929027740986,-6.866191216041093,6.271657885090154,-2.443062403646307,1.629753479133728,-2.831762362219747,6.70572336561982,-6.040412317933781,-12.529985445405716
-3.5202136323749285,0.2539791396553748,-0.09163012685026484,-9.620326761699044,0.9438472308137449,-1.9834968394991501,1.8995359045904334,-5.808431687540285,-0.37297048038971914,-9.29941700036636,-8.167570567562482,-1.5061964437421234,-0.1926142439787648,-1.3703605905139198,4.121935972221373,-0.1380327948057262,-0.4245411521575619,-0.11108657380928877,-3.295509339064988,0.30437541893591247,0.18447078908401005,-2.0283798638644615,-6.040412317933783,6.707055944770067,3.479357984095427
-1.9233469169178514,0.6028395107750187,7.697569159186899,2.6801008499706582,-1.4239896511433345,-8.355073593458766,2.83023169661147,3.896604657226128,0.918712449604399,5.353036452453738,-2.034127848107103,4.919264868260058,4.210480210716654,-2.3515568374728346,7.605205352403761,1.8501886630822366,2.290015687547167,5.420574706032943,-2.111165352057541,-1.7775689656354654,4.3557903461253,-7.630510948774248,-12.529985445405714,3.4793579840954294,12.965183920031773
