n
25
c
84.8702959841791 -52.00261825904662 -70.04746462989128 15.814628544203844 -75.58735617195391 -44.49321919065324 6.932911401174325 42.10440281463354 -55.17190732585108 -85.0762698717414 66.84616164452729 -67.82149109286192 -49.70730746459356 -26.950009867413474 43.41813470489934 29.51083033230413 -85.83239073841479 -60.656811123011956 -61.92541042008607 -84.09876926176928 9.977810884404972 -36.170700194530596 19.283926799925265 65.73716146678906 -93.8200514966761
Q
-10.603048277559395,8.573489146153628,2.2874754316964605,-0.9021256853096651,9.831174059738279,0.1749982710188296,1.8854322086059612,-6.0919292520741415,-3.6639129719133177,4.57725398564361,-12.445588870349667,15.033159623869166,2.2180275368290445,8.600489174037232,-12.893217848612592,-0.11984511375282253,16.790884119266376,-3.785279507410789,4.27024004585485,14.06984537236998,-1.7294054208462688,0.485226737451041,-4.529501761523227,-12.129174155418447,2.9439358693857303
8.57348914615363,13.467431305017163,3.2128560687233083,-1.6595242699982646,-7.112127558598907,-8.09185930303469,-1.0393634174887745,8.586294579669925,-12.708256724673628,-11.874282219380953,-3.0770965814372624,-4.572220317687725,-13.851819114356509,5.9800119212551035,-4.309349316878592,-0.43399282600327416,-12.278535527945603,-2.9257435106756517,-7.776424581966727,-3.457199851013713,4.242399865979639,-7.977041498127056,-3.8503819401479267,0.3612834858517029,-9.036158198984758
2.2874754316964596,3.212856068723308,7.774316084575847,-6.852014131088266,-3.1417763705263746,-12.958847325651424,-2.2859683702947535,4.433357947386103,-7.028807721432857,-0.7641457494062442,2.7748977463410442,-4.388537411682314,-11.123616736290284,2.7268476493728206,7.559565086522613,-4.218429969032388,-1.7273537060148403,-1.5142914096695175,0.2578376454154535,-10.420166638068043,8.173172204483258,-1.361154404327311,-5.185736738634234,1.4349677766324602,-7.213237552545954
-0.9021256853096651,-1.6595242699982637,-6.852014131088266,4.635308811401645,-10.7514220964123,-5.862462061918563,-0.12278829574345496,0.3928188413601865,1.5681454347148756,3.6549416796226453,3.662587978209194,6.294493622523858,-5.870865841546841,1.2337732188308688,0.11568255043539062,1.3138732357819243,0.2812719310427055,-10.546047631055199,3.3005507130395357,8.20028552085352,-0.12222988233013843,0.3735582943347698,-0.5027232710677678,3.173244389990277,-0.6470959131090284
9.83117405973828,-7.112127558598907,-3.1417763705263733,-10.7514220964123,9.138086552322145,-11.227562537819075,-1.8158560073885077,7.989710726738406,-3.8122081817521014,-14.300587487536928,1.07675105091635,-3.3031664331711257,-3.7086997254954848,8.878072664134436,10.137629691081747,-2.8031695238519374,-6.653903373651997,-11.545698196422824,-10.60888428717319,-6.676251137317607,10.522175274406319,-9.322468855234847,-3.2692009909580184,8.038880101849902,2.194400583280496
0.17499827101882998,-8.09185930303469,-12.958847325651426,-5.862462061918562,-11.227562537819074,-14.881393891070227,5.190115615192674,1.452367684833007,-8.479635277443924,-0.8568391771841021,-1.159420994891183,-3.5691609298656073,-4.9524078246518215,6.131338763431138,11.15198589830201,-3.0327875468040295,-7.478217582869738,-1.5052022756750796,-2.9598447831632786,4.058990379348972,-0.0797838255362272,-7.037126488744896,-5.4421146005610925,8.55964246444669,-14.412457461982367
1.885432208605961,-1.039363417488775,-2.2859683702947535,-0.12278829574345473,-1.8158560073885082,5.190115615192672,5.7096749431297,7.235813348965108,-5.922728713886347,-0.5376478310589325,1.467950285794013,4.818116577143496,-2.901750206019576,-0.41080295043207427,-2.893588894853048,-0.04480042175155363,-2.709308005695545,0.5821555406149675,-0.7332965684484436,-4.559512207177566,0.40738713099739754,-1.267577367931144,-0.9419420915910939,-2.227769102083954,5.852299432086519
-6.091929252074141,8.586294579669925,4.433357947386102,0.3928188413601865,7.989710726738408,1.4523676848330072,7.235813348965107,1.7834267708019036,4.37702574009409,7.008049239766113,1.013724759891958,3.4100831940925085,5.831026404617724,-5.214448235557546,-0.34614134274744,0.6780076763746533,7.593232005467256,13.426040488349111,6.196440302955924,0.8076621612442452,6.050717001658508,6.404784275921249,3.08185393088021,7.798985489242168,8.45828261360765
-3.6639129719133168,-12.708256724673628,-7.028807721432859,1.5681454347148762,-3.8122081817521014,-8.479635277443926,-5.922728713886348,4.37702574009409,-5.869817804103196,1.5455936329572517,6.580496933637173,-2.99721572684203,-4.9490642177230875,2.7861924494967916,4.160847226221475,0.13681884720235504,5.061877252384608,-1.0341962500557975,-2.964034198400401,-2.4983916164388287,-8.469583707071946,-8.452570051882446,1.9465634700074967,1.8701581175916207,-3.6761430007215274
4.57725398564361,-11.874282219380953,-0.7641457494062442,3.6549416796226453,-14.300587487536928,-0.856839177184102,-0.5376478310589339,7.008049239766113,1.5455936329572522,-10.540790348387066,6.959986323186928,-7.219327145115992,-6.087486327121892,-1.8988626286869925,7.634673106253867,-3.686175017609843,6.548382192367585,1.4377174092748537,-5.658586079001347,-4.204415274026322,-8.450951972548163,-2.237995402486383,2.3119528915394323,7.440154371165974,-2.1572738139304715
-12.445588870349665,-3.0770965814372633,2.7748977463410434,3.662587978209195,1.0767510509163514,-1.1594209948911833,1.4679502857940143,1.013724759891958,6.580496933637174,6.959986323186929,1.6476938687091724,-0.5014260898043903,-1.2654453794485718,-3.686235497663142,-1.1616918865265742,-6.272513017124848,15.262513573624014,2.309586469664308,2.2661707459184637,11.521487638122252,-0.0015265185457428998,10.295057990548855,-3.314981263345227,2.3666156539850363,2.037114658449873
15.033159623869166,-4.572220317687725,-4.3885374116823135,6.294493622523859,-3.303166433171126,-3.5691609298656077,4.818116577143497,3.4100831940925094,-2.99721572684203,-7.219327145115992,-0.5014260898043903,3.4086763946965677,-11.56923378545821,4.522119744566655,3.8356785140557856,-0.020117635543898227,-6.396006131680896,-5.208418638318594,-11.825501205960483,-4.219197157200086,0.5903438277007066,-5.333265935988208,3.2832250216250203,8.978982946131426,-6.186467149076522
2.2180275368290445,-13.851819114356509,-11.123616736290284,-5.87086584154684,-3.7086997254954865,-4.9524078246518215,-2.9017502060195755,5.831026404617723,-4.9490642177230875,-6.087486327121892,-1.2654453794485718,-11.56923378545821,0.4964400945967107,-8.952745683446974,14.66046780553143,-7.873281057763294,1.6267332624684019,-6.340499051163195,-9.72506342164828,0.9364854881353031,0.23330033990220622,-8.862448979985194,0.34519164371726174,3.2905978428332316,0.6937224473453178
8.600489174037229,5.980011921255103,2.7268476493728215,1.2337732188308697,8.878072664134436,6.131338763431139,-0.41080295043207515,-5.214448235557547,2.7861924494967916,-1.8988626286869918,-3.686235497663143,4.5221197445666546,-8.952745683446976,6.416006725438203,-0.26403314931202304,-0.14661074428468485,-1.67635417188353,-2.041499047206927,2.227313927633877,2.587098412261236,-0.3005459647475117,-0.4253832491511928,-0.27355804505492387,0.3127584961863068,1.2753815851856067
-12.893217848612592,-4.309349316878593,7.559565086522614,0.115682550435391,10.137629691081749,11.15198589830201,-2.893588894853048,-0.34614134274744,4.160847226221475,7.634673106253866,-1.1616918865265733,3.835678514055785,14.66046780553143,-0.26403314931202193,0.5527308262996851,2.9278852739139403,12.023363184073144,9.066608632613532,-4.403106663208133,8.900253407631647,-1.4826794022103884,-1.7526665733203335,-0.015692805870376914,1.282962716253516,1.4599928129543107
-0.11984511375282225,-0.4339928260032747,-4.218429969032388,1.3138732357819252,-2.803169523851937,-3.0327875468040286,-0.0448004217515533,0.6780076763746536,0.13681884720235593,-3.686175017609842,-6.272513017124847,-0.020117635543897894,-7.873281057763294,-0.14661074428468523,2.927885273913941,5.809726618750723,2.637027723307195,-1.1729196819097916,-1.7739078659013992,-1.5463309797693383,-1.0644236336164683,-1.6690647596184949,-0.6240709903241657,-1.7147634178117244,-5.6028706579118355
16.790884119266373,-12.278535527945605,-1.7273537060148394,0.2812719310427046,-6.653903373651996,-7.478217582869738,-2.709308005695544,7.593232005467256,5.061877252384607,6.548382192367585,15.262513573624013,-6.396006131680897,1.6267332624684026,-1.6763541718835286,12.023363184073144,2.6370277233071953,-7.412026331163506,-12.475697801766295,-13.891254516645638,1.7801463176282786,-8.031631218224458,-2.1034300382716045,-0.7768044576688331,-4.646316905461322,-0.5817034875137937
-3.7852795074107903,-2.9257435106756517,-1.5142914096695148,-10.546047631055199,-11.545698196422826,-1.5052022756750794,0.5821555406149674,13.426040488349111,-1.0341962500557977,1.437717409274854,2.3095864696643083,-5.208418638318593,-6.340499051163195,-2.0414990472069277,9.066608632613532,-1.172919681909791,-12.475697801766295,-5.784062756875054,-14.444173698903741,-6.300854795426707,-5.670846592990627,-4.589853391224631,-2.4774913520323745,0.8748902519640749,1.6446610866296343
4.27024004585485,-7.776424581966728,0.25783764541545406,3.300550713039536,-10.60888428717319,-2.9598447831632777,-0.7332965684484414,6.196440302955923,-2.964034198400401,-5.658586079001347,2.2661707459184655,-11.825501205960483,-9.72506342164828,2.2273139276338787,-4.403106663208133,-1.7739078659013994,-13.891254516645638,-14.444173698903741,-3.5315392277603523,4.956406194730626,1.2218019349181741,-6.562441894984418,-4.9778773610183515,7.56496064198636,1.3962575094990224
14.06984537236998,-3.4571998510137125,-10.420166638068043,8.20028552085352,-6.676251137317606,4.058990379348974,-4.559512207177566,0.8076621612442456,-2.4983916164388296,-4.204415274026322,11.521487638122252,-4.219197157200087,0.9364854881353029,2.587098412261236,8.900253407631645,-1.5463309797693383,1.7801463176282781,-6.300854795426708,4.956406194730626,-11.616366284922318,-1.8716081418265156,-4.8229562884201025,2.6750035324941157,3.5437045230777358,-3.2905494120610492
-1.729405420846269,4.242399865979638,8.173172204483258,-0.12222988233013923,10.522175274406319,-0.07978382553622648,0.407387130997398,6.050717001658509,-8.469583707071946,-8.450951972548161,-0.0015265185457425945,0.5903438277007065,0.23330033990220544,-0.30054596474751216,-1.4826794022103882,-1.0644236336164705,-8.031631218224458,-5.670846592990627,1.2218019349181752,-1.8716081418265142,4.427319430538291,-8.656100517830792,-0.3202026446356819,-3.0452564486564864,4.568919543930688
0.4852267374510413,-7.977041498127056,-1.3611544043273116,0.37355829433476956,-9.322468855234847,-7.037126488744896,-1.267577367931144,6.40478427592125,-8.452570051882446,-2.2379954024863826,10.295057990548855,-5.333265935988209,-8.862448979985194,-0.4253832491511924,-1.7526665733203348,-1.6690647596184947,-2.103430038271605,-4.589853391224631,-6.562441894984419,-4.822956288420102,-8.656100517830792,-6.562743110271066,-0.15783032825104493,6.867156991699146,-11.379298361611918
-4.5295017615232265,-3.8503819401479262,-5.185736738634235,-0.5027232710677677,-3.2692009909580184,-5.4421146005610925,-0.9419420915910943,3.0818539308802104,1.9465634700074965,2.3119528915394327,-3.314981263345227,3.28322502162502,0.34519164371726263,-0.2735580450549232,-0.015692805870376025,-0.6240709903241655,-0.776804457668832,-2.4774913520323736,-4.97787736101835,2.675003532494116,-0.32020264463568193,-0.15783032825104515,4.614929588533602,-4.656434133364159,-3.0353450931371504
-12.129174155418449,0.3612834858517022,1.4349677766324616,3.173244389990276,8.038880101849902,8.55964246444669,-2.227769102083953,7.798985489242167,1.8701581175916202,7.440154371165974,2.3666156539850363,8.978982946131426,3.2905978428332303,0.3127584961863077,1.2829627162535167,-1.7147634178117255,-4.646316905461321,0.8748902519640751,7.564960641986359,3.5437045230777353,-3.045256448656486,6.8671569916991455,-4.656434133364159,12.077108227807962,4.887151398974812
2.9439358693857294,-9.036158198984758,-7.213237552545953,-0.6470959131090275,2.194400583280494,-14.412457461982365,5.85229943208652,8.458282613607649,-3.6761430007215283,-2.157273813930472,2.037114658449874,-6.186467149076522,0.6937224473453178,1.2753815851856067,1.4599928129543094,-5.602870657911836,-0.5817034875137939,1.644661086629632,1.3962575094990215,-3.290549412061048,4.568919543930689,-11.379298361611916,-3.035345093137149,4.887151398974812,-7.157088210507135
