n
25
c
53.74903384228354 -27.40054371827889 -8.863192661614256 -71.61300947935482 -81.6719884689218 -55.18914790384136 51.205478831589105 -66.40036453268122 15.16786065193179 3.4336582920987007 71.86116810965328 20.670138047145574 -101.65234753449184 -82.65133687571017 -3.253016783970571 1.0967701444960967 -82.12296472180826 -105.69884007948731 -13.605481541550564 -88.36392731684444 -64.95684028327528 -2.5989852494623173 4.3579998627406304 73.31145956434113 125.39842829406275
Q
-1.0406809865218074,6.3242249492605485,-6.473383009213757,-7.663611621838387,3.901969960973327,2.485045163909525,-1.8293664823744094,8.980275466939435,10.770852582714456,4.137291272623465,-7.6236159572706494,0.16867203400422826,13.360019021228764,4.235533672360661,0.6233023089461164,5.403962858137857,-2.6516055722798297,3.745464123273649,-4.923157643933309,6.220666873177243,16.202124606452948,-1.589546710543128,-5.414122663040908,-8.196071195019089,-12.49397852255959
6.324224949260547,-9.465453857554571,-3.1962823441448966,-9.328412699986238,-19.097779002638894,-10.658405991176753,2.8266398750345116,-13.533997734874877,-5.277644149911372,2.3520703858604617,12.021631946237013,-5.757791657890626,-6.8561144068156,-10.154891987947892,-6.184819428261908,-3.4288762148360767,5.4965210904101784,-4.842788975703989,-3.064170434742124,-8.13578608080535,-6.889222948243249,1.8316599175578112,-1.8317736645742326,1.837549803732659,6.496741416156107
-6.473383009213757,-3.1962823441448966,3.3262647545655715,-1.0474374876265864,-1.6382548561659669,3.8458816583372704,-7.494336159221904,9.032080549572317,-0.4203770060286659,0.2895665735455194,6.2794573702082745,-0.014607301038174092,-6.312321368451876,-2.8706414601278714,0.07435988226660956,-0.6524251791187591,1.478988463347474,2.6125815277737354,0.26503799236130765,5.770481321080601,-1.2162752775850043,-0.08967984413555263,-0.34995493479470663,0.1932672009501759,-5.852395412898943
-7.6636116218383865,-9.328412699986238,-1.0474374876265862,-12.294895275249823,0.2503258639314172,6.330877836489182,-4.721760069970523,-8.418494009962236,-2.5527493732040556,0.6469580562046526,1.0081467178416579,-2.6423665185453786,-14.19169879308103,-3.7730432361404853,-2.1934993428325997,-4.294346570579683,-4.518157319833602,-4.158803323467011,1.7809115492161611,-9.343091934169953,-3.7151781853659243,9.719140935338999,3.6087742208728084,9.428615704549578,7.299044207334479
3.901969960973328,-19.097779002638894,-1.6382548561659664,0.2503258639314169,-6.975860007253375,0.3134035836036441,12.483010222426731,2.6196219651344235,2.684135409681751,2.583881723859597,4.099195473316208,-0.5388180795871016,-0.7874739455815556,-0.7735791813381461,4.280402453861229,-0.6286555712680848,-8.646008929339132,-7.229149047988067,5.830494853349996,-11.460329688133168,-10.211941242187919,-0.7010617735088367,1.757866217164925,6.076621896465029,-1.4462947184385688
2.485045163909525,-10.658405991176753,3.8458816583372704,6.330877836489182,0.3134035836036456,-3.6848965190404677,7.417458658868487,-12.835743685493284,-2.300767568482665,-9.080768076241801,4.031381976743414,-6.567679576008035,-12.286540513209625,-3.7206478149919286,4.823199107446259,3.3652157422949673,-9.444213074544356,-1.4372325392157217,-5.5832514220887015,-14.781692459455723,-7.888983879445544,-0.48485327353659113,-5.363396674267087,-0.5780757415391984,-2.193239154679865
-1.8293664823744091,2.8266398750345116,-7.494336159221904,-4.721760069970523,12.483010222426731,7.417458658868486,0.30294614494706895,-1.7016464279741288,0.8761897633880298,-0.6146690101384793,-10.307604440536302,1.6386550506150006,5.399637126012149,10.58629869971045,-1.3907782092478818,7.059654943742158,2.7181550457358568,13.62236116002956,4.191339753181527,0.28986676249929677,8.634679108807582,6.037801702027498,8.908154610922924,0.10875388130483321,-10.785210429154635
8.980275466939437,-13.533997734874877,9.032080549572317,-8.418494009962236,2.619621965134424,-12.835743685493284,-1.7016464279741288,1.639586331326072,-4.679155696238348,6.577519088721817,11.272303546989427,7.523428362218699,0.3589111960630984,-5.526929259530521,-1.4650272981103878,0.9022568529085555,4.329367198534383,-1.000359611829837,-1.3061654057684287,-10.008966039831545,-15.54752386303284,0.20877211014183872,-2.226642246929819,0.2082556949635292,7.029238706443974
10.770852582714454,-5.277644149911372,-0.42037700602866546,-2.5527493732040547,2.6841354096817507,-2.300767568482665,0.8761897633880305,-4.679155696238347,2.840083203393373,-0.42780791856331607,-1.5850485322703354,-0.38363158301286837,2.13607584554447,1.3930109379144535,0.0314484792676914,-0.34093460023616806,0.4424933317498788,4.262367305070508,0.5603108068450318,-2.309278743230062,-9.240317630094076,0.2893220252132088,-0.8667041107080076,-3.7779791128407725,2.9882010934973016
4.137291272623466,2.352070385860461,0.28956657354552107,0.6469580562046526,2.583881723859596,-9.080768076241803,-0.6146690101384793,6.577519088721816,-0.4278079185633162,4.421253288164562,-0.32500374236840046,0.23833971944236076,-2.76834233173574,-7.622449916225599,-0.3764471954783398,-1.277994451152069,-5.102171310334142,2.4508390477379036,-0.05175348287905557,5.042168016167242,-1.763383567865965,0.12399573630120031,0.40624545235301507,-3.183426055181599,-1.5006193230734342
-7.6236159572706494,12.021631946237015,6.279457370208275,1.008146717841658,4.099195473316208,4.031381976743414,-10.307604440536302,11.272303546989425,-1.5850485322703356,-0.32500374236840024,-3.3768784885652767,-0.6946201103917193,15.43271343288954,13.393104157858565,-5.804721223260794,4.748477507134572,-7.651569910737678,7.581839157288178,1.6885560310059935,1.9673428553292849,8.708130992387643,2.3482118388451636,2.444194740244852,-8.725007652245312,-3.721882412715223
0.16867203400422853,-5.7577916578906265,-0.014607301038174536,-2.64236651854538,-0.5388180795871012,-6.567679576008035,1.6386550506149997,7.523428362218698,-0.38363158301286837,0.2383397194423611,-0.6946201103917196,3.8031534692274533,-1.7417920109903677,-5.588321184190786,-0.7982726919653091,0.9915742951199971,-4.429983741661957,-4.4287528153714435,1.4753543476091162,8.951012655662554,-8.509649780103004,-1.128974205573956,0.04809222529527313,5.184708187958835,-0.22064388119166778
13.360019021228764,-6.8561144068156,-6.312321368451874,-14.19169879308103,-0.7874739455815554,-12.286540513209625,5.399637126012149,0.3589111960630973,2.13607584554447,-2.768342331735741,15.432713432889539,-1.7417920109903675,-2.0011607139222747,-2.674604432143605,-0.2970475401433177,8.33351554633729,-12.34248068267713,-3.96714213453381,5.976909703947524,-3.1684334412201505,-7.3618613767341365,5.335213355028246,-5.690721056844056,7.194903723889116,4.467030943203896
4.235533672360662,-10.154891987947892,-2.870641460127871,-3.773043236140486,-0.7735791813381463,-3.720647814991929,10.58629869971045,-5.5269292595305215,1.3930109379144533,-7.622449916225599,13.393104157858565,-5.588321184190785,-2.6746044321436044,-6.849367021972109,-0.20788146958707565,9.271013812525654,-4.650052291941611,-14.708837890068997,-0.4861346596694338,-7.994017328198948,-1.2046712648547793,-1.8294090713681017,-2.2547349637576524,2.472184531677274,-4.662434346323058
0.6233023089461168,-6.184819428261907,0.07435988226660939,-2.1934993428326,4.280402453861228,4.823199107446259,-1.3907782092478818,-1.4650272981103885,0.03144847926769201,-0.3764471954783406,-5.804721223260794,-0.7982726919653083,-0.2970475401433186,-0.20788146958707543,5.186467962717595,0.9161321464276839,2.5404630426057713,0.7364515531943998,0.09203595616437266,0.5305544183066426,-3.254536897563166,0.20299994510285446,-0.6584840462769133,2.0285926871341227,-1.9252276297846072
5.403962858137857,-3.428876214836076,-0.6524251791187593,-4.294346570579682,-0.6286555712680848,3.365215742294968,7.059654943742157,0.9022568529085558,-0.34093460023616895,-1.2779944511520696,4.748477507134572,0.9915742951199982,8.33351554633729,9.271013812525654,0.9161321464276849,3.287252122012567,-9.179797801541357,-0.40469258936169084,0.3168277144231853,-1.8640422478255196,-4.585448522302403,-0.6020239920965662,0.6176083815684232,-0.9507770269368012,-7.70646260494809
-2.6516055722798297,5.4965210904101784,1.4789884633474735,-4.518157319833602,-8.646008929339132,-9.444213074544356,2.718155045735857,4.329367198534382,0.4424933317498786,-5.102171310334142,-7.651569910737678,-4.429983741661956,-12.34248068267713,-4.65005229194161,2.5404630426057713,-9.179797801541357,0.7549679768683655,-9.89830206427812,4.726138352636232,-2.5030987043518986,-7.539806119900163,-3.893544608437134,-2.511890157761422,11.493983173935945,2.702882740391659
3.7454641232736487,-4.842788975703989,2.612581527773734,-4.158803323467011,-7.229149047988068,-1.437232539215722,13.622361160029563,-1.0003596118298361,4.262367305070508,2.450839047737903,7.5818391572881785,-4.4287528153714435,-3.96714213453381,-14.708837890068999,0.736451553194401,-0.4046925893616893,-9.898302064278118,8.572033900280516,-4.385967642591067,-0.0324074426778278,-6.905266017724262,5.36105340709077,-1.7093363751423203,12.147826821802308,-3.867068812697285
-4.92315764393331,-3.0641704347421226,0.26503799236130776,1.7809115492161598,5.830494853349996,-5.5832514220887015,4.191339753181526,-1.3061654057684295,0.5603108068450329,-0.051753482879055124,1.6885560310059935,1.4753543476091155,5.976909703947523,-0.48613465966943425,0.09203595616437238,0.31682771442318436,4.726138352636229,-4.385967642591067,4.802509550701227,1.6591498374768407,5.244817600487625,-1.618137205129856,-0.9906549934255391,-5.432067310544865,-0.6451838183961485
6.220666873177242,-8.13578608080535,5.770481321080601,-9.343091934169953,-11.460329688133168,-14.781692459455723,0.28986676249929655,-10.008966039831543,-2.3092787432300614,5.042168016167241,1.9673428553292842,8.951012655662554,-3.1684334412201505,-7.994017328198948,0.5305544183066427,-1.8640422478255183,-2.503098704351898,-0.03240744267782514,1.6591498374768405,11.82887756811953,-8.465365452774915,-4.443975730304755,1.7239429566571616,8.903061500860757,12.531022562414602
16.202124606452948,-6.8892229482432485,-1.2162752775850045,-3.7151781853659234,-10.211941242187919,-7.888983879445544,8.634679108807582,-15.54752386303284,-9.240317630094076,-1.7633835678659655,8.708130992387643,-8.509649780103004,-7.361861376734137,-1.204671264854779,-3.254536897563166,-4.585448522302403,-7.539806119900163,-6.905266017724262,5.2448176004876235,-8.465365452774915,6.497819405402359,-7.345568451834678,10.140687587044523,14.901518264428605,1.1638292881334087
-1.5895467105431287,1.831659917557811,-0.08967984413555263,9.719140935338999,-0.7010617735088351,-0.4848532735365907,6.037801702027497,0.20877211014183983,0.2893220252132096,0.12399573630120089,2.3482118388451636,-1.1289742055739553,5.3352133550282455,-1.8294090713681006,0.2029999451028548,-0.6020239920965669,-3.893544608437134,5.361053407090769,-1.6181372051298557,-4.443975730304755,-7.345568451834678,3.830996832144742,0.28208324258026407,-1.9310758061614126,7.501603313826247
-5.414122663040908,-1.8317736645742322,-0.34995493479470685,3.6087742208728097,1.7578662171649253,-5.363396674267087,8.908154610922926,-2.2266422469298193,-0.8667041107080079,0.406245452353015,2.4441947402448525,0.048092225295273294,-5.690721056844056,-2.2547349637576537,-0.6584840462769123,0.6176083815684228,-2.511890157761422,-1.7093363751423212,-0.990654993425538,1.7239429566571611,10.140687587044521,0.2820832425802646,4.842015855437726,-3.8302952225586595,-2.4466006599467542
-8.196071195019089,1.8375498037326587,0.1932672009501759,9.428615704549578,6.076621896465029,-0.5780757415391982,0.10875388130483388,0.20825569496352925,-3.7779791128407725,-3.1834260551815987,-8.725007652245312,5.184708187958836,7.194903723889117,2.4721845316772733,2.0285926871341218,-0.9507770269368021,11.493983173935943,12.147826821802308,-5.4320673105448645,8.903061500860757,14.901518264428603,-1.9310758061614126,-3.8302952225586595,-10.109298162043025,-15.2811831934592
-12.49397852255959,6.496741416156107,-5.852395412898945,7.29904420733448,-1.4462947184385684,-2.1932391546798646,-10.785210429154636,7.029238706443972,2.9882010934973016,-1.500619323073435,-3.7218824127152232,-0.2206438811916664,4.467030943203895,-4.6624343463230575,-1.9252276297846076,-7.706462604948091,2.702882740391658,-3.8670688126972848,-0.645183818396148,12.531022562414604,1.1638292881334091,7.501603313826248,-2.446600659946754,-15.2811831934592,-5.137737333185992
