n
25
c
11.708145936120639 12.798685717400145 -98.42028038049936 56.92563168122335 -103.43146709851436 84.41527948241868 129.2736335440063 -72.52545153134936 121.36743869564872 -115.12608586366164 -67.01763054036934 20.626730960500385 -82.43365006009384 1.0430222955908115 105.4666529427679 -72.2297498224549 -7.196588720821355 -10.094557226549782 2.3272615385865176 -109.2644614138186 77.8849974287197 26.02925237483151 85.71635682892463 -10.88954424709538 -11.743251077341684
Q
5.277333515779696,-0.6182870830777685,-3.1704118606374037,2.1323038874071996,-2.662045273955042,3.432688146526207,-4.75304382863391,-1.3051899693989844,2.2317363793400737,0.04120260661954123,-7.8802263760462266,-0.6442753129498832,4.090134026064728,-0.17902212030389464,6.583648497589795,-0.4050654182432649,0.6317225690832038,0.9665424039627087,0.27316946606255466,-4.201047257963091,-6.429129649627608,-1.38440260012464,5.956506184878134,0.19768382054923173,0.7488530405046496
-0.6182870830777683,3.407840217784531,-4.050594373895415,-1.7949461631409744,-10.174291061074879,-1.9714541189640786,0.38352192804273644,4.638345673111997,2.1296602009516965,8.408907190357288,-0.30183127506551954,1.2086154281766246,-4.827726709413163,-0.5095484890706004,2.641483827100327,-4.0516769800459835,-0.6568618567742328,-0.2003022048933787,-0.22986546753837078,-3.376669333754525,2.7431155872725075,-0.40324262742763983,-2.1210539942165707,-0.02283645921668953,-0.9127855735161353
-3.1704118606374028,-4.050594373895415,-9.211476418745182,5.981486637295451,-6.995364309900419,5.689259427863954,2.3712437282473466,-2.320678695487926,7.081839139012631,-1.7937743056851638,4.437130808563303,3.736207643937657,3.5631229114676777,3.1531772758169057,11.357973838156965,-17.13818823893739,1.2772603566694918,-2.2754484375635124,-3.199615575974094,3.662568880442961,-0.5520028925167642,-4.3605426196878705,-4.019191733992938,-4.153841069245565,-0.29148207004540216
2.1323038874071987,-1.7949461631409735,5.981486637295451,-2.989719256226363,6.81833556756659,0.5127096967984937,1.4246294102860133,12.182724046808925,-1.1708919635416732,9.30348454604721,3.0570871657574186,8.144382262165466,9.23870635675781,4.993223806631688,-0.9188208477825262,7.898820249231262,-2.948294388035478,0.17460138725646335,0.9080123664007821,-4.43296642975536,-7.405902340451639,2.6144700103110914,4.378662029887302,2.9245743488456997,4.897480045489478
-2.6620452739550418,-10.174291061074877,-6.995364309900417,6.818335567566591,-3.1732538147995797,9.4393933808863,2.9508094374190024,-1.7913355996937148,4.329587098962443,2.740195873610732,-7.020836624420536,2.1609487969383614,-10.7405658892309,6.574409226749392,5.367146520915233,-8.684394387345137,2.3043636755954084,-5.105177651133785,4.298136658344816,-0.9030166816324066,7.672233272532628,-0.48483943857299305,15.338568082013667,-0.415611348559074,-2.13051020576692
3.432688146526205,-1.971454118964079,5.689259427863955,0.5127096967984948,9.4393933808863,-5.01650279728371,-13.264843305384224,15.756717309775947,-12.311134233086207,4.632684141980036,-2.2076732697162464,-6.287328936310952,4.335910293597503,-3.063184504603145,-7.4628803363593,4.125029578581476,1.0787387346124322,3.5181625397364655,-3.932797675721703,13.634382426610376,-7.455683976794607,6.655606622125462,-5.131265334487959,-2.8016362786218227,3.6256788205502875
-4.753043828633911,0.3835219280427361,2.3712437282473466,1.4246294102860133,2.950809437419003,-13.264843305384224,-3.699378383760356,-5.474549793509633,-3.9153968865855573,-7.517441578138899,8.670728468142133,0.575790823255578,7.833592162650609,-6.617028433557662,-2.4582125298991606,11.575396321679161,0.45748680774054584,-7.817571995761158,3.702848482135844,-9.202194258353781,6.239320181232365,-7.313098583681398,-0.8060351478695282,1.4293998072814524,-2.0640444707501713
-1.3051899693989841,4.638345673111998,-2.3206786954879264,12.182724046808925,-1.7913355996937148,15.756717309775947,-5.474549793509633,-13.840962445569986,-1.925615549310845,-9.256897022387466,-9.617936216680135,-9.711494623549683,-4.520595633900514,1.248467858613291,-1.707196829247509,-6.403994258752218,3.939575963903338,1.3190623423493424,-5.539446757725406,-7.658868237243633,-3.577403982267599,-6.390582351498928,1.9394625773196512,1.4125825088016066,-3.6553642140492397
2.2317363793400737,2.1296602009516974,7.08183913901263,-1.1708919635416737,4.329587098962443,-12.311134233086207,-3.915396886585559,-1.925615549310844,-0.18180273104085387,5.241397838854492,-7.304868165844755,-2.4515820493640024,0.6816097967650361,-0.6210828039392599,-4.419665100306933,11.069662455855848,3.9483580616913763,0.6908662549647266,-7.698808349814574,-1.0414859156518381,-11.932142487475174,-1.8130068901171814,-3.9949482729293657,1.331058667034281,4.167701445863928
0.04120260661954056,8.408907190357288,-1.7937743056851627,9.30348454604721,2.7401958736107326,4.632684141980036,-7.517441578138899,-9.256897022387466,5.241397838854491,-4.931246598086415,1.663484517496439,-3.8025014841615583,-11.913641470304405,4.32570186013614,0.6498663105345093,-0.8995189028957433,-3.1591138897599857,1.2329204640350104,-1.936806687722004,-5.400036601442292,3.561704656047343,-6.0751076569162406,9.525172434354337,2.8359090500262667,9.330837244251908
-7.880226376046227,-0.3018312750655193,4.437130808563302,3.0570871657574186,-7.020836624420536,-2.2076732697162464,8.670728468142133,-9.617936216680135,-7.304868165844754,1.6634845174964379,1.3990295060745712,-7.79304486573005,-1.6257116759985903,-4.215899903615088,6.219693657684623,0.13445868473134648,-7.235988957343131,0.36251577392243806,1.041284300048663,-5.344380729469604,3.44119953529645,-0.7659523617829405,-2.794068836512739,-1.0355690136407394,2.4385168867147393
-0.6442753129498807,1.2086154281766244,3.736207643937658,8.144382262165466,2.1609487969383614,-6.28732893631095,0.575790823255578,-9.711494623549683,-2.451582049364002,-3.8025014841615583,-7.79304486573005,4.501600620554273,-0.8979892522428581,-0.5053518867832223,3.2933988126409064,-3.1401681727528254,0.008650965078120576,-0.7588411675881148,1.0112614845891437,-2.6275599023937612,8.307865681072307,-0.2924187546363055,-4.276159777773014,0.04141821410073643,1.1301647715927428
4.090134026064728,-4.827726709413163,3.5631229114676763,9.23870635675781,-10.7405658892309,4.335910293597504,7.83359216265061,-4.520595633900512,0.6816097967650359,-11.913641470304407,-1.6257116759985897,-0.8979892522428575,0.2739608591546041,-5.808389009868823,-0.2100179843098584,-4.931058821074704,0.3737994557712958,7.574653160109996,1.8857526013645494,3.2503415484661766,17.178096317857303,-7.203973504989224,14.730171176629524,5.774426589390867,3.619741752048043
-0.17902212030389575,-0.5095484890706008,3.1531772758169048,4.99322380663169,6.574409226749392,-3.063184504603145,-6.617028433557662,1.2484678586132913,-0.6210828039392601,4.32570186013614,-4.215899903615088,-0.5053518867832223,-5.808389009868823,4.833721926953982,7.028193122691925,-0.5238057950793573,0.4789640868147975,-0.2792233072853463,-0.1340451052135968,-6.633580907445311,-2.1489181337934777,-0.9010926797061923,1.682109042545115,0.5669822791985628,1.198786961648549
6.583648497589795,2.6414838271003283,11.357973838156965,-0.918820847782526,5.367146520915233,-7.4628803363593,-2.4582125298991606,-1.7071968292475097,-4.419665100306934,0.649866310534509,6.21969365768462,3.293398812640907,-0.2100179843098593,7.028193122691924,-1.614682026563079,16.428123937648223,-8.081018840926003,-3.822952140085922,6.828139590042804,0.9606242306866735,-4.487219886663447,-0.40950687867508107,-5.230860552163364,-3.045795133013199,-0.04896036821693328
-0.4050654182432644,-4.0516769800459835,-17.13818823893739,7.898820249231262,-8.684394387345137,4.125029578581477,11.575396321679161,-6.403994258752218,11.069662455855848,-0.8995189028957427,0.1344586847313458,-3.1401681727528246,-4.931058821074705,-0.5238057950793575,16.428123937648223,2.2498983902658916,2.521742369240669,5.943071914759844,-6.2505902307434535,-4.132007961458119,-5.732353021007805,-4.166662058642766,1.1898452684784335,3.771575644345279,0.6823035866129545
0.6317225690832039,-0.6568618567742306,1.2772603566694911,-2.9482943880354786,2.3043636755954093,1.078738734612433,0.4574868077405468,3.9395759639033385,3.9483580616913754,-3.1591138897599857,-7.23598895734313,0.008650965078121131,0.37379945577129525,0.4789640868147981,-8.081018840926003,2.5217423692406684,4.450578592846689,0.4836401692942103,-1.0140561267521049,6.500599625648154,0.9673932593845804,-1.0990215476998122,4.507922868684892,0.49136777846914614,-0.32962740043357286
0.9665424039627073,-0.2003022048933783,-2.275448437563514,0.1746013872564638,-5.105177651133785,3.5181625397364633,-7.817571995761157,1.3190623423493433,0.6908662549647264,1.2329204640350109,0.36251577392243717,-0.7588411675881146,7.574653160109996,-0.27922330728534706,-3.8229521400859205,5.943071914759843,0.4836401692942096,6.1932363330973175,0.9606756275628665,-1.8781558687241309,1.5086647381911011,0.8873852037516305,-1.7432273827384694,-1.119402778323704,0.0036937418351271623
0.27316946606255443,-0.229865467538371,-3.1996155759740934,0.9080123664007822,4.2981366583448155,-3.9327976757217034,3.7028484821358436,-5.539446757725406,-7.698808349814573,-1.9368066877220032,1.0412843000486627,1.0112614845891439,1.8857526013645494,-0.13404510521359625,6.828139590042803,-6.2505902307434535,-1.014056126752104,0.9606756275628658,3.9659999991227943,5.003096843645754,2.4449642043523,0.2292198759844012,-5.101309866337305,-0.011800843234519132,0.1554835479237653
-4.201047257963092,-3.376669333754525,3.6625688804429593,-4.432966429755361,-0.9030166816324059,13.634382426610376,-9.202194258353781,-7.658868237243631,-1.0414859156518386,-5.400036601442292,-5.344380729469604,-2.6275599023937604,3.250341548466176,-6.633580907445311,0.9606242306866737,-4.13200796145812,6.500599625648154,-1.8781558687241313,5.003096843645755,-5.8051356119112025,5.379481008724488,3.922890268487599,5.448874535236199,0.06717620852887812,-0.8888484756760354
-6.429129649627608,2.7431155872725066,-0.5520028925167644,-7.405902340451639,7.672233272532628,-7.455683976794606,6.239320181232365,-3.577403982267599,-11.932142487475174,3.5617046560473433,3.44119953529645,8.307865681072307,17.178096317857303,-2.1489181337934777,-4.487219886663448,-5.732353021007804,0.96739325938458,1.5086647381911007,2.444964204352301,5.379481008724488,-1.8586828063083924,-1.0225051862374952,1.1100587428183455,2.5906880466885673,1.173432293975385
-1.38440260012464,-0.4032426274276405,-4.3605426196878705,2.6144700103110914,-0.4848394385729935,6.655606622125463,-7.313098583681398,-6.390582351498928,-1.813006890117181,-6.075107656916241,-0.7659523617829407,-0.29241875463630684,-7.203973504989224,-0.901092679706192,-0.40950687867508,-4.166662058642766,-1.0990215476998122,0.8873852037516318,0.2292198759844024,3.922890268487599,-1.0225051862374954,4.938754069486533,-3.730937318407329,-0.2694651538149888,0.17979918064211398
5.956506184878133,-2.121053994216572,-4.019191733992938,4.378662029887302,15.338568082013666,-5.131265334487959,-0.8060351478695282,1.9394625773196514,-3.9949482729293666,9.525172434354337,-2.794068836512739,-4.276159777773014,14.730171176629522,1.6821090425451144,-5.230860552163365,1.1898452684784329,4.507922868684892,-1.7432273827384708,-5.101309866337305,5.448874535236199,1.1100587428183455,-3.730937318407329,-1.3393420722877476,-6.206475437389216,8.884332795629964
0.19768382054922862,-0.02283645921668795,-4.153841069245564,2.924574348845697,-0.4156113485590731,-2.8016362786218223,1.4293998072814527,1.412582508801607,1.33105866703428,2.835909050026265,-1.0355690136407394,0.04141821410073643,5.774426589390866,0.5669822791985623,-3.0457951330132,3.771575644345279,0.49136777846914487,-1.1194027783237057,-0.011800843234519465,0.06717620852887818,2.590688046688568,-0.2694651538149897,-6.206475437389216,5.133267893176722,-0.6176938221102568
0.7488530405046512,-0.9127855735161358,-0.2914820700454026,4.897480045489477,-2.1305102057669196,3.625678820550288,-2.0640444707501717,-3.65536421404924,4.167701445863928,9.33083724425191,2.438516886714739,1.1301647715927428,3.619741752048043,1.1987869616485503,-0.04896036821693528,0.6823035866129545,-0.3296274004335755,0.0036937418351271623,0.15548354792376484,-0.8888484756760361,1.1734322939753852,0.17979918064211498,8.884332795629964,-0.6176938221102565,5.036963038285271
