n
25
c
115.92511655737715 92.71948479104267 -6.880984695634755 127.67899843191518 -24.799585552293156 -2.885386596121325 6.511023505565825 97.95970680940454 7.4666965570928285 102.96876910101672 -124.48377886733515 8.404098442053144 -144.51191520061207 -16.632976213864488 -126.7728703160222 -15.688629606260246 4.609689870053376 -8.55575675618116 125.80690317424951 -141.36540579109095 105.1680898984751 -27.33070316006649 4.9212688763223555 80.77468482230998 118.3371807079691
Q
12.205957594566812,7.247006289209059,3.3751750741095363,-11.747918516907344,3.897037653727537,6.919904657996278,-0.8063121170975378,-9.354474833082039,0.7074038960731325,-3.042705994617496,13.112231020485767,-3.245375334584447,8.896346198896905,-2.5483443836391584,3.615566193240328,-0.801476910113773,-7.959488366940234,4.917761246573451,-11.338210075979166,9.79808379659679,-0.9307227262813089,-0.6308444305178047,-1.7300333385268458,2.931485164911309,-7.342077040912473
7.247006289209061,-0.156814256762134,1.3349228287820951,-9.603649735852331,-1.9000305414801308,2.2576431320555366,0.920078695443075,-11.602805487745602,3.378166817457678,-16.21453437230636,5.19020812612025,-7.171728857247174,10.743731557959816,-2.8593840017386287,14.089707326818527,1.459998545205889,-0.5997745871322318,-1.2206006813369263,-5.660287707800559,10.84205942803387,-3.6386084449204947,8.858698766940442,-3.6286028080137007,2.5775784823709866,-7.861179568816274
3.37517507410954,1.3349228287820956,4.490047146630375,7.528598840776657,-0.8860561393670832,-0.3599589526998737,0.043031540802805246,8.860899449235937,-0.2177410170919547,1.3608581042369323,-3.425798321588428,0.22388545471403215,0.8060207750537867,-0.6409305293898542,2.788132406738561,1.1636568044242286,0.4852292538693779,0.008784526883600097,-1.8330053870859704,4.187734021187845,-0.7149010297358342,-0.2644328812168393,0.4999053643591872,0.4938842731069578,7.2239560108385374
-11.747918516907344,-9.603649735852331,7.528598840776656,7.203947752309988,-8.653431495384492,0.5553295094143501,3.053415660078321,-2.0260306639135415,-1.8293587506021805,-15.56623327786072,7.437110149336532,-4.126875964917127,-7.837454365631693,-7.333589699033194,9.019417735743861,-5.233015061302119,-0.7232786472677386,1.5770544874661676,-10.095958395780272,-4.413547211338162,-3.686071083320152,2.1146507843839966,-8.16180247147333,-7.8042382841176865,1.4990907281484702
3.8970376537275375,-1.9000305414801293,-0.8860561393670836,-8.653431495384492,6.175585753798982,0.3110242514423222,0.1262436260540079,-0.4540666844800466,-0.6028662661305185,-2.947709914263373,3.9701020840006085,0.6934004401318692,8.229500775048342,0.1754849347377887,9.723064502950301,0.0022836548712050764,-1.2522052774659618,0.6517238614260981,8.487189778503264,3.0851064855154435,-4.212112170057288,-0.5741924264900444,-0.8450162843087058,-6.167018165065588,-2.577768232626449
6.919904657996279,2.2576431320555366,-0.3599589526998739,0.5553295094143493,0.3110242514423218,5.700498225737559,-0.1208470461713218,8.088889247312117,0.19533349655583876,1.6773839557922003,-4.068292928378771,-0.5736036910049376,-2.604717938479789,-1.1101438004366144,4.0015640736760885,0.7475099642976136,-0.5029668462732436,-0.06577348751655254,2.6401506792382397,3.655357609245639,-1.1576737562211483,-0.2469929346162245,-0.7129226125850243,-0.7515236985535836,-4.256172480941471
-0.8063121170975383,0.9200786954430766,0.04303154080280314,3.053415660078321,0.1262436260540074,-0.12084704617132153,6.050003336751965,0.2747999296920325,0.9758417519548772,4.005458209376282,-5.114168068166991,0.0674811668075802,3.2186175418577943,-0.5621957948838456,-3.670022655705087,-0.34286452094296993,0.8768205471413972,0.6016913984772988,-0.10671268898535646,-3.608543365801663,3.1118313655949073,1.081656070142421,-0.8433146696197211,7.005892598901472,-6.966935024061259
-9.354474833082039,-11.602805487745604,8.860899449235935,-2.0260306639135433,-0.4540666844800467,8.088889247312117,0.27479992969203226,-1.93268853701146,-0.12100110379158181,-5.773504348728581,9.655139499667495,1.5483327841756673,6.151203026060766,7.322908669068681,5.207696066738556,1.5870730249889804,-3.8104715863128655,-2.7008557578925965,-0.1329222423148107,12.617632479199575,0.691370391023886,-6.590239771414049,-9.328171731202547,-3.2618092658735303,-5.0611961902897855
0.707403896073133,3.3781668174576787,-0.21774101709195431,-1.8293587506021798,-0.6028662661305187,0.19533349655583881,0.9758417519548761,-0.1210011037915818,5.05441233672534,3.4009732005804594,0.6001755192009216,0.4640322960066745,-0.6915004714343045,-0.5865672573862832,1.0347524901304634,0.3421460329054383,-1.1728277799945417,-1.0441934299357376,-4.9122376573939865,-8.216779667712723,6.668833795917768,-0.02502950085253719,-0.13342818136563364,6.478067367315736,-1.1690799329587283
-3.0427059946174944,-16.21453437230636,1.3608581042369345,-15.56623327786072,-2.9477099142633745,1.6773839557922008,4.0054582093762825,-5.773504348728581,3.40097320058046,-1.8508999596806088,4.964839297609792,4.693767937198286,0.832634703304273,-3.1917331452720954,5.457660061544399,-0.8093615748499896,0.09042184956201105,5.841020513108894,-0.2100776287511864,-1.7853801513383698,-5.751480249561788,-0.12144307593688908,7.987524260652407,1.162633864258674,-13.05624816278583
13.112231020485769,5.19020812612025,-3.4257983215884273,7.437110149336532,3.97010208400061,-4.068292928378771,-5.114168068166993,9.655139499667495,0.6001755192009223,4.9648392976097915,-2.508836715604856,-0.6991807619952454,3.3909820741335626,3.978904100685577,-6.302524788866512,-7.703265287120421,5.429130690329764,-1.648713562855451,-2.7128291061021477,-9.638238849788273,1.86252783994295,6.85753135447095,-1.0985110660475108,9.586701827296045,10.284112554519668
-3.245375334584445,-7.171728857247173,0.22388545471403098,-4.126875964917128,0.6934004401318687,-0.5736036910049368,0.06748116680757921,1.548332784175666,0.46403229600667595,4.693767937198287,-0.6991807619952441,5.6926441161695465,-3.6354979763730486,-0.3914543178307084,-1.459123784052195,-0.5743767139878283,-0.30972752956653626,0.28897796460971437,-7.36912319305063,-5.521703473926508,-1.5739384105389882,-0.13344865320579188,-0.5260759204241254,-2.4671250505572977,-1.4387609115994784
8.896346198896905,10.743731557959814,0.8060207750537876,-7.837454365631691,8.229500775048344,-2.6047179384797885,3.2186175418577956,6.1512030260607675,-0.6915004714343054,0.832634703304274,3.390982074133561,-3.6354979763730495,-1.8591620943107987,-1.7074090084423474,3.0401542987380785,6.768025845388635,-2.2533936053222243,9.11809527296944,10.702493236994904,-3.425882223191266,7.581477740865491,4.061114997595399,-9.13922641634679,15.23067222630942,-0.7197776961360144
-2.548344383639157,-2.859384001738627,-0.6409305293898544,-7.333589699033193,0.1754849347377888,-1.1101438004366135,-0.5621957948838456,7.322908669068683,-0.5865672573862813,-3.191733145272095,3.9789041006855763,-0.3914543178307077,-1.7074090084423459,5.773372468043441,3.6599745556304346,-0.09513542817515436,-0.3852420275203764,-0.3766297151685982,-2.3504489534672937,8.793371454364536,8.148700037945769,0.0646006350238788,-0.24924544258121434,3.875650423185874,-4.788131167017963
3.6155661932403267,14.089707326818525,2.7881324067385624,9.019417735743861,9.723064502950301,4.0015640736760885,-3.6700226557050875,5.207696066738555,1.0347524901304617,5.4576600615443995,-6.302524788866512,-1.4591237840521973,3.0401542987380785,3.659974555630435,1.2654719724741046,4.309648984763232,-5.881793965517681,-5.98792997920568,4.194725082527487,-2.3815697638653415,1.6786391980525657,0.8160133398013429,-5.2274074944425575,8.88504850359707,-3.2325961042767326
-0.8014769101137726,1.45999854520589,1.163656804424229,-5.233015061302118,0.0022836548712047433,0.7475099642976137,-0.3428645209429688,1.5870730249889808,0.3421460329054392,-0.8093615748499877,-7.703265287120422,-0.5743767139878284,6.768025845388636,-0.09513542817515414,4.309648984763232,6.037524556482575,0.4465890210652742,-0.0332788221758511,4.75354146383002,6.595959656157972,0.5559406617899205,0.538054586009405,-0.31964318281450166,7.71354000323617,-3.7715571072165295
-7.959488366940235,-0.5997745871322331,0.4852292538693801,-0.7232786472677377,-1.2522052774659613,-0.5029668462732428,0.8768205471413983,-3.810471586312866,-1.1728277799945408,0.09042184956201305,5.429130690329764,-0.30972752956653626,-2.2533936053222225,-0.3852420275203763,-5.881793965517681,0.4465890210652739,5.242466784579378,-0.8297539208684883,1.362124356191201,-3.411145034662686,-3.3972855939172053,-0.35540486421508183,-0.20950818296050783,2.5130805377339476,0.058726400397978606
4.917761246573451,-1.2206006813369261,0.008784526883599764,1.5770544874661687,0.6517238614260972,-0.06577348751655276,0.6016913984772989,-2.7008557578925974,-1.0441934299357376,5.841020513108895,-1.6487135628554515,0.28897796460971475,9.118095272969441,-0.3766297151685982,-5.9879299792056795,-0.03327882217585132,-0.8297539208684885,6.060630597684529,-1.2978137576033875,5.13103470144138,2.9182300673763035,0.12846115530440883,0.1737130367256156,-6.891461998365953,2.153840495422636
-11.338210075979164,-5.66028770780056,-1.8330053870859706,-10.09595839578027,8.487189778503264,2.640150679238241,-0.10671268898535735,-0.1329222423148111,-4.9122376573939865,-0.21007762875118607,-2.712829106102148,-7.36912319305063,10.702493236994904,-2.3504489534672963,4.194725082527487,4.753541463830019,1.3621243561912006,-1.2978137576033881,5.7986751460042125,-1.6980041397916312,-6.042362358803419,-5.4131233678067225,0.33669549038635505,-5.64588747632996,-0.3656328933672315
9.79808379659679,10.842059428033872,4.187734021187844,-4.413547211338162,3.0851064855154444,3.65535760924564,-3.6085433658016632,12.617632479199573,-8.216779667712723,-1.7853801513383694,-9.638238849788275,-5.521703473926508,-3.425882223191266,8.793371454364534,-2.381569763865341,6.595959656157973,-3.4111450346626864,5.13103470144138,-1.6980041397916312,-1.298286712236587,-2.3460554296692875,9.654067618289293,6.698202509863356,6.358269938709384,1.5355092730958955
-0.9307227262813091,-3.638608444920493,-0.7149010297358349,-3.6860710833201518,-4.212112170057288,-1.1576737562211485,3.1118313655949064,0.691370391023888,6.668833795917769,-5.751480249561787,1.8625278399429497,-1.5739384105389884,7.581477740865489,8.14870003794577,1.6786391980525663,0.5559406617899192,-3.3972855939172044,2.9182300673763035,-6.04236235880342,-2.346055429669288,-6.164053170647003,-3.3973683408924393,-6.008521655965399,-3.725840619533641,5.196042160222511
-0.6308444305178058,8.858698766940442,-0.26443288121683817,2.114650784383996,-0.5741924264900451,-0.24699293461622496,1.0816560701424212,-6.590239771414049,-0.025029500852537412,-0.12144307593688852,6.85753135447095,-0.1334486532057917,4.061114997595398,0.06460063502387858,0.8160133398013438,0.5380545860094054,-0.35540486421508233,0.1284611553044086,-5.4131233678067225,9.654067618289293,-3.3973683408924398,6.072579991772585,0.5705385108123819,0.11569244705017123,2.143044934001867
-1.7300333385268427,-3.6286028080136994,0.4999053643591873,-8.161802471473328,-0.8450162843087026,-0.7129226125850234,-0.8433146696197212,-9.328171731202547,-0.13342818136563395,7.987524260652406,-1.0985110660475097,-0.5260759204241245,-9.13922641634679,-0.24924544258121495,-5.227407494442557,-0.31964318281450194,-0.20950818296050885,0.17371303672561544,0.3366954903863545,6.698202509863357,-6.0085216559654,0.5705385108123825,5.214639526162928,-4.510985086096297,1.1851258053971538
2.931485164911311,2.5775784823709857,0.49388427310695926,-7.8042382841176865,-6.1670181650655875,-0.7515236985535826,7.005892598901471,-3.261809265873531,6.478067367315735,1.1626338642586735,9.586701827296045,-2.467125050557298,15.23067222630942,3.8756504231858724,8.88504850359707,7.71354000323617,2.5130805377339436,-6.891461998365953,-5.645887476329959,6.358269938709384,-3.725840619533642,0.11569244705017179,-4.510985086096297,7.127573070934502,-1.0937953159538427
-7.342077040912474,-7.861179568816273,7.2239560108385374,1.4990907281484702,-2.5777682326264504,-4.256172480941472,-6.96693502406126,-5.061196190289785,-1.1690799329587271,-13.05624816278583,10.284112554519668,-1.4387609115994788,-0.7197776961360152,-4.788131167017962,-3.232596104276732,-3.771557107216529,0.05872640039797883,2.153840495422636,-0.36563289336723226,1.535509273095895,5.19604216022251,2.1430449340018667,1.185125805397153,-1.0937953159538432,-1.3952889305753908
