n
25
c
-20.804710408491044 -13.274997302124932 102.32737233592442 -76.03795202641234 -67.05055809429871 88.0318717716667 -7.1009145390096835 -14.240913092034248 -8.347440546171862 -7.324237255285508 -115.80738520000247 82.52573377019287 -96.2138389899142 7.604971111322992 -13.71689351764071 -68.2409721986051 -69.41850003456152 97.35437112563137 124.3392941575361 -79.15445433873941 9.38716706509662 61.97676469543951 -95.16131043651114 0.8914514058363943 -88.22367243308587
Q
4.182576305246758,0.05493858460620199,-0.6703191079533427,1.04121297776779,3.6684222783784373,-0.16166776452220033,-0.023749245246844797,0.14045401041523298,-0.5502012647918929,0.7589230454223547,5.042030230205983,-5.492169688533226,-2.049676672536009,-0.017551574846669915,-0.5593905076340397,-5.946404177578442,3.11129669084342,2.2055778429618,-3.6744457819572363,5.627151640600406,0.3661053819419335,4.580041086598174,-0.35412519057475245,-0.3337488209619439,10.797238079328299
0.054938584606200935,4.742264865975274,8.395322856728148,-1.6597607180312808,0.9558222628019164,0.5423746421551923,0.26394071866653324,-0.2352533964097384,0.2635488355155833,0.04208822769570364,2.287225012500972,-3.7866753601156513,6.363946526847048,-0.6097911176796116,0.29800867977493506,-2.911658342504449,-2.168275058867698,5.5910440401339825,-0.12468012157986896,-0.0827591728116967,-0.3212628390632724,-8.326324656529422,6.107292435365289,-0.5106648104127538,3.2999559010233983
-0.6703191079533422,8.395322856728148,-5.951155879263572,6.55942498675028,8.944043633373429,-2.277489997195991,4.978566951823975,2.3726815409574162,6.211760167421693,-2.3705724220926925,-3.331179023295179,-7.7960799479130545,5.612590202224192,-0.21185353171537624,-3.6088005141607997,-0.7329058415780682,4.736359042585296,-2.743901315588537,4.371202501422801,9.210623070076402,3.0349028702738865,-3.7598478305081575,-8.67504523483908,4.812393727240908,-3.3049653722138794
1.04121297776779,-1.6597607180312814,6.559424986750281,0.5617645872647952,-8.972545365393616,-2.0928880712510862,1.458695896862712,-0.4913044905362298,7.445915291604079,1.5992070879667664,-6.699155356800655,-0.5303841479104263,-3.9711731721632066,-3.5548689436485965,-4.580142272859168,-5.503498522025852,2.5317465224223183,4.538046928108512,-1.5302256976352062,-4.8171603273474375,-5.791672374124092,8.044020938978743,-10.15012636483524,-2.233612812190861,-8.20598102530256
3.6684222783784364,0.9558222628019173,8.944043633373429,-8.972545365393618,-8.270559399176221,6.0810204984712675,-1.719094067966762,-5.249792540944977,2.7209773810541824,1.5443684136188471,-12.39834235913398,15.810227373805,-5.282478072260039,-5.3513941962499585,-3.4518871589359423,-13.979473099886286,4.986619637346655,0.5698565591868496,10.563139315320793,-8.936732261217239,-3.9173370833319634,4.402312890715373,-5.6397011155557175,-0.4191738039870496,-4.259083002191931
-0.16166776452220044,0.5423746421551922,-2.2774899971959917,-2.092888071251084,6.0810204984712675,-3.297260594063305,-7.265678044196893,6.395489874440528,-3.775357209241995,0.03348309227905488,4.251909794727975,-8.12686630431725,9.226204231908962,-3.3076690739333228,-2.76589932472356,3.248415435029548,9.33149380721119,1.1628776699612429,-13.161435099309276,8.110206998004408,1.4928069046785828,1.9035038360123766,8.702372474222342,-1.19193390549913,-3.1951389036126763
-0.023749245246845074,0.26394071866653346,4.978566951823975,1.4586958968627128,-1.71909406796676,-7.265678044196893,4.957667293416588,-0.28167519846495526,-0.49979902750290894,0.227941279288509,-2.4546495158168096,7.0648928955104005,-3.4449088186667636,-0.22461257631884557,0.26617750003216073,6.247352888618252,-0.8195210187860504,1.4455266771334312,2.2563233508171803,-6.777024947804458,0.05138337290369699,-8.875400348180651,1.3376720449764092,0.4581685697133645,8.839655763428148
0.1404540104152333,-0.23525339640973958,2.372681540957416,-0.4913044905362304,-5.249792540944979,6.395489874440529,-0.2816751984649556,5.861544200042698,-0.6101630691359965,0.4985061204994834,5.959768187100769,0.14779097418793685,-3.585871319824259,0.04381378955841608,-0.41925616540030997,3.880409902725312,3.359451372751916,1.654477424238499,1.5513999503589468,-0.3814681526280731,-0.38673796424738693,2.13522667595351,1.9529822151591572,-0.7916089049711044,5.958864911858637
-0.5502012647918937,0.2635488355155839,6.2117601674216925,7.4459152916040745,2.720977381054182,-3.7753572092419945,-0.4997990275029082,-0.6101630691359963,5.527749460155504,0.685147135391446,5.881315624306223,0.18435116026807252,-2.1463618218312344,0.0064087217274759745,-0.35156721887384673,-3.430688750533585,-6.680757177450442,1.865136968495283,-4.801977811109184,-4.979069679374317,0.3118240978041842,3.609960694042601,3.9613872080869696,-0.8712522497016291,4.244016658418738
0.7589230454223556,0.04208822769570321,-2.3705724220926916,1.5992070879667655,1.5443684136188465,0.03348309227905355,0.22794127928850916,0.4985061204994839,0.6851471353914451,5.2349173741664465,1.1623274931030176,0.013089119493094659,6.780963301778999,-0.3183597273547789,0.22519905778715876,-6.385818162331063,-6.325660251703535,-6.52448355936499,-1.56970471280186,-0.38366360932279897,-0.2821929573871347,3.7848048773310174,-1.1562530277087864,0.7462698451848098,8.709456230338589
5.042030230205983,2.2872250125009725,-3.3311790232951792,-6.699155356800654,-12.39834235913398,4.2519097947279745,-2.454649515816812,5.959768187100769,5.8813156243062235,1.1623274931030183,-1.6739840081127726,4.9472748778394315,-1.5201703529011201,0.547155559336026,5.64420764922885,-14.673087742537849,-3.2134471257819337,13.349791723739042,9.713281215817668,-4.675644645401109,-4.317631804372901,0.459783582535495,-6.106985955522603,-7.137319705258042,4.197957253155269
-5.492169688533226,-3.786675360115652,-7.796079947913055,-0.5303841479104259,15.810227373805002,-8.126866304317248,7.0648928955104005,0.14779097418793607,0.18435116026807385,0.013089119493094437,4.947274877839432,-8.043432249736114,8.02268285943384,2.4749971655703735,5.6902172478368005,7.01072070538041,0.39771888794107557,9.157056602334215,-1.3858432476253304,1.5421381078469605,2.309693281637952,-5.217383824415155,3.8761449712272418,-6.93511230294904,-0.844092940266604
-2.04967667253601,6.363946526847047,5.612590202224191,-3.971173172163204,-5.282478072260037,9.226204231908962,-3.444908818666764,-3.585871319824259,-2.146361821831234,6.780963301778999,-1.5201703529011206,8.02268285943384,-9.115473492922698,-6.105020655572177,0.25017384139733106,-3.251708116128628,-2.5279718374335665,5.100775736409788,-2.166095368590992,-13.216514864045921,-2.9474643998837973,6.258994474592164,-8.463671923980613,0.737667782199189,1.7218454095239761
-0.017551574846671025,-0.6097911176796101,-0.2118535317153766,-3.5548689436485956,-5.351394196249959,-3.307669073933323,-0.22461257631884557,0.04381378955841608,0.00640872172747553,-0.3183597273547786,0.5471555593360262,2.4749971655703726,-6.105020655572176,4.444955223161578,-0.7435660542926248,8.584151426171575,-5.184685263843462,1.7997396058823574,-0.3457497483863632,7.729808983944916,0.3038630726373883,-4.647836325095077,-4.093048146547343,-0.29821671261391014,-0.12324489403571093
-0.55939050763404,0.2980086797749352,-3.6088005141607993,-4.5801422728591685,-3.451887158935943,-2.76589932472356,0.2661775000321598,-0.4192561654003093,-0.3515672188738459,0.22519905778715965,5.64420764922885,5.6902172478368005,0.2501738413973311,-0.7435660542926268,5.938979150353912,5.683671864434912,0.752187926243856,-2.619528349123858,-6.9010477616686385,4.1162981016631415,-1.2410255582357181,-1.6294118166273863,6.068637274628692,0.14493891120955144,-3.2080741635891297
-5.946404177578442,-2.9116583425044475,-0.7329058415780685,-5.5034985220258505,-13.979473099886286,3.248415435029547,6.247352888618253,3.8804099027253125,-3.430688750533585,-6.385818162331063,-14.673087742537849,7.01072070538041,-3.2517081161286274,8.584151426171577,5.6836718644349125,-7.397513943053825,-13.116063606386309,11.355711805863368,10.467524359831051,-6.962216375405438,9.690545513401752,3.7132361594300525,1.2330924082594217,2.7940498521911734,-6.047765926614172
3.1112966908434196,-2.1682750588676982,4.7363590425852955,2.531746522422319,4.9866196373466565,9.33149380721119,-0.8195210187860519,3.359451372751917,-6.680757177450441,-6.325660251703535,-3.2134471257819337,0.39771888794107557,-2.527971837433566,-5.184685263843462,0.7521879262438558,-13.116063606386309,-3.275727894516998,-6.768092105667448,-0.9746841992513144,-8.826425045099997,-0.4535000075358213,5.283686551695492,-4.4891594455254324,7.97883951093079,-4.392773035362986
2.2055778429618007,5.591044040133982,-2.7439013155885363,4.5380469281085105,0.5698565591868479,1.1628776699612426,1.4455266771334307,1.6544774242384988,1.865136968495283,-6.524483559364989,13.349791723739042,9.157056602334215,5.100775736409789,1.7997396058823572,-2.619528349123859,11.35571180586337,-6.76809210566745,-12.158918510107299,-5.878992131293163,9.515655271736213,1.020099392329646,-15.820727274302023,11.088005637276263,0.5801060801836255,-1.1242694376015652
-3.6744457819572363,-0.12468012157986874,4.3712025014228,-1.5302256976352082,10.563139315320795,-13.161435099309276,2.25632335081718,1.5513999503589453,-4.801977811109184,-1.5697047128018609,9.71328121581767,-1.38584324762533,-2.166095368590991,-0.3457497483863625,-6.901047761668639,10.467524359831051,-0.9746841992513142,-5.878992131293163,-2.9548383327062595,-0.6048190298978127,1.4760446251285244,-11.478941937408798,-5.61520845324274,-4.15117027928466,-0.29111762255430645
5.627151640600404,-0.08275917281169635,9.210623070076402,-4.817160327347437,-8.936732261217239,8.110206998004408,-6.777024947804458,-0.3814681526280743,-4.979069679374317,-0.3836636093227974,-4.675644645401109,1.54213810784696,-13.216514864045921,7.729808983944917,4.116298101663142,-6.962216375405438,-8.826425045099997,9.515655271736213,-0.6048190298978129,7.99369497671907,-3.5021520588703607,16.025197525001502,-8.943996413344648,-2.2988750252529364,-2.086250884471503
0.36610538194193376,-0.3212628390632709,3.034902870273887,-5.791672374124092,-3.917337083331964,1.492806904678583,0.05138337290369603,-0.38673796424738677,0.31182409780418574,-0.28219295738713346,-4.317631804372901,2.3096932816379514,-2.9474643998837973,0.3038630726373883,-1.2410255582357175,9.690545513401752,-0.45350000753582187,1.0200993923296457,1.4760446251285249,-3.5021520588703616,6.5457943290368705,5.920367363127141,0.9737381713504207,0.5815103789513958,0.05725515442506163
4.580041086598174,-8.326324656529422,-3.759847830508158,8.044020938978743,4.402312890715372,1.9035038360123757,-8.875400348180653,2.135226675953511,3.6099606940426,3.784804877331017,0.45978358253549445,-5.217383824415154,6.258994474592165,-4.647836325095076,-1.629411816627388,3.7132361594300534,5.283686551695492,-15.82072727430202,-11.4789419374088,16.025197525001502,5.920367363127141,-12.792523143395627,10.737232647868643,7.692566637854861,13.229673952910586
-0.35412519057475333,6.107292435365289,-8.67504523483908,-10.150126364835238,-5.6397011155557175,8.702372474222342,1.3376720449764088,1.9529822151591563,3.96138720808697,-1.1562530277087866,-6.106985955522602,3.8761449712272413,-8.463671923980613,-4.093048146547343,6.068637274628693,1.233092408259421,-4.4891594455254324,11.088005637276261,-5.61520845324274,-8.943996413344648,0.9737381713504225,10.737232647868643,11.799116333147149,0.6288079524710932,-10.378703775601053
-0.3337488209619437,-0.5106648104127532,4.8123937272409085,-2.2336128121908603,-0.41917380398704907,-1.1919339054991291,0.45816856971336384,-0.7916089049711037,-0.8712522497016285,0.74626984518481,-7.137319705258042,-6.93511230294904,0.7376677821991893,-0.2982167126139097,0.14493891120955138,2.794049852191173,7.97883951093079,0.5801060801836262,-4.15117027928466,-2.2988750252529373,0.581510378951396,7.6925666378548625,0.6288079524710929,4.623600600344117,-3.4084340986811865
10.797238079328299,3.299955901023398,-3.3049653722138785,-8.205981025302558,-4.2590830021919315,-3.1951389036126767,8.839655763428146,5.9588649118586385,4.244016658418739,8.709456230338589,4.197957253155269,-0.8440929402666044,1.7218454095239752,-0.12324489403571137,-3.2080741635891297,-6.047765926614172,-4.392773035362987,-1.1242694376015647,-0.2911176225543074,-2.086250884471504,0.05725515442506168,13.229673952910586,-10.378703775601053,-3.4084340986811856,-0.48323725197607903
