n
25
c
53.584088266761185 -27.72175377477798 -9.92380766869142 -72.49230811419773 -82.02017384461 -56.276454274318475 51.10767409809601 -67.20154703697372 14.797687344240465 2.334690337956747 71.73607842229 19.61165507490866 -102.04468513756427 -83.41948447054062 -3.419846919531164 1.008935220749232 -82.44239418946914 -106.91617214777175 -14.114283111591138 -89.34174598658815 -65.7449592186573 -2.308822340882097 4.409439536987735 73.73532461017795 125.61802348294448
Q
-0.38853386472425644,6.359160737969375,-6.386176729372693,-7.602873724775771,3.802753423647473,2.4617745879473234,-1.899187516384494,8.99201083984094,10.630842629146784,4.136003153818455,-7.697125894021247,0.14568494211709337,13.416326568969135,4.431984065114558,0.5832346701239985,5.421507040464712,-2.4931009695462114,3.6824037898528506,-4.838930934264916,5.985738531080762,16.284092458595467,-1.7244984906884222,-5.405480032129264,-8.221689811671405,-12.38138187101049
6.359160737969376,-8.810617518481164,-2.977641076682044,-9.339647106960944,-19.290354900777096,-10.672943771336408,2.7515838351018833,-13.613322222931451,-5.335927019741008,2.3330398300733366,12.040899019144062,-5.8202899557094225,-6.929588867912986,-10.218398687232664,-6.3108886050096675,-3.512866755457161,5.366255795205213,-4.716769663123799,-3.154573583554326,-8.01426318991041,-6.813725201908097,1.869297100853935,-1.7933848789865579,1.7369427196614942,6.609587373009761
-6.386176729372693,-2.977641076682045,4.064755894925841,-1.046799174602755,-1.4736792139014416,3.8757934856579292,-7.49333532505836,9.060695818160486,-0.3640887495075916,0.26976473754857466,6.20764965036462,0.12212520165951601,-6.389694832913497,-2.854058661547454,0.01688476335612321,-0.569172323964122,1.56132495728676,2.5785563710987223,0.2720159952426534,5.819918576046273,-1.3110065891949934,-0.11965599914224867,-0.30324269900308987,0.2954834944606104,-6.031481201738328
-7.602873724775772,-9.339647106960943,-1.0467991746027545,-11.556189320126272,0.20985959976568513,6.336078871176882,-4.734062181392398,-8.448041060410029,-2.472791946608325,0.6929491414834545,0.9628476265634263,-2.7373904511547114,-14.18660095590068,-3.7935414815358586,-2.1247204984819117,-4.330073325191869,-4.410459660987953,-4.134469743998382,1.6807662835489823,-9.280867543816026,-3.6586538591888926,9.648579882689164,3.4360374044221658,9.216538378302813,7.072347769913397
3.8027534236474727,-19.290354900777096,-1.473679213901441,0.20985959976568513,-6.410055622226109,0.22353101015447754,12.523400602625319,2.605011026408379,2.643112459209142,2.76191746057378,4.170376311328011,-0.547561646421641,-0.8650183934292579,-0.9011484796484996,4.230120772240397,-0.68366896745233,-8.501697262488587,-7.110969528452205,5.869902749850686,-11.478481861028303,-10.335452658593855,-0.8931769259420725,1.7896377865414463,6.03350526427586,-1.4012979581353546
2.461774587947324,-10.672943771336408,3.8757934856579292,6.336078871176882,0.2235310101544783,-2.73788638011065,7.41564351774377,-12.84812527501489,-2.2779111687416895,-9.075249115577545,4.037431471548958,-6.587517810340656,-12.258351088757616,-3.78315930784272,4.891710822581697,3.4048426348267666,-9.328086633930988,-1.4014911700802497,-5.551690280300551,-14.733699810049817,-7.918202725009701,-0.5246517597414911,-5.339723135067353,-0.543036450709024,-2.1155469653437007
-1.8991875163844933,2.7515838351018855,-7.49333532505836,-4.734062181392398,12.523400602625319,7.41564351774377,1.105936681901099,-1.7819603127077102,0.8700056696566456,-0.7342909164305682,-10.442186565373776,1.6133721845448434,5.356807606545011,10.716422153310722,-1.5293253995110851,7.08004269742419,2.8462269276972796,13.594388815932247,4.140752622763216,0.44530800992100694,8.763038163466092,6.042256236777035,8.9587926810464,0.07245143839299528,-10.724461293887671
8.99201083984094,-13.613322222931451,9.060695818160486,-8.448041060410027,2.605011026408378,-12.84812527501489,-1.7819603127077102,2.5225947570251224,-4.617480718177069,6.458185929808286,11.20099317493714,7.568049455495409,0.30422564670268515,-5.550353810440093,-1.5103251888187503,0.9267380797611755,4.317355216823533,-0.9984644816271597,-1.2033645661216892,-9.87918947308807,-15.501368980558922,0.14965219796125562,-2.329498235484791,0.12515391356035638,7.109151630298456
10.630842629146784,-5.335927019741008,-0.3640887495075918,-2.472791946608325,2.643112459209143,-2.27791116874169,0.8700056696566459,-4.617480718177069,3.6066843210105297,-0.4599628214503624,-1.6491397389997897,-0.36390588077131514,2.1374430765588697,1.4524963394638841,-0.03428071729201615,-0.2871384335538789,0.35879218551870995,4.419295724654688,0.44116804273490917,-2.5422321973451245,-9.176004171161814,0.2711975417925553,-0.7321965023864133,-3.7545588477226124,2.9593990528604746
4.136003153818456,2.3330398300733366,0.26976473754857455,0.6929491414834545,2.761917460573778,-9.075249115577545,-0.7342909164305682,6.458185929808286,-0.4599628214503626,5.0845386044405885,-0.5230930980791129,0.31870150450061174,-2.75085336212885,-7.641327123189186,-0.332567604266367,-1.0853636210671342,-5.189564633605377,2.57471589494673,0.007188229212024666,5.109674025277208,-1.6056823006745944,0.11924890318192238,0.35356875036640434,-3.2080294142601034,-1.380296610246659
-7.697125894021246,12.04089901914406,6.207649650364621,0.9628476265634262,4.1703763113280115,4.037431471548956,-10.442186565373778,11.20099317493714,-1.64913973899979,-0.5230930980791118,-2.596561204859338,-0.6263575793460413,15.39244401565796,13.44722361702417,-5.855836882021093,4.898658362536033,-7.563307602521287,7.694161581530238,1.6605785594996685,1.9849216613830816,8.822818665216175,2.2466037354099897,2.4331447557588195,-8.784682174549618,-3.7831578732257607
0.14568494211709332,-5.820289955709423,0.12212520165951579,-2.737390451154711,-0.5475616464216398,-6.587517810340656,1.6133721845448428,7.568049455495409,-0.36390588077131425,0.3187015045006105,-0.626357579346042,4.546275293631551,-1.5779342987535487,-5.529737383635453,-0.6487687303669205,0.903795900037397,-4.316778476295171,-4.481592687983934,1.3052255742551866,8.98606863578063,-8.388210187489246,-0.9947242745841209,0.05365408724516674,5.121759294642189,-0.18539289936094794
13.416326568969135,-6.929588867912987,-6.389694832913497,-14.18660095590068,-0.8650183934292581,-12.258351088757616,5.356807606545012,0.30422564670268404,2.1374430765588697,-2.750853362128851,15.392444015657958,-1.5779342987535485,-1.2211918774922812,-2.680773125134027,-0.5705429004901501,8.296337660735102,-12.404476991557491,-3.949815005890542,6.0162091494542995,-3.0832360104906114,-7.451843295009951,5.241625296636459,-5.664759110793004,7.178390395990641,4.368768851387662
4.431984065114559,-10.218398687232664,-2.8540586615474526,-3.7935414815358595,-0.9011484796484992,-3.783159307842721,10.71642215331072,-5.550353810440094,1.4524963394638841,-7.641327123189186,13.447223617024168,-5.529737383635453,-2.6807731251340265,-6.175653895948978,-0.02810747702348726,9.3733300263454,-4.713523818744285,-14.484679115813954,-0.4483832362071255,-7.901722021875581,-1.3355175440508487,-1.872760677164271,-2.2749552060722174,2.516339199489659,-4.648976503456301
0.5832346701239985,-6.3108886050096675,0.016884763356122656,-2.124720498481912,4.230120772240396,4.891710822581697,-1.5293253995110851,-1.5103251888187499,-0.034280717292015206,-0.33256760426636706,-5.855836882021093,-0.6487687303669204,-0.5705429004901506,-0.028107477023486593,5.707139272901233,0.7858949128720383,2.460593872288727,0.6451542738753333,0.08176669398582104,0.5984854656269589,-3.285295983591194,0.16349899320585326,-0.5426303395792054,2.018529998988223,-1.9946273644479797
5.421507040464712,-3.512866755457161,-0.5691723239641227,-4.330073325191869,-0.6836689674523303,3.4048426348267666,7.08004269742419,0.926738079761176,-0.28713843355388025,-1.0853636210671342,4.898658362536033,0.9037959000373972,8.296337660735102,9.373330026345398,0.7858949128720383,4.050804366411461,-9.262129232142787,-0.5991111796572084,0.29698674598692826,-1.849056568938878,-4.60389731575457,-0.5206723396793262,0.5745252978504136,-1.0271214845105632,-7.727626395522837
-2.4931009695462114,5.366255795205213,1.5613249572867585,-4.410459660987953,-8.50169726248859,-9.328086633930987,2.8462269276972796,4.317355216823533,0.35879218551870967,-5.189564633605375,-7.563307602521286,-4.31677847629517,-12.40447699155749,-4.713523818744285,2.4605938722887264,-9.262129232142787,1.1315357416235798,-9.849323298523833,4.774869495527705,-2.66292284591018,-7.5112878632701365,-3.7550036032552767,-2.622195020013136,11.426102178450316,2.7104708857506825
3.6824037898528506,-4.716769663123798,2.5785563710987214,-4.134469743998381,-7.110969528452205,-1.40149117008025,13.594388815932248,-0.998464481627159,4.419295724654687,2.5747158949467295,7.6941615815302375,-4.481592687983933,-3.949815005890542,-14.484679115813954,0.6451542738753344,-0.5991111796572077,-9.849323298523831,9.168846315201284,-4.231909009316878,0.013792893216538427,-6.918127859838885,5.43576625323567,-1.8101068625562116,12.140699375945786,-3.7851650149125087
-4.838930934264916,-3.154573583554325,0.2720159952426524,1.6807662835489836,5.869902749850684,-5.551690280300551,4.140752622763217,-1.2033645661216887,0.4411680427349096,0.007188229212025055,1.6605785594996676,1.3052255742551857,6.0162091494542995,-0.4483832362071257,0.08176669398582154,0.296986745986928,4.774869495527703,-4.231909009316879,5.383618602168372,1.6857603045708633,5.351902075155835,-1.4575446013892883,-0.7867769979612531,-5.43668394852727,-0.8593673967388864
5.985738531080763,-8.01426318991041,5.819918576046273,-9.280867543816026,-11.478481861028303,-14.733699810049817,0.44530800992100616,-9.879189473088068,-2.5422321973451236,5.109674025277207,1.9849216613830825,8.98606863578063,-3.0832360104906114,-7.901722021875582,0.5984854656269581,-1.849056568938877,-2.6629228459101792,0.01379289321653765,1.6857603045708642,12.311005315783843,-8.4543350017744,-4.536075422910335,1.6811611946792215,8.873882778754044,12.435533222172845
16.284092458595467,-6.813725201908099,-1.3110065891949938,-3.658653859188892,-10.335452658593857,-7.918202725009702,8.763038163466092,-15.50136898055892,-9.176004171161814,-1.605682300674594,8.822818665216175,-8.388210187489246,-7.451843295009951,-1.3355175440508495,-3.2852959835911943,-4.60389731575457,-7.511287863270136,-6.918127859838885,5.351902075155834,-8.454335001774401,7.257739199649484,-7.418124485378836,10.1962801541145,15.032764147988768,1.1240760258426674
-1.7244984906884218,1.869297100853936,-0.11965599914224967,9.648579882689164,-0.8931769259420721,-0.5246517597414904,6.0422562367770345,0.14965219796125506,0.2711975417925555,0.11924890318192304,2.24660373540999,-0.9947242745841212,5.2416252966364585,-1.8727606771642709,0.16349899320585243,-0.5206723396793271,-3.755003603255277,5.43576625323567,-1.4575446013892877,-4.536075422910335,-7.418124485378836,4.5413388841839915,0.16708291007647746,-2.018800990949126,7.427473780617764
-5.405480032129266,-1.7933848789865574,-0.3032426990030892,3.436037404422165,1.7896377865414466,-5.339723135067353,8.9587926810464,-2.3294982354847913,-0.732196502386413,0.35356875036640467,2.43314475575882,0.053654087245166626,-5.664759110793004,-2.274955206072217,-0.5426303395792055,0.5745252978504141,-2.6221950200131374,-1.8101068625562113,-0.7867769979612527,1.681161194679221,10.196280154114499,0.1670829100764777,5.451266118631461,-4.090870655975996,-2.496276497944453
-8.221689811671405,1.7369427196614935,0.2954834944606102,9.216538378302813,6.033505264275858,-0.5430364507090235,0.07245143839299562,0.12515391356035588,-3.754558847722612,-3.2080294142601034,-8.784682174549618,5.12175929464219,7.1783903959906405,2.516339199489659,2.018529998988223,-1.0271214845105638,11.426102178450314,12.140699375945786,-5.4366839485272695,8.873882778754044,15.032764147988768,-2.018800990949126,-4.090870655975997,-9.406633229011511,-15.408586888849449
-12.38138187101049,6.60958737300976,-6.031481201738327,7.072347769913396,-1.4012979581353533,-2.115546965343701,-10.724461293887671,7.109151630298456,2.9593990528604746,-1.38029661024666,-3.783157873225761,-0.18539289936094772,4.368768851387662,-4.648976503456301,-1.99462736444798,-7.727626395522837,2.710470885750683,-3.7851650149125082,-0.8593673967388868,12.435533222172845,1.1240760258426683,7.427473780617765,-2.496276497944453,-15.408586888849449,-4.630756456508875
