n
25
c
-18.700074927661888 -1.783175105921071 108.12775043272747 103.7442434702037 96.87540689255698 91.60193065086702 -18.611726534896974 -124.38981957814094 83.43745817074995 89.85721192706123 -120.39464006298715 -102.96369910325211 -94.64199818106314 105.85874795874611 -111.67553168361034 -83.22486229249283 97.25585880563672 6.265157052131002 73.09084393087491 -122.09520621663756 -99.61177235173624 54.41475532189848 -5.3554195055401985 2.021251586336561 -95.4229981407266
Q
6.416572019352612,-0.07775193969186867,-0.28904659522289267,-1.287450218760718,1.7810174780169854,-0.01968770019951105,-0.1393494790153691,1.5900275737678349,-0.5204738467728269,-3.562071586944244,1.2880246629083958,0.08078447306963077,0.01193276047316938,5.48649546190658,2.8636927426844125,0.128656097618432,0.997893517180606,-0.11386432195163154,-0.3578308066918803,1.9681495128630286,3.6676849967324876,3.425624056224674,-1.0799992372946912,-0.1558914367733526,8.24975559470087
-0.07775193969186756,6.11481780666939,-1.3656018809928776,-2.157982745270585,7.577072609703517,3.5471209111560356,-0.24455716310456416,-7.881397652011454,1.5205459183688474,-2.6618615552632314,0.01562481986300579,-1.1416536290281574,5.744645255794511,-8.896393498417995,-2.5776791672735735,-5.3629840302987,0.3481017050357398,0.1634132784248954,-5.062349503038117,-1.1742005208705768,6.4918450993014805,0.23910197547236112,-0.7104458754322549,0.12525399937928183,4.529392103318242
-0.28904659522289333,-1.3656018809928763,-4.2661035247680426,-11.613911686094275,-5.397250517233324,-13.302784925916217,-9.770261833387455,2.944642983638192,-6.647041649943344,2.7992239249322917,7.789627763509565,-4.231839249017584,0.7750323987315022,-0.6342422253385152,8.922514773250217,-3.4623879252754564,-18.33053141382755,0.1321240283197468,1.125815563160887,2.3013746162240585,12.685975073643746,-1.3131457341498747,-3.746889962634916,5.187079517410437,9.742675789806643
-1.2874502187607182,-2.157982745270584,-11.613911686094275,3.480763810007189,-6.084434384665882,0.1029463430258375,-4.37544303119003,-1.2139249125363736,-11.195896087762941,5.570263198896245,0.916054911640647,2.478730264105052,2.676243862839346,-6.67890327535167,7.4755475524451285,4.867836371442838,-0.7508790685365072,-1.813532235507904,-4.664511889912589,5.798452416754331,-6.901337718906905,2.639892053742529,3.0015612353766814,-2.3707903329176974,-5.318379613580012
1.7810174780169854,7.577072609703517,-5.397250517233324,-6.084434384665881,-9.349811240919498,-9.475422854188915,9.11285390196591,1.2350227660656183,0.7415137543357819,-2.3866556853783427,4.12180188738997,-2.235369388381365,3.20168720732396,-7.785342992032614,0.6531921482324143,16.089368791153845,-8.25322912267773,2.8184206806664323,-5.647803018020483,0.9107426575937485,7.415000615166285,-16.348531783448717,1.1081243180357823,3.8699129450780396,1.9501336167869594
-0.019687700199510605,3.5471209111560347,-13.302784925916214,0.10294634302583683,-9.475422854188917,-4.904613560164453,-9.28201056425272,7.72616888420407,-15.516131875968377,-3.3724948624194213,14.921730047807758,-1.8839497192680996,7.027483356135878,-9.19593929834016,-2.0692012671893596,2.9371465993565335,-2.4649531466219905,3.5154337378128098,-1.8710520491997404,-0.408195764222682,4.219850251343316,1.3323360383057656,-1.2950239156755616,-1.476206410451583,7.2373933200544505
-0.13934947901536732,-0.24455716310456488,-9.770261833387455,-4.37544303119003,9.112853901965911,-9.282010564252719,6.747452310308207,0.07435340301861382,-0.0028492653403331403,-1.7129157138937492,1.3794193931504688,1.4486346112883202,-0.014702885401653903,-0.9718680291760324,6.14568606942723,-0.49335394730782467,-1.9142454680984122,-0.01790346811455512,8.085698804521932,3.16132530927146,-0.6382759216721992,0.2996301147053281,-0.062241141510524844,-0.6537557382906225,1.5396548463698514
1.5900275737678347,-7.881397652011454,2.944642983638193,-1.2139249125363727,1.2350227660656181,7.72616888420407,0.0743534030186146,13.709709046552607,-0.0923743605364642,4.714155990153834,-9.878877731595534,5.0946529781683765,-7.645241315908917,-0.5764701546739315,-5.196378016973098,-0.11169341960097917,0.7640693996351575,3.5080791159470035,-4.948673329172991,-6.318204431539706,1.6868728136820108,13.13494890076668,-8.098497849088488,7.172668587360388,4.171629687103608
-0.5204738467728289,1.5205459183688486,-6.647041649943347,-11.195896087762943,0.7415137543357826,-15.516131875968377,-0.002849265340331919,-0.09237436053646397,6.643497682916294,6.71800380744239,1.1232909605356296,12.049548288875314,11.70319309790662,-5.371272029212711,8.15542732229629,-2.2172101172611924,-0.9316628670637503,-0.12525233564417015,-7.18906924661268,3.164644867458719,7.983153246296333,1.8003928970951042,0.021159081604719132,2.129481632892493,8.549765811544171
-3.562071586944244,-2.661861555263232,2.799223924932293,5.570263198896244,-2.386655685378344,-3.3724948624194204,-1.712915713893751,4.7141559901538335,6.718003807442389,7.19129265099331,7.959171580989667,-8.82130793557853,2.210113883002246,-3.578045934279224,5.466720799608572,14.781950609638294,-5.8399392757483035,8.435020361527343,2.8692830329268793,0.6342943218461321,4.632495928312457,-1.4794997637254164,-9.345434192545683,-4.504405198571585,5.9648974259032075
1.2880246629083973,0.015624819863005346,7.789627763509564,0.9160549116406466,4.121801887389971,14.921730047807758,1.3794193931504695,-9.878877731595534,1.1232909605356292,7.959171580989667,4.575235032690006,3.3680152043728677,-4.671202195775516,4.308165384722023,3.2417825078718563,0.9507192037396315,7.26721092734998,-6.257514819569758,-6.352080493823079,-3.3812601373445617,4.683472940155305,4.481362166895899,-3.235658035507707,-0.7150607328796863,-9.301211109111781
0.08078447306963055,-1.1416536290281574,-4.231839249017586,2.478730264105053,-2.235369388381364,-1.883949719268099,1.4486346112883208,5.0946529781683765,12.049548288875316,-8.821307935578531,3.368015204372868,3.9209638345750024,4.024219777621834,-0.27112659733596334,-1.0050673801238421,-6.955396250912676,9.296742358886018,0.4455374058703533,8.149213979576842,-3.5398191615003283,-4.443092483587719,0.9373789852986447,5.389472754159654,-2.9695036385686446,1.6851806908152693
0.011932760473169601,5.744645255794513,0.7750323987315038,2.6762438628393475,3.201687207323961,7.02748335613588,-0.014702885401653598,-7.645241315908917,11.70319309790662,2.210113883002246,-4.671202195775517,4.024219777621834,-2.4610882377401513,7.4685300988958945,-11.030104668484705,-4.863610175558739,7.761362953418266,7.913143568488321,3.0175395524968067,-11.153951252901026,-13.190273866603055,7.834123916618407,6.556393527570668,5.955722335390032,-1.703754164339269
5.486495461906582,-8.896393498417995,-0.6342422253385154,-6.678903275351673,-7.785342992032615,-9.19593929834016,-0.9718680291760342,-0.5764701546739306,-5.371272029212712,-3.5780459342792237,4.308165384722022,-0.27112659733596256,7.468530098895894,-3.966040864639753,-2.7281601927813957,12.019159686389171,-4.173033729069176,-6.998724827596421,-11.61783654365132,1.6994539662210966,-3.110078779706869,-0.6504851581046726,0.5492472333409928,1.037860493378894,0.6633707031911302
2.863692742684412,-2.5776791672735735,8.922514773250217,7.475547552445129,0.6531921482324134,-2.069201267189362,6.14568606942723,-5.196378016973099,8.155427322296289,5.466720799608572,3.241782507871857,-1.0050673801238417,-11.030104668484705,-2.7281601927813948,12.52869837710606,-1.1449201852551627,-4.211415943690074,-6.186123193479946,5.805041177095411,0.38862029615413907,-6.6426098265275675,3.329076913466691,5.885507804940115,1.7165376885171275,5.433055445716622
0.12865609761843144,-5.362984030298701,-3.4623879252754572,4.867836371442839,16.089368791153845,2.9371465993565353,-0.49335394730782434,-0.11169341960097967,-2.217210117261191,14.781950609638294,0.9507192037396317,-6.955396250912677,-4.863610175558739,12.019159686389171,-1.1449201852551627,-2.757634786501873,-7.604180771933623,-8.69820094629635,9.669137484854962,-13.391195621086384,0.4634262519671559,4.545765237763942,-0.4344695271494716,-0.5961008514595652,-2.2958153748207675
0.9978935171806054,0.34810170503574034,-18.33053141382755,-0.750879068536507,-8.253229122677729,-2.4649531466219905,-1.9142454680984136,0.7640693996351575,-0.9316628670637508,-5.839939275748301,7.2672109273499785,9.296742358886018,7.761362953418266,-4.173033729069176,-4.211415943690073,-7.604180771933622,-10.082568011860662,6.368973137872343,-2.4382994536775864,5.056571348232977,12.453396637285548,0.3959306566388693,-5.22932062638397,6.651972041242283,1.4014216592409228
-0.11386432195163143,0.1634132784248956,0.1321240283197469,-1.8135322355079042,2.8184206806664314,3.515433737812809,-0.017903468114555898,3.508079115947003,-0.1252523356441707,8.435020361527341,-6.257514819569759,0.4455374058703542,7.913143568488321,-6.99872482759642,-6.186123193479945,-8.69820094629635,6.368973137872343,5.745898022998515,1.3727498540987821,6.3241118311710105,1.4530000548474478,-2.4929980294491614,0.18330951570815435,-0.39223611808516834,-7.7137343494933255
-0.35783080669188116,-5.06234950303812,1.1258155631608853,-4.664511889912589,-5.647803018020483,-1.8710520491997398,8.085698804521932,-4.948673329172991,-7.18906924661268,2.869283032926878,-6.352080493823081,8.149213979576842,3.0175395524968054,-11.61783654365132,5.805041177095411,9.669137484854962,-2.438299453677585,1.3727498540987821,3.6909724665002726,11.74669583431936,14.990534992359438,0.8089359503209778,-4.920887319026429,-0.20865755646724726,7.085794714742539
1.9681495128630306,-1.1742005208705766,2.3013746162240585,5.7984524167543325,0.9107426575937472,-0.40819576422268167,3.16132530927146,-6.318204431539706,3.16464486745872,0.6342943218461314,-3.3812601373445617,-3.5398191615003283,-11.153951252901026,1.6994539662210977,0.38862029615413984,-13.391195621086384,5.056571348232977,6.324111831171011,11.74669583431936,13.007472130500842,-1.8390984014516356,-3.2387591487371927,-2.2205236235738437,-5.861937863343318,-4.0988465836348045
3.667684996732486,6.49184509930148,12.685975073643746,-6.901337718906905,7.415000615166285,4.219850251343317,-0.6382759216721993,1.6868728136820104,7.983153246296333,4.632495928312458,4.683472940155305,-4.443092483587719,-13.190273866603054,-3.110078779706868,-6.642609826527568,0.4634262519671556,12.453396637285548,1.4530000548474478,14.990534992359438,-1.8390984014516358,-5.786193911694562,11.066151023715125,1.0734863101522774,-1.8917172523820103,-12.703619847085426
3.425624056224674,0.239101975472362,-1.3131457341498767,2.63989205374253,-16.348531783448717,1.332336038305766,0.2996301147053275,13.13494890076668,1.800392897095103,-1.4794997637254172,4.481362166895899,0.9373789852986443,7.834123916618407,-0.6504851581046749,3.3290769134666895,4.545765237763944,0.3959306566388696,-2.492998029449161,0.8089359503209772,-3.2387591487371914,11.066151023715125,14.074289715745444,0.24537112452165943,4.3136574442247095,8.434738932703489
-1.0799992372946914,-0.7104458754322533,-3.746889962634917,3.0015612353766823,1.1081243180357825,-1.295023915675562,-0.062241141510523956,-8.098497849088488,0.021159081604718466,-9.345434192545685,-3.235658035507706,5.389472754159653,6.556393527570668,0.5492472333409916,5.885507804940115,-0.43446952714947173,-5.22932062638397,0.1833095157081539,-4.920887319026426,-2.2205236235738433,1.0734863101522787,0.24537112452165932,6.060929467375769,0.07989344855326336,-4.899920283983409
-0.15589143677335127,0.1252539993792814,5.187079517410437,-2.3707903329176956,3.8699129450780383,-1.4762064104515829,-0.6537557382906222,7.1726685873603895,2.129481632892493,-4.5044051985715825,-0.7150607328796843,-2.969503638568645,5.955722335390031,1.0378604933788944,1.7165376885171282,-0.5961008514595656,6.651972041242281,-0.39223611808516856,-0.20865755646724726,-5.861937863343316,-1.89171725238201,4.3136574442247095,0.07989344855326275,7.654341530767005,-7.750523845872031
8.249755594700868,4.529392103318244,9.742675789806643,-5.318379613580012,1.9501336167869603,7.2373933200544505,1.539654846369853,4.171629687103607,8.549765811544171,5.964897425903207,-9.301211109111781,1.6851806908152684,-1.7037541643392693,0.6633707031911307,5.433055445716622,-2.295815374820768,1.4014216592409232,-7.7137343494933255,7.085794714742539,-4.098846583634804,-12.703619847085427,8.434738932703489,-4.899920283983408,-7.750523845872031,9.011148233230447
