n
25
c
-17.999755113589984 88.40488792253235 91.23715511040217 -56.17096536841993 85.24601000737643 -3.82260442789143 55.39314520372989 -96.78569839324459 87.33976799866537 81.78935226100751 -95.87435031114047 -97.99300076478762 76.92710922993489 -93.26601210789991 65.23521324579603 3.304435347187619 -49.98423229351961 68.62292288268728 -4.863756445139689 -83.9486781728237 -98.35030799752857 94.43889942444405 104.25255757274034 -84.2307958634538 -24.365272450746218
Q
6.350390506583329,0.5926564128060479,5.768053851426877,-2.5642508430505644,-3.6459663243249962,-0.5566692030703495,1.1472491387289598,9.030633054986655,-6.673405167016708,0.3815767485781698,3.073975406875987,2.6541169941612486,4.617771902777356,-2.4891236848599805,2.041130247572433,0.1882160557321521,-6.624055800945186,-0.8629192438193241,0.24139126350973217,6.555328441874309,4.120594806730421,-6.043295241369288,-8.449705014990144,3.575080308165315,-0.3944304760929477
0.5926564128060479,-1.9830666441807168,-10.416022099540086,2.5671441288556704,-4.539536074608645,1.8811917267994522,5.062579114867304,1.036678246976106,-5.904535272644707,-1.9221078075890252,-10.080356178716288,5.920406909964924,1.159019219398057,3.3653965547618023,-11.317726715051991,1.1507247581235742,9.680757776352586,7.423344388400872,6.798330879319398,8.95124500280333,14.933740386843846,-13.433935752093006,-6.575213823422149,1.9654431642842232,4.6622196020811355
5.7680538514268775,-10.416022099540086,-6.390740031872319,6.2259422895621785,-7.943599638124446,-0.988918359812377,-12.994824625288944,2.6802494807734716,-7.6478562079411025,-5.261696752181144,9.375351702842146,6.113903053722277,-8.482768270061914,0.8844351460122399,-1.2889200017959148,-6.519644126506055,7.637882662452047,-6.835938232316505,-0.21792261115806477,4.328787664086975,4.081404575771209,0.38879562886009955,-4.507622834966785,8.531955473251028,0.3415398603748505
-2.564250843050565,2.567144128855671,6.225942289562178,2.365312629525673,4.105332827871252,0.38289769723448464,7.225329802365082,-10.732335227308804,4.49616748254105,10.266564732031465,-12.543306912817968,-7.666738011341548,8.87260086450574,-6.091259126471445,9.717689277183526,4.050454377225983,-5.494963180649402,6.979766477660285,8.824874632103603,-9.512083006585783,-3.0999342527926,9.294736137537122,-4.88026528155783,-0.14343528247461113,-0.44573178323542273
-3.645966324324996,-4.539536074608644,-7.943599638124445,4.105332827871252,-8.152847772449688,2.8775604731526347,-13.208180902829863,6.779888517405826,-0.5737614296204014,-4.131882281282027,4.4414172869418636,9.32581248548784,-8.35355265378851,16.19342824859725,4.26386270791775,0.7608270171804286,3.9690157645011617,-11.158438588869695,7.519854042692558,6.429498334676444,7.526082553606089,-5.7908092271783564,0.23922835917537533,11.967154017077632,-0.5909566869390942
-0.5566692030703488,1.8811917267994533,-0.9889183598123761,0.3828976972344835,2.8775604731526356,6.728154317513721,0.3742584563197083,-1.5631751259254392,4.165334289856711,-9.450746224698108,3.54682108377412,-2.6382310189734097,1.5256567649531156,-1.5738719872390552,4.659836539650524,-0.5295838496444091,-2.1536225564679197,-7.679595748045158,0.6077760462309327,3.809840710095895,7.774754602325522,2.3877215372373284,-1.3976370977092718,-5.234712615463537,-0.13826572185200814
1.1472491387289576,5.062579114867305,-12.994824625288944,7.225329802365082,-13.208180902829865,0.37425845631970867,-0.493879474532541,10.800188287063918,-0.9070544210029812,-3.0714805295793752,6.902823872149014,5.677518976365607,-10.815643080896109,2.1916674791286836,0.498352173569784,-0.7588083370994927,9.345526049778055,-2.382939102081503,2.126775457470944,-2.670138205445281,2.8016644776596333,-5.19602789098386,-3.3710725319048205,10.687271106390236,6.789156137581396
9.030633054986655,1.0366782469761047,2.6802494807734707,-10.732335227308804,6.779888517405827,-1.563175125925439,10.800188287063918,-11.044694726993669,9.910965920744252,1.3155858477508422,-8.361009414651686,-12.657741003630425,16.01135253207554,0.6342666121619507,5.480100208803194,-4.297701819068454,-4.035013722570654,5.965644378349565,1.796037017194433,4.510952989947349,1.6002788450597234,-3.847588426081729,2.8271352873708167,-6.833753959782053,3.5921204627050516
-6.673405167016708,-5.904535272644707,-7.6478562079411025,4.4961674825410505,-0.5737614296204007,4.16533428985671,-0.9070544210029794,9.91096592074425,-10.036182754932426,0.2641306965738126,4.71558606137754,6.5154527900966634,-0.23625159963598463,4.458225696415925,3.1233163928566143,-3.2714833435268726,1.1935026669894722,-3.5327226957733933,-5.036917390778298,3.780141983531005,-3.534941073806749,7.92482424090559,-7.711178687578283,5.278587016676343,-0.3895146095576205
0.38157674857816914,-1.9221078075890246,-5.2616967521811455,10.266564732031465,-4.131882281282027,-9.450746224698108,-3.0714805295793752,1.3155858477508415,0.2641306965738126,0.702471469547338,13.786724275789572,13.996540719825935,1.9729228599626394,-1.3718126942747833,-7.309218862327133,1.8326687039823635,7.945393658149766,-11.821994237298345,-1.2962172568989798,-3.7727786415133924,5.344720074022604,6.470473024104178,-6.303837512543169,10.741219515305806,-7.6207938644273225
3.0739754068759884,-10.080356178716288,9.375351702842147,-12.543306912817968,4.441417286941862,3.5468210837741205,6.902823872149015,-8.361009414651686,4.715586061377541,13.786724275789572,1.48209646541458,5.050936176474184,5.660009571447308,-10.13403755206414,8.944486709766116,-3.321240813509432,-10.031265005444842,4.691273130826986,-4.123407788555402,-6.988969134410075,-1.9608801696611606,1.183492195502382,-0.6879756973375089,-9.511123291814874,1.636673138254261
2.6541169941612472,5.920406909964923,6.113903053722277,-7.666738011341547,9.325812485487841,-2.6382310189734093,5.677518976365608,-12.657741003630425,6.515452790096662,13.996540719825935,5.050936176474183,9.476855654289148,4.234314328228836,1.91400349420591,2.9966381236262123,4.784938713887223,-11.288733099381366,6.9565284177252735,-0.3430865780899006,-10.404689809006202,0.11896304957116083,11.909276026736098,-4.4491294674011925,-6.046747510664178,1.6177500589514076
4.617771902777356,1.159019219398058,-8.482768270061914,8.872600864505738,-8.353552653788512,1.5256567649531156,-10.815643080896109,16.01135253207554,-0.23625159963598463,1.9729228599626385,5.660009571447308,4.2343143282288365,-7.376426866412505,0.5648488803871989,1.6893657647571092,1.0982503577927751,-5.124348015170532,-17.354068033592934,5.105402914187296,-5.158026375141644,0.1478054872355672,-4.67392632992427,2.814920767989178,2.817186688154873,-9.621242542005726
-2.4891236848599814,3.365396554761803,0.8844351460122393,-6.091259126471446,16.193428248597254,-1.5738719872390547,2.1916674791286868,0.6342666121619476,4.458225696415924,-1.3718126942747815,-10.13403755206414,1.914003494205912,0.5648488803871978,-5.216317121967249,10.615357792405227,3.211812888553718,-13.549390396067851,13.179750917169665,-2.675294906344238,-8.439137337129248,-1.5785608871880232,7.77023335236075,3.938928776490898,-1.1604460041132885,1.6839413655713231
2.041130247572436,-11.31772671505199,-1.2889200017959146,9.717689277183524,4.263862707917751,4.659836539650523,0.49835217356978306,5.480100208803195,3.1233163928566143,-7.309218862327133,8.944486709766116,2.996638123626213,1.689365764757107,10.615357792405229,12.229939479731186,3.288171573619721,6.999726273197732,-7.318754854208344,8.85237626079834,3.3773985877319572,8.702412594810362,-10.712750752548652,-3.5538011285878857,6.232795122510524,0.543362763785801
0.18821605573215194,1.1507247581235742,-6.519644126506054,4.050454377225983,0.760827017180429,-0.5295838496444087,-0.7588083370994924,-4.297701819068456,-3.271483343526873,1.8326687039823641,-3.321240813509431,4.784938713887222,1.0982503577927747,3.2118128885537187,3.288171573619719,6.921429460410176,-3.02643695079441,3.770061358268814,0.907831986165835,-2.9232295625322005,-7.657031612792681,4.2126492991021305,-1.1460893850812324,3.5283438649168803,0.9281851017454747
-6.624055800945186,9.680757776352587,7.637882662452045,-5.494963180649401,3.969015764501161,-2.1536225564679192,9.345526049778055,-4.035013722570654,1.1935026669894737,7.945393658149767,-10.031265005444844,-11.288733099381366,-5.1243480151705345,-13.549390396067853,6.999726273197731,-3.0264369507944093,-9.44311666115301,7.267547668438548,-1.6847339812813855,-2.323602619076247,-9.385553382798483,4.878805099484451,15.681046718443337,-14.799935365297513,4.260018742239102
-0.8629192438193258,7.423344388400869,-6.835938232316504,6.979766477660286,-11.158438588869695,-7.679595748045159,-2.3829391020815045,5.965644378349566,-3.5327226957733924,-11.821994237298345,4.691273130826987,6.9565284177252735,-17.354068033592938,13.179750917169663,-7.318754854208343,3.7700613582688143,7.267547668438549,-3.6309267825381273,1.1421361584942642,9.388957181469463,5.0073319973433055,-7.614522038372809,-9.64866688304783,10.077847615341867,-0.08554437320115543
0.24139126350972884,6.798330879319399,-0.21792261115806483,8.824874632103601,7.5198540426925575,0.6077760462309314,2.1267754574709437,1.7960370171944313,-5.036917390778297,-1.2962172568989816,-4.123407788555402,-0.34308657808990084,5.105402914187298,-2.675294906344238,8.85237626079834,0.9078319861658339,-1.6847339812813857,1.1421361584942662,7.242871295947738,1.9402381426572572,-0.03458921142174831,-8.599224355562532,-5.6307626030035545,-1.270557467872885,-0.5595363750931699
6.555328441874309,8.95124500280333,4.328787664086975,-9.512083006585783,6.429498334676444,3.8098407100958944,-2.670138205445281,4.510952989947348,3.7801419835310055,-3.772778641513393,-6.988969134410075,-10.404689809006202,-5.158026375141643,-8.439137337129246,3.377398587731957,-2.9232295625322013,-2.3236026190762464,9.388957181469465,1.9402381426572575,-2.8072776239736346,-13.252045200560431,15.718562352466119,-0.9999920636216968,-13.340650538494057,-1.830024991330934
4.120594806730421,14.933740386843848,4.081404575771211,-3.0999342527926,7.526082553606089,7.774754602325519,2.8016644776596333,1.6002788450597236,-3.5349410738067486,5.344720074022602,-1.9608801696611602,0.11896304957116044,0.1478054872355679,-1.578560887188023,8.702412594810362,-7.657031612792684,-9.385553382798484,5.007331997343306,-0.03458921142174948,-13.252045200560431,9.525434276788895,-1.7833444089171677,5.301123932643116,-3.710841166508289,9.797761223268722
-6.043295241369289,-13.433935752093006,0.38879562886010033,9.29473613753712,-5.790809227178356,2.3877215372373266,-5.196027890983859,-3.8475884260817304,7.92482424090559,6.47047302410418,1.1834921955023807,11.909276026736098,-4.673926329924269,7.77023335236075,-10.712750752548652,4.21264929910213,4.878805099484451,-7.614522038372808,-8.599224355562532,15.718562352466119,-1.7833444089171675,-6.289350610203799,6.240738691745299,-0.21581484633205683,-1.9752147357147516
-8.449705014990142,-6.575213823422151,-4.507622834966784,-4.880265281557831,0.23922835917537566,-1.3976370977092727,-3.3710725319048227,2.8271352873708175,-7.711178687578283,-6.3038375125431685,-0.6879756973375086,-4.4491294674011925,2.8149207679891766,3.9389287764909,-3.5538011285878865,-1.146089385081232,15.681046718443339,-9.64866688304783,-5.630762603003556,-0.9999920636216955,5.301123932643118,6.2407386917453005,-7.8956910153201925,8.042855085929915,-7.007300082631104
3.5750803081653153,1.9654431642842216,8.53195547325103,-0.14343528247461124,11.967154017077632,-5.234712615463536,10.687271106390236,-6.833753959782051,5.278587016676345,10.741219515305806,-9.511123291814874,-6.046747510664179,2.817186688154873,-1.1604460041132896,6.232795122510525,3.528343864916881,-14.799935365297513,10.077847615341867,-1.2705574678728864,-13.340650538494057,-3.7108411665082888,-0.21581484633205616,8.042855085929913,12.020420818492914,1.0590641942745944
-0.394430476092948,4.6622196020811355,0.34153986037485085,-0.4457317832354224,-0.5909566869390945,-0.13826572185200897,6.7891561375813945,3.592120462705049,-0.38951460955761996,-7.62079386442732,1.63667313825426,1.6177500589514062,-9.621242542005726,1.6839413655713238,0.5433627637858014,0.9281851017454756,4.260018742239103,-0.08554437320115582,-0.559536375093172,-1.830024991330934,9.797761223268722,-1.9752147357147525,-7.0073000826311045,1.0590641942745964,7.715141712285179
