n
25
c
-105.75999639106462 -97.9945646503763 -92.88045011010519 -132.8028030626619 -5.87686584162816 82.1808866991269 -21.43436771092923 -64.17965167524622 -37.49724277573334 -97.57167785150897 123.79734700452764 -24.950290509675526 11.892572950007526 104.21364682131788 -107.6879009086752 2.5705903904638667 0.1725689695164494 98.99661261637122 -119.48321202653553 0.9278135817747039 -16.29487368342891 99.68629621576291 124.15800869186793 25.504050671670555 77.53025821209107
Q
10.975545222818683,-6.691962118355122,-6.030832709205192,-2.0155224313169153,-5.473154101114333,14.1537886669998,3.796998521635512,-1.37772972702495,8.122754760969226,-4.652267614136919,2.6086424770057306,-0.594949467451155,-0.10869245254073645,1.4187511123483125,-7.096167194335859,-5.805885063443145,1.2280552239153628,3.5340670736865576,0.32622667620710954,0.8665599655420726,-4.723193831018886,7.7746086137567385,5.063519138994455,-3.382689650087933,-1.976134871235517
-6.691962118355123,-2.3685432842111194,-1.7679076060603967,-3.123879699271476,4.88138501852085,4.771285720366878,8.939149065195277,-10.065824035732494,1.0528790428364274,-10.77452078646848,0.7425752678156101,-5.569500976142915,-8.910520368522132,-6.830612549066577,-9.270015413493713,1.6012420967492682,-2.009933663496069,4.9064206721419374,1.723454599002248,-2.1218488682119245,4.57669985468868,9.477762350849341,-0.004963698215791068,0.2065912914917436,0.7081883202354002
-6.030832709205193,-1.7679076060603962,15.137437260413657,8.967988604160366,-1.0188895440564056,4.84125209284669,-4.390302893600843,-14.104565940536762,3.924817910787949,-4.327325300088951,-1.654271231382142,6.639496135090989,-0.8850425551977944,-5.659196228473192,7.958268302797601,-4.0892151640110175,8.116432748176715,7.379294348996519,-5.55988745538121,-6.253220303911496,4.7717365813240376,3.9456322106288337,-3.2272579126182888,-0.03374018229739395,7.838293043002948
-2.0155224313169158,-3.1238796992714772,8.967988604160368,13.139078769235287,3.6397157610604074,8.420084568773081,9.043785279287771,-8.474242232449683,10.045211725090088,-11.340111265079482,9.243989259122253,0.9247112863539648,3.1901806838698006,-1.7013897907867899,-11.098587311507696,-0.49638900275776454,0.11975368181640511,11.881546064241997,2.2248310859002443,7.893274417985273,-0.6790578981815312,9.972127580265717,6.275968009592948,-9.657321827802201,2.671373834047792
-5.473154101114332,4.88138501852085,-1.0188895440564059,3.6397157610604074,5.98784010359727,6.401897781082788,0.2252317988657433,-1.4885527026652414,0.16311258214218655,3.510992933271929,2.2210887460312123,0.46331746499631454,1.7387045789667464,-2.1406265301646146,-5.193567667667995,0.21024282801269217,0.07616276812455261,4.520095136428104,3.5724359563768333,0.19013903838920876,0.3124383438897613,-5.8515024138793965,0.7705515533666416,0.7812166457141616,-1.4036621131598634
14.1537886669998,4.771285720366877,4.84125209284669,8.420084568773081,6.401897781082789,-3.0906460224402013,0.6729591021222949,5.307930119437579,-6.545835946606603,8.54911546189741,0.016958513565558553,3.2958068538585086,1.0759996421334526,-9.855098642059266,1.761124010826142,0.43496030818354553,-4.330525837924943,-2.411981527682387,14.03253636145231,-5.570377002123433,1.2326250352193766,-8.977381224183443,-6.106774231487548,-2.093208200801681,-8.31703328947099
3.796998521635511,8.939149065195277,-4.390302893600843,9.043785279287771,0.22523179886574407,0.6729591021222954,5.239326189079494,4.949327617911155,1.6550099077237368,6.389021021345603,-0.4007832813710476,-0.7326405422327655,0.25807704255584885,1.5425465613446017,-2.6861352068501354,0.2855181607671124,-0.19321203972280332,-5.897609425321144,-6.940786439261755,-0.250999036067739,-0.6025953322511441,-3.780212839935341,2.0264096114937455,1.6397161593771425,2.8401704189125594
-1.3777297270249502,-10.065824035732494,-14.104565940536762,-8.474242232449681,-1.4885527026652403,5.30793011943758,4.949327617911155,-4.721381295479295,-2.5434112093333345,-8.418166161847648,3.860375294071789,-4.626363627712439,-6.002983334424879,16.655959550646003,2.9932477843902117,-0.5906169931534875,2.118596977726083,11.89485268449773,-12.938855700800643,1.4677134923420236,-1.8932177823867637,12.047459164968446,-0.5879422307864485,-5.752455058239619,3.9922540583592623
8.122754760969226,1.0528790428364279,3.92481791078795,10.045211725090088,0.163112582142187,-6.545835946606603,1.6550099077237366,-2.5434112093333328,6.4415350905435975,3.3107448730147313,-0.0899677289340155,1.4132264362813851,0.5157687679922801,-0.3777224629913811,2.181928721867445,0.19534357117084097,-0.6324376928562234,3.215500852109436,5.605721197775421,-0.4339299719534597,0.7555906507467567,-3.2393786586647715,-9.355136363601472,-0.3929188383017497,0.9264172962890425
-4.652267614136919,-10.77452078646848,-4.327325300088952,-11.340111265079484,3.5109929332719303,8.54911546189741,6.389021021345605,-8.418166161847648,3.3107448730147317,2.901647352299854,-6.6260778497671176,9.48786155686904,-5.936707547716104,2.5341911828369112,-5.994092524609421,2.4192635671678806,-0.003708176655984774,10.293626648842809,5.571789004344637,0.9039391108993948,-0.46802082587694227,6.235648305454163,14.493247245699443,-9.309957984084614,5.4800693501932045
2.608642477005729,0.7425752678156115,-1.6542712313821424,9.243989259122252,2.2210887460312128,0.016958513565557554,-0.400783281371047,3.860375294071789,-0.08996772893401589,-6.6260778497671176,7.1142437996781975,-1.1358001519164347,-4.244245293964528,-14.087844610201715,0.18174875909809485,-2.557083030462271,9.133846784630775,-7.195667031727906,10.62283831485119,3.412842275010461,5.1613867342815585,-1.2179459404701407,-6.597695452997907,-8.093504136315156,-2.060031046056529
-0.5949494674511563,-5.569500976142917,6.639496135090991,0.9247112863539653,0.46331746499631493,3.295806853858509,-0.732640542232765,-4.626363627712438,1.4132264362813851,9.48786155686904,-1.1358001519164338,5.39696656617139,0.16396937944426143,3.738610132770823,8.520552564011941,-0.6240434933868034,0.2681930159277317,-1.0530033297805543,7.727431182904278,0.08965374626443356,0.07050886185221927,-7.658025811888493,-5.893753687644027,-1.5276829634829339,4.854661503706237
-0.10869245254073391,-8.910520368522132,-0.8850425551977923,3.1901806838698015,1.738704578966746,1.0759996421334523,0.25807704255585007,-6.00298333442488,0.5157687679922798,-5.936707547716105,-4.244245293964528,0.16396937944426138,5.841942483654574,-1.3549880932384444,-3.444596191792927,0.41406702827165753,0.5249618110385986,-2.658573401803538,2.9790046283087968,0.5603101847725358,0.39510574759079065,1.6130366355920365,-4.26025754572534,-0.3524867605241653,4.029920767197473
1.4187511123483123,-6.8306125490665766,-5.659196228473194,-1.7013897907867892,-2.1406265301646155,-9.855098642059266,1.5425465613446012,16.655959550646003,-0.37772246299138046,2.5341911828369112,-14.087844610201715,3.7386101327708237,-1.354988093238445,10.9325576899461,2.744669030202292,5.303982342788392,-4.805981912051463,0.16986240168405686,2.6299894802144603,10.680898993102705,4.767898671421506,2.3679363515765046,-7.48095347710221,-1.4078030665828898,-2.516120799371224
-7.096167194335859,-9.270015413493713,7.958268302797601,-11.098587311507698,-5.193567667667995,1.7611240108261412,-2.6861352068501336,2.9932477843902117,2.181928721867446,-5.99409252460942,0.18174875909809635,8.520552564011941,-3.444596191792926,2.7446690302022922,-1.056352608692392,-6.675463336243542,-3.533797013112599,10.734288492864906,0.13967747203118952,-3.4165586525932437,-0.7776904173469421,5.9455706981020455,0.0410129379440517,4.237833592178607,7.422781028591061
-5.805885063443143,1.60124209674927,-4.089215164011017,-0.4963890027577649,0.21024282801269223,0.4349603081835447,0.285518160767112,-0.5906169931534877,0.19534357117084045,2.41926356716788,-2.5570830304622714,-0.6240434933868049,0.41406702827165587,5.303982342788392,-6.675463336243541,6.4382888733631685,-0.005271477244433276,-8.003117722380022,6.818930776729862,-0.031701626752665746,-0.19960958913146287,-4.648066895044323,5.487096305072754,-0.2542517944970645,2.0490723979240926
1.2280552239153628,-2.00993366349607,8.116432748176713,0.11975368181640578,0.07616276812455203,-4.330525837924944,-0.19321203972280454,2.1185969777260825,-0.632437692856224,-0.003708176655984774,9.133846784630775,0.26819301592773026,0.524961811038599,-4.805981912051463,-3.5337970131125984,-0.005271477244434303,5.185700007363727,-4.284203396140636,-7.066875882537323,-0.35734198162801856,0.7424479601096934,-4.454839726511872,-7.783463259619278,-0.42687578691458905,2.2274448953503696
3.5340670736865585,4.906420672141937,7.379294348996519,11.881546064241999,4.520095136428104,-2.411981527682388,-5.897609425321141,11.894852684497733,3.215500852109438,10.293626648842809,-7.195667031727905,-1.0530033297805554,-2.658573401803539,0.16986240168405575,10.734288492864904,-8.00311772238002,-4.284203396140636,-9.85324958036789,4.053945759409665,-1.2731509151007128,-9.23229307242396,-15.633039437638454,-6.991194169926869,-0.1858657422614982,5.452801834845825
0.3262266762071073,1.7234545990022494,-5.55988745538121,2.2248310859002434,3.572435956376837,14.032536361452312,-6.940786439261755,-12.938855700800644,5.60572119777542,5.5717890043446365,10.62283831485119,7.727431182904278,2.9790046283087976,2.62998948021446,0.13967747203118863,6.818930776729863,-7.066875882537323,4.053945759409665,-5.479891437747647,-3.8783130965896553,8.784843857928562,11.070816548377781,6.30564501263301,-3.335407837556199,-2.16101969771785
0.8665599655420723,-2.1218488682119245,-6.253220303911496,7.893274417985273,0.1901390383892092,-5.570377002123434,-0.2509990360677383,1.4677134923420234,-0.4339299719534598,0.9039391108993955,3.41284227501046,0.08965374626443362,0.5603101847725358,10.680898993102705,-3.416558652593242,-0.03170162675266683,-0.3573419816280179,-1.2731509151007119,-3.8783130965896575,6.6765210153147905,0.13352625464238277,8.1679974015797,-2.2947512952734175,0.27501974736166734,-1.7010739627676177
-4.723193831018886,4.576699854688678,4.7717365813240376,-0.6790578981815312,0.3124383438897629,1.2326250352193764,-0.6025953322511435,-1.8932177823867657,0.7555906507467578,-0.4680208258769416,5.16138673428156,0.0705088618522185,0.39510574759079137,4.767898671421506,-0.7776904173469421,-0.19960958913146346,0.7424479601096932,-9.23229307242396,8.784843857928562,0.1335262546423821,6.15886451728984,-3.79657328102728,1.59559635074159,0.1686137858751009,4.470341427990244
7.7746086137567385,9.477762350849336,3.945632210628832,9.972127580265719,-5.8515024138793965,-8.977381224183443,-3.7802128399353423,12.047459164968448,-3.2393786586647715,6.235648305454164,-1.217945940470141,-7.658025811888492,1.6130366355920365,2.367936351576506,5.945570698102046,-4.648066895044325,-4.45483972651187,-15.633039437638452,11.07081654837778,8.167997401579699,-3.7965732810272788,-7.807449865356752,-2.730444375940647,-1.933621844897039,-7.664585214043925
5.063519138994456,-0.004963698215792345,-3.2272579126182865,6.27596800959295,0.7705515533666405,-6.106774231487547,2.0264096114937455,-0.5879422307864476,-9.35513636360147,14.493247245699443,-6.597695452997906,-5.893753687644027,-4.26025754572534,-7.480953477102211,0.04101293794405114,5.487096305072755,-7.783463259619279,-6.991194169926869,6.3056450126330095,-2.294751295273418,1.5955963507415905,-2.7304443759406474,7.395636813059263,-6.1427404697843055,-12.57673920305967
-3.3826896500879315,0.20659129149174427,-0.03374018229739484,-9.657321827802203,0.7812166457141614,-2.093208200801681,1.6397161593771412,-5.752455058239618,-0.3929188383017497,-9.309957984084614,-8.093504136315156,-1.5276829634829328,-0.35248676052416655,-1.4078030665828898,4.237833592178607,-0.2542517944970669,-0.42687578691458844,-0.1858657422614991,-3.3354078375562,0.2750197473616678,0.16861378587510212,-1.9336218448970386,-6.1427404697843055,7.068283248514319,3.3920115309922396
-1.9761348712355176,0.7081883202353987,7.838293043002947,2.671373834047792,-1.4036621131598626,-8.317033289470988,2.8401704189125594,3.992254058359263,0.9264172962890433,5.480069350193204,-2.060031046056528,4.8546615037062395,4.029920767197474,-2.5161207993712242,7.422781028591061,2.0490723979240926,2.227444895350369,5.452801834845827,-2.1610196977178493,-1.7010739627676181,4.470341427990244,-7.664585214043925,-12.57673920305967,3.3920115309922396,13.346099091952066
