n
25
c
-87.11360491780069 81.31271749453119 -10.58384882360959 3.9291733371560325 82.79537293241049 -97.67852604790811 13.20330908357719 94.9169604756492 79.51542488131243 95.19635740155454 -77.28999018772065 -85.6575545021013 11.986883812955382 -120.6221927936815 -85.87436813790126 -91.96585564907403 98.65709530516722 -21.746868236531412 -20.514852842100492 11.892082204983858 94.46174652528642 -68.0684245063759 100.79864406560205 -17.788509603266185 92.00235689377922
Q
5.827970663928216,1.5099959048322733,4.580154153178141,5.0082024621593275,4.460707371385816,-3.5650221570549534,-4.256904669051511,-2.1352199814861326,2.738496552300324,4.0295265681265064,-6.737520337472487,-1.5366610600298378,-2.41763841002933,1.3567385544898656,-2.7901939832483076,3.7046251800447867,13.842581419088768,3.029714203667184,3.0464294562606593,-5.107514386941796,3.0662088573860053,-3.126873265019156,-1.3296873760291135,1.5518829375979022,2.1323851942235783
1.5099959048322735,-2.0896720111349296,1.8041033699799913,0.9262421116835369,5.473162181077256,9.800149609871525,-1.179478951591172,-2.267001904536449,-0.607905919755402,5.210456012465517,0.23741765166871143,9.146018789225412,2.0054826344244017,3.0785195452094154,6.783168495567357,-1.0837435812587308,-9.645846495943498,-6.220248435743013,4.734310887825069,7.9854626847561265,-5.849729470571597,4.709752689269976,-6.874604096499985,-1.2031581752366796,-0.9892109852142519
4.580154153178141,1.8041033699799913,6.557345595411169,0.2840664337315326,1.162526544564186,8.565371046768975,-0.3954235551381222,-4.906668043698328,-2.5592086448461817,1.1125601673929266,8.077165762632518,-1.7342258469109175,-0.18897272369338247,4.701117851530701,-6.689141331484807,-3.701945044696783,-5.796205477169485,-0.7153795813459753,-0.3799503630096346,-0.5684865122852107,0.02099606893890127,-8.69560894165096,0.1706533792505045,-0.6466728696654294,1.3097457172847748
5.008202462159327,0.9262421116835362,0.28406643373153206,4.452049666960699,-2.017579313897788,-2.2276811909906122,-0.42104369538822367,-2.14559764661205,-4.853278831956975,0.9024957535319484,-3.95977088098398,1.8734512244408164,1.10218818416117,2.467015907626767,-0.9825995669016724,-1.3504220319954428,1.3614350833696092,-0.6609040006311273,-0.37019217255338654,-0.32919694874449257,-1.2099961461437074,-7.062199867147473,-7.93372156452013,0.16877946775905617,2.1264602143026856
4.460707371385816,5.473162181077255,1.1625265445641861,-2.017579313897789,-2.372143514722321,10.11256693053915,-2.56049969875253,-5.437394800617325,-9.052611145033628,-6.414694221084828,14.543022068885886,1.3507948951897264,3.9334695838398623,8.088437308877085,3.2128528381468677,9.317458855205603,-3.068477535411949,0.8894588633203786,-5.229058728186389,2.6257823295384615,-1.2429136018611446,3.6988948380110633,-2.6992489319078072,-1.2590750963085873,0.8866965425506379
-3.565022157054953,9.800149609871525,8.565371046768975,-2.2276811909906113,10.112566930539149,-6.521956291633992,0.055435449287810634,-4.877713263172945,-2.5393538022931708,2.4615430837306977,-2.7029058545630527,-12.096214676974844,-3.767999959898099,-0.659009071195195,-8.29707388297241,-8.877897176625712,3.1954429623932543,1.7163971650368413,2.9682630797335507,6.188306393529651,15.084054778307568,-3.1358349058662633,7.88119639252795,3.011503754755501,-1.6165144499448725
-4.256904669051509,-1.179478951591173,-0.3954235551381222,-0.4210436953882235,-2.560499698752529,0.05543544928781152,5.406937054470781,-4.686598044675576,-0.3845954885928995,9.838764805258101,-5.250909234225023,-1.8638809188626349,0.25806129937920275,3.116119315526842,-4.042590877419485,0.6795774523143984,6.158305778736208,-0.7491905896892117,0.3148013298375827,0.16973045779456708,-2.6274376692472012,-4.981475670449264,5.35471289243277,0.6202961493228563,9.46097823293809
-2.1352199814861343,-2.267001904536449,-4.9066680436983265,-2.1455976466120514,-5.437394800617326,-4.877713263172943,-4.686598044675577,-4.412895476533742,-5.550072967541232,-1.2690774544024566,7.587476491402417,5.559677144351257,1.5914455373989789,8.484891962810588,10.01087280355023,6.446891203891302,-2.850792418036257,-1.1191978680042842,-1.1476946680003342,1.7210470349607532,0.4191545296098492,6.413105208241399,1.681887090570465,9.618065694980421,-7.844165486071514
2.738496552300326,-0.6079059197554023,-2.559208644846182,-4.853278831956976,-9.052611145033627,-2.53935380229317,-0.3845954885928977,-5.55007296754123,-0.37059535656872455,-10.343893560183837,4.388501198858467,15.173767256405986,-4.424819272366928,3.770504517152273,11.892646715859057,10.128409533514892,-2.967650140332531,-2.1941563575745437,4.742379629715283,-0.6110126915577746,-11.423259082266897,2.8852877627772235,5.796684760420993,5.723043878690342,-8.401857324237758
4.0295265681265064,5.210456012465516,1.1125601673929257,0.9024957535319488,-6.414694221084828,2.4615430837306973,9.838764805258103,-1.2690774544024574,-10.343893560183837,-9.97942812102093,9.020876016960157,15.695299521282745,6.844529466099728,6.804956440511551,2.3396176037110195,-2.03687535857996,-8.977436693806697,-4.010366914158653,7.096891502482085,-4.774985293413574,-6.016399386452127,5.714467991711792,-0.14593608794227841,-3.273784841868835,-4.44949559217091
-6.737520337472487,0.2374176516687111,8.077165762632518,-3.959770880983978,14.543022068885884,-2.702905854563053,-5.2509092342250225,7.587476491402414,4.388501198858467,9.020876016960157,1.451784828181025,-15.956766513813744,-5.200625744813066,-10.892001293790493,-11.931053287666884,-7.518945395893727,-0.9038276091593755,4.49897329269805,1.5781484093359595,-3.389191889803956,4.961289696294042,-13.211489572207984,2.0103745816432754,4.446745085072283,7.295361961680044
-1.5366610600298363,9.14601878922541,-1.7342258469109173,1.8734512244408186,1.3507948951897273,-12.096214676974846,-1.8638809188626349,5.559677144351255,15.173767256405986,15.695299521282745,-15.956766513813745,-9.279554855012954,2.468093133172886,1.8360768321545065,-17.740676634868333,-0.5838776328005331,3.825842743274242,0.4154777447368747,-2.489985634340934,-6.347198493675255,1.1733625735564654,0.5401780279879224,4.878063463628178,5.3218159339886935,-4.311494116856908
-2.4176384100293298,2.0054826344244012,-0.1889727236933837,1.102188184161169,3.9334695838398623,-3.7679999598980993,0.2580612993792044,1.591445537398978,-4.42481927236693,6.844529466099727,-5.200625744813066,2.4680931331728875,5.721550342099922,-8.57767180579613,1.4665917696979562,2.636560402655515,-0.8223733550904226,-0.7668637237981898,-0.30545117153035584,-0.6397932917581386,-2.266793826339967,1.10838072724379,6.555463336277347,1.0163746815658679,6.358697757215648
1.3567385544898645,3.078519545209417,4.7011178515307,2.467015907626769,8.088437308877085,-0.6590090711951953,3.1161193155268405,8.484891962810588,3.770504517152272,6.8049564405115515,-10.892001293790493,1.8360768321545047,-8.57767180579613,10.322140597715165,-9.962715046879644,6.006129206485227,0.7866394148262181,3.0678183158940495,6.791859814052186,1.1690890571589443,11.619114884215765,-5.750390317999368,11.201856292393618,-1.189113065087105,3.2533978691328445
-2.790193983248308,6.783168495567357,-6.689141331484807,-0.982599566901674,3.2128528381468673,-8.297073882972409,-4.042590877419484,10.010872803550232,11.892646715859055,2.3396176037110186,-11.931053287666884,-17.740676634868333,1.4665917696979562,-9.962715046879643,9.64162310769219,-12.27010124779794,13.577301804135878,10.27862975695431,6.558645962648519,-4.279044859679932,6.626850637860198,-16.15818994400519,3.5367971039824924,5.063062919121111,3.615308289443445
3.704625180044787,-1.08374358125873,-3.701945044696783,-1.350422031995444,9.317458855205603,-8.877897176625712,0.6795774523143983,6.446891203891303,10.128409533514892,-2.036875358579961,-7.518945395893727,-0.5838776328005313,2.636560402655516,6.006129206485228,-12.27010124779794,8.143873647332935,9.526363380756859,4.606140783270865,5.159342890351248,-4.62270281483179,-9.570207675328923,-6.037757536313646,-2.693417222637958,-5.081831798831329,-2.136836441852147
13.842581419088766,-9.645846495943498,-5.796205477169485,1.3614350833696098,-3.06847753541195,3.1954429623932543,6.158305778736209,-2.8507924180362583,-2.9676501403325304,-8.977436693806698,-0.9038276091593773,3.825842743274242,-0.8223733550904214,0.7866394148262172,13.577301804135878,9.526363380756859,-3.1376164598242964,-0.1503811669684243,-1.9687058546451202,0.05994754245965761,-16.122708465177983,2.8737368032936152,-14.358989282516912,1.7648310815366464,8.315266512657967
3.0297142036671842,-6.220248435743011,-0.7153795813459758,-0.6609040006311278,0.8894588633203775,1.7163971650368406,-0.7491905896892119,-1.1191978680042847,-2.1941563575745437,-4.010366914158653,4.49897329269805,0.4154777447368754,-0.7668637237981888,3.0678183158940486,10.27862975695431,4.606140783270865,-0.15038116696842518,5.054420375597676,-1.4397857585769775,-1.1226954781212943,-0.029529033368951296,-2.1613970198260515,7.24910435081968,-0.36709713745796924,2.7599722652807506
3.046429456260656,4.734310887825069,-0.37995036300963353,-0.3701921725533861,-5.22905872818639,2.9682630797335507,0.31480132983758136,-1.147694668000335,4.742379629715282,7.096891502482084,1.5781484093359603,-2.489985634340934,-0.3054511715303544,6.791859814052187,6.558645962648519,5.159342890351248,-1.96870585464512,-1.4397857585769775,5.8503394228249,1.2774983721533109,-0.9359514204414243,-9.399239997517304,-10.998989477245068,0.9728528422891906,-0.7240503618343799
-5.107514386941796,7.9854626847561265,-0.5684865122852115,-0.32919694874449457,2.6257823295384615,6.1883063935296505,0.16973045779456664,1.721047034960753,-0.6110126915577738,-4.7749852934135735,-3.3891918898039544,-6.347198493675254,-0.6397932917581384,1.1690890571589434,-4.279044859679932,-4.622702814831789,0.05994754245965839,-1.1226954781212948,1.277498372153312,4.5444490814439735,-1.2737714769406798,0.23116881665288402,2.5482721608224566,-0.324998400159455,4.103912581278432
3.0662088573860045,-5.849729470571598,0.02099606893890127,-1.2099961461437079,-1.2429136018611462,15.084054778307568,-2.6274376692472017,0.41915452960984834,-11.423259082266899,-6.016399386452127,4.961289696294044,1.1733625735564654,-2.266793826339968,11.619114884215765,6.626850637860197,-9.570207675328923,-16.122708465177983,-0.02952903336895152,-0.9359514204414245,-1.2737714769406803,2.1915397874614913,7.710596536362978,1.9995370956174492,-6.08618647958915,-1.353717907491077
-3.126873265019157,4.709752689269976,-8.695608941650962,-7.0621998671474735,3.6988948380110633,-3.135834905866264,-4.981475670449266,6.413105208241399,2.8852877627772227,5.714467991711792,-13.211489572207984,0.5401780279879211,1.1083807272437878,-5.750390317999368,-16.15818994400519,-6.037757536313647,2.873736803293616,-2.1613970198260515,-9.399239997517306,0.2311688166528847,7.710596536362979,1.3810729446337575,3.743866540018729,3.8088836109840165,3.6987128909022235
-1.3296873760291148,-6.874604096499984,0.17065337925050375,-7.933721564520131,-2.6992489319078072,7.88119639252795,5.35471289243277,1.6818870905704644,5.796684760420994,-0.14593608794227808,2.0103745816432745,4.8780634636281786,6.555463336277348,11.201856292393618,3.5367971039824933,-2.693417222637957,-14.358989282516912,7.24910435081968,-10.998989477245068,2.548272160822456,1.9995370956174492,3.74386654001873,-1.2518150008763183,-1.574849250167384,-4.908071123270511
1.5518829375979037,-1.20315817523668,-0.6466728696654286,0.1687794677590566,-1.259075096308587,3.0115037547555024,0.6202961493228579,9.618065694980423,5.723043878690343,-3.273784841868835,4.446745085072283,5.321815933988693,1.016374681565868,-1.1891130650871045,5.063062919121112,-5.081831798831328,1.7648310815366453,-0.36709713745797,0.9728528422891904,-0.3249984001594557,-6.086186479589149,3.808883610984015,-1.5748492501673845,8.021798327491172,-3.8460738826110754
2.132385194223576,-0.9892109852142535,1.3097457172847742,2.126460214302686,0.8866965425506385,-1.616514449944872,9.46097823293809,-7.844165486071514,-8.401857324237758,-4.44949559217091,7.295361961680045,-4.311494116856909,6.358697757215647,3.2533978691328436,3.615308289443445,-2.1368364418521484,8.315266512657967,2.7599722652807492,-0.7240503618343797,4.103912581278431,-1.3537179074910766,3.698712890902222,-4.90807112327051,-3.8460738826110745,-10.153218355916868
