n
25
c
14.150068438404483 24.26345330678838 -106.36015372457277 128.86177361280198 -99.65409164248815 87.24835192195927 -22.13860855355734 127.00602072481149 101.79176167633538 -84.83943012687614 70.73052320613016 122.22975435477115 10.404653024148189 -113.46500237630363 138.97379768638731 -8.201129554862549 79.67869847350451 105.42688218147933 -108.05974485474505 119.1806785588932 -15.73946773376337 -96.95186749401815 101.22896904815579 92.88899200702829 85.90776781716971
Q
6.35353994340908,0.6044944803649691,-3.0323939354248557,-3.748203954526587,-9.64060549940133,4.996310958130837,0.06089516013733909,0.6255966285760752,-0.0843411987341589,0.6061890363306695,8.859918853317689,0.03257254431515055,0.06634895780806804,5.688946505922897,0.3680269852381086,0.17946648362950723,-5.80987471816533,9.396216973848327,-5.6122895809384055,-0.8929547602009065,-0.2538733691690047,-7.554636060682402,2.649291545676236,-0.8876243314406913,0.4641369181086894
0.6044944803649694,5.713019186252811,2.8112634544029427,1.3138613429593504,-9.733481101809014,7.359220966284912,-1.2413099119853959,2.907367385912724,-4.541394896062117,-3.4291612040788237,-6.661947059392896,4.619772261262103,0.5368876957220317,-5.445967722088696,-2.655316428289551,-0.005750206991262441,2.563473428407938,-9.20976188482963,-2.2235394140289415,3.5509848582283565,-0.3497942081702783,-7.7596336929897625,-7.0496870081701,7.377901354033548,-1.6182461304090392
-3.0323939354248566,2.811263454402943,6.370180725202891,4.976227011598778,0.19566248666255737,7.245630919858709,4.735729827116997,7.523018449074339,9.339892916383366,-3.035937612334388,7.369402365278432,5.713617068842496,-2.4795548786147394,-11.661953132637949,6.620040260926313,-2.515215527561675,4.052329384928665,12.752258060470842,-2.9264501012417776,2.2678615435704472,0.9628371964438225,0.8960297383812483,7.758271875979776,4.30156034835278,-8.383703258488996
-3.748203954526586,1.3138613429593515,4.976227011598779,-6.560839279879685,7.562483597882785,-10.496757080861725,-5.684111594607618,-1.6514575325801562,-2.165417166763565,2.3484480101511473,0.24334990713860272,-0.17574885926390948,-6.670644602197488,3.5966634001566935,-4.362526475617476,0.5194405655820258,-12.3702998261524,-16.541932931321178,-2.4002698189291913,-14.940171727873413,6.838166519997394,9.878055189845156,-0.26339518623624114,-2.733540266026687,-3.8285914628032875
-9.640605499401328,-9.733481101809012,0.1956624866625578,7.5624835978827845,6.935556790653354,-4.83912327351452,7.7464480063236465,13.229140926984961,1.2409824480173643,-9.082582384123837,11.23138112811884,9.468633155983014,-5.159645451786011,-7.612160452201202,9.223182408699847,1.7931859796080336,9.68959292045037,6.802119070815763,2.2855786187133327,5.619358688049758,5.245130441791489,-1.6754832128739787,15.94949364931981,11.894905102454771,-5.613791463715833
4.996310958130839,7.359220966284913,7.245630919858709,-10.496757080861723,-4.839123273514521,-9.717425838530344,5.2404904741288565,-10.472571129054295,-9.513302257031775,-5.327791512132981,2.083427881976557,-6.250994868150481,-2.8413160348295943,10.357003868956793,-9.04164025421794,-3.5236189525353065,-0.6285265410569107,-4.656504140887794,3.395558185941707,5.338679096819623,-5.327462948023234,13.187691108227284,7.684837100586449,3.215465578363964,5.677144044386646
0.06089516013733953,-1.2413099119853959,4.735729827116998,-5.68411159460762,7.746448006323646,5.240490474128855,5.066642226378091,2.870954792872684,4.687182618834767,1.2841106696986666,9.078233144523129,-3.521147012679274,-0.5863551590807888,1.5863612917786145,-3.272395560019838,1.1818188421406317,-5.419528941101523,-4.766208463876612,2.096196177128828,5.890988026849203,-0.31395133665259267,3.6989766901751215,-1.5608763809493955,3.955914205964808,-3.2046994626939567
0.6255966285760746,2.907367385912724,7.523018449074338,-1.6514575325801557,13.22914092698496,-10.472571129054295,2.870954792872685,6.252145957445009,-9.373371628447803,7.048444743846495,-19.40757054835092,-9.360316359721505,7.567799407840223,-3.452181623494436,-12.334219239127094,-4.539691584246489,3.2933542417665325,-9.403003777653748,7.094145627602005,-8.91889718321913,3.71908632057875,4.855914678142403,-10.037284737936355,-3.743232410639529,-14.379149981392208
-0.08434119873415868,-4.5413948960621155,9.339892916383366,-2.165417166763564,1.2409824480173643,-9.513302257031777,4.687182618834768,-9.373371628447801,10.959896556637002,0.9300889017927642,3.996599128005623,-12.480710308795013,-7.1718281473009355,11.88112315618822,-11.073846805180603,0.5402741782659569,-7.399051257339875,-14.615709675622234,2.5529906508495643,-10.352705148875282,-1.8433103806724818,14.149319620757874,-11.519721739474004,-2.403490959044981,-2.1344517248600963
0.6061890363306683,-3.4291612040788233,-3.035937612334388,2.3484480101511473,-9.082582384123837,-5.32779151213298,1.2841106696986655,7.048444743846495,0.930088901792763,-3.7999941873295215,10.016297900638946,6.805959700682151,4.6395240461794085,0.22102651865440753,2.900926721773791,-1.8192389289791415,10.264371219329574,3.578420099649451,-9.932775988497292,4.697019090015316,1.7619499175893152,-1.2774276897014043,3.039168503263551,3.177216901723919,3.0688145960430866
8.859918853317689,-6.661947059392896,7.3694023652784315,0.24334990713860344,11.231381128118842,2.083427881976556,9.078233144523129,-19.40757054835092,3.9965991280056223,10.016297900638948,12.142482857064627,-6.010841780741577,8.175397670915125,4.457960800785267,-4.113900914052162,2.8751644530003264,0.028248808958819205,-2.9793794146348542,2.51820340804163,-4.793979176612564,-0.3429294094898214,-3.1553715703245335,-0.803418093526127,1.4776448330275374,-2.4277568720404035
0.03257254431515122,4.619772261262105,5.713617068842499,-0.17574885926391026,9.468633155983012,-6.250994868150484,-3.5211470126792754,-9.360316359721503,-12.480710308795013,6.80595970068215,-6.010841780741579,-4.005308791340491,5.983831828242145,5.692654872830536,-13.89216373535287,-7.459744326175808,-4.24616578912842,0.4723614442669899,1.8852321307486215,-5.016511928903105,-3.970306388350918,-5.265004297122183,-9.589836840364686,-6.656298882446611,-5.592560684674276
0.06634895780806743,0.5368876957220314,-2.47955487861474,-6.670644602197488,-5.1596454517860115,-2.841316034829594,-0.5863551590807883,7.567799407840224,-7.171828147300934,4.6395240461794085,8.175397670915125,5.983831828242145,4.670562848680469,-5.257590286646655,1.2379148661538117,0.021105847129709865,-2.55980040780473,-7.65008650515203,-6.273593804097312,-4.366636011049834,0.5457812757581626,1.854549733346096,-10.178735376684767,1.05347671875012,7.945011651188824
5.688946505922897,-5.445967722088696,-11.66195313263795,3.5966634001566926,-7.612160452201199,10.357003868956793,1.586361291778613,-3.4521816234944347,11.881123156188218,0.22102651865440825,4.457960800785267,5.692654872830537,-5.257590286646655,-13.68598789630921,0.4081764006484985,-4.707226914412086,2.6165142655706175,0.1375020525795656,-0.547314520044063,5.961195366586978,3.185299083852656,-4.487087791238065,6.0579379767693275,11.793471565051508,14.760173619830619
0.36802698523810984,-2.6553164282895514,6.620040260926313,-4.362526475617473,9.223182408699845,-9.041640254217942,-3.272395560019839,-12.334219239127094,-11.073846805180603,2.9009267217737906,-4.113900914052161,-13.89216373535287,1.2379148661538113,0.4081764006484986,-2.9429258913321643,-4.744708188398102,-0.06908107075631165,-8.093020305236488,-5.51521037458612,-14.17746101339844,4.761608435940355,-8.350533217169287,-18.537944216816747,-5.597714398126638,-0.8682179117826163
0.17946648362950654,-0.005750206991263551,-2.515215527561676,0.5194405655820251,1.7931859796080323,-3.523618952535307,1.1818188421406317,-4.539691584246486,0.5402741782659564,-1.819238928979141,2.8751644530003264,-7.459744326175808,0.021105847129708755,-4.707226914412085,-4.744708188398101,6.1745445627797,-3.842246124568699,-3.571780334581767,4.836985425343786,-8.889995806775731,-0.45722897738427526,9.125028320107338,3.3475888753818075,6.461721243695843,0.43007054912607956
-5.80987471816533,2.563473428407938,4.052329384928664,-12.3702998261524,9.689592920450368,-0.6285265410569107,-5.4195289411015235,3.293354241766532,-7.399051257339874,10.264371219329572,0.028248808958819524,-4.24616578912842,-2.5598004078047314,2.6165142655706175,-0.06908107075631142,-3.8422461245686996,8.60119815152982,-8.829547281555941,7.473695779701103,-13.955868783616111,3.3772882918607694,7.857284897455728,-12.526955217082024,-2.214426207132396,4.808096663093692
9.396216973848325,-9.209761884829632,12.752258060470844,-16.54193293132118,6.802119070815762,-4.656504140887795,-4.7662084638766125,-9.403003777653748,-14.615709675622234,3.578420099649451,-2.9793794146348542,0.4723614442669911,-7.65008650515203,0.13750205257956427,-8.093020305236488,-3.571780334581768,-8.829547281555941,8.533837869570679,0.7390187306781244,-12.552674453375374,1.3313741919181408,7.62961171345241,-8.035895896390326,-1.0277085436121316,-5.627756823691365
-5.6122895809384055,-2.2235394140289415,-2.9264501012417776,-2.4002698189291913,2.2855786187133313,3.395558185941705,2.0961961771288276,7.094145627602006,2.552990650849565,-9.932775988497292,2.5182034080416305,1.885232130748622,-6.273593804097311,-0.5473145200440639,-5.51521037458612,4.836985425343785,7.473695779701102,0.7390187306781244,3.492972590125955,9.001742957019697,3.6991786559126862,-6.583702699577428,8.835281613003785,7.909749840022381,-2.899423711675603
-0.8929547602009056,3.5509848582283565,2.2678615435704472,-14.94017172787341,5.619358688049757,5.338679096819623,5.890988026849201,-8.918897183219132,-10.352705148875282,4.697019090015316,-4.793979176612564,-5.016511928903105,-4.366636011049835,5.961195366586976,-14.177461013398439,-8.889995806775731,-13.955868783616111,-12.552674453375376,9.001742957019697,-8.706696393006215,1.3089860882998572,6.984947559260457,8.20889203662409,-3.3207374491918324,-10.464862615164614
-0.2538733691690055,-0.3497942081702774,0.9628371964438227,6.838166519997394,5.245130441791489,-5.327462948023233,-0.3139513366525924,3.719086320578749,-1.843310380672482,1.7619499175893154,-0.34292940948982215,-3.970306388350918,0.5457812757581629,3.185299083852656,4.761608435940355,-0.4572289773842758,3.3772882918607694,1.3313741919181399,3.6991786559126862,1.3089860882998567,2.2946794178949927,0.9851108658620451,-3.206973602918356,-6.1369288202691825,5.518383575465944
-7.5546360606824035,-7.7596336929897625,0.8960297383812492,9.878055189845158,-1.675483212873978,13.187691108227284,3.6989766901751207,4.855914678142403,14.149319620757874,-1.2774276897014036,-3.155371570324534,-5.265004297122184,1.8545497333460965,-4.487087791238064,-8.350533217169286,9.125028320107338,7.8572848974557274,7.62961171345241,-6.583702699577428,6.984947559260456,0.985110865862046,3.302934935511378,-3.74897002707556,-3.4688771934301363,-3.9440573347469505
2.6492915456762365,-7.0496870081701,7.758271875979776,-0.26339518623624025,15.949493649319809,7.684837100586449,-1.560876380949396,-10.037284737936353,-11.519721739474006,3.039168503263552,-0.803418093526127,-9.589836840364686,-10.178735376684767,6.057937976769327,-18.537944216816747,3.3475888753818075,-12.526955217082024,-8.035895896390324,8.835281613003785,8.208892036624087,-3.206973602918356,-3.748970027075559,-12.024810513730696,1.3332563625416638,-15.234700422300032
-0.8876243314406922,7.377901354033548,4.301560348352779,-2.7335402660266874,11.894905102454771,3.2154655783639647,3.955914205964807,-3.7432324106395276,-2.4034909590449804,3.1772169017239182,1.4776448330275374,-6.656298882446611,1.0534767187501188,11.79347156505151,-5.597714398126637,6.461721243695844,-2.2144262071323952,-1.0277085436121318,7.909749840022379,-3.3207374491918324,-6.1369288202691825,-3.468877193430136,1.333256362541665,2.5970054265998073,-4.6211164190207885
0.46413691810868796,-1.6182461304090385,-8.383703258488996,-3.828591462803289,-5.613791463715831,5.677144044386646,-3.2046994626939567,-14.379149981392208,-2.134451724860096,3.068814596043086,-2.427756872040403,-5.592560684674277,7.945011651188825,14.760173619830619,-0.8682179117826168,0.43007054912607845,4.808096663093692,-5.627756823691365,-2.8994237116756048,-10.464862615164614,5.518383575465945,-3.94405733474695,-15.234700422300032,-4.6211164190207885,13.982788745722646
