n
25
c
-6.4266221041276355 100.6878125697824 129.8041347097692 -91.5477089151896 -99.83499103615519 94.67732339147304 1.0849984354961646 -80.77392405666643 12.38396835221118 119.3633958244893 68.9248501907227 101.6854262598096 105.81024645168942 -79.59065022384777 105.84309674416201 -104.805457811169 -7.410202619290751 90.18432830066979 94.49141449850882 -84.2173641236652 -72.76270133097907 -77.38265903079929 -1.694572753639131 121.45921507636746 0.0036356565139552544
Q
4.165001629238623,9.160181326137602,-2.317854722857116,1.624741524471439,0.5294146114603304,-1.937156042165157,0.35959550796739903,5.257659354740258,-0.545926684118329,-2.289790134913236,0.6677290702276948,4.188683506476898,0.2631128121843884,2.2207227251949577,3.1140741572091706,0.5732922176405192,-0.06628463973520643,-4.968752593129293,-5.965693526644353,-1.6434272863014938,-3.087191430718693,-0.5445324318745477,0.3277688354748487,-5.124271264010226,-0.3725558569560756
9.160181326137602,1.4255746462577603,-12.825560696937718,-4.534992592816727,14.372771718545113,-0.12364618242593792,-1.1303319171831423,6.806780034875912,-3.7684844063781324,-15.396806267489218,-12.439804359652218,-0.06180156784042817,-16.61301797583786,10.881793031479525,-12.72867115807086,9.324885089631845,3.8997926349571874,0.32089069056005937,-16.772184366378344,2.3987132777180338,1.804546654041145,6.1347490724328075,2.891447852391036,-2.9579587688203013,-0.5972616522026359
-2.317854722857115,-12.825560696937716,-1.4848293156910195,-5.4378384703179945,2.805062214686158,-5.2301361067317105,-2.115818501147747,6.542917283764389,5.616715874777077,-17.911094533151857,-0.5094801160472375,-14.009797262615498,-11.247168561435462,-0.15318003593061824,-6.775242057165263,-5.096478436873563,1.006085639983045,3.031488897673737,-15.706588676090334,11.671445719823726,1.081828044254326,4.776810600675723,-0.04543257537709822,-4.661764883406306,-6.437672249430043
1.6247415244714403,-4.534992592816728,-5.437838470317995,-8.869891709580909,-0.8740270159658633,2.98442326959896,5.840734248480388,4.034456464728075,-8.361101152447564,4.5014225094747,-1.4989302221069416,4.2171211438248895,7.118191243166826,-8.684231379557726,5.5364084989506885,-2.8663056727142973,0.6803081376273485,11.087280857820339,1.3124185796413586,1.9812074633170094,-7.6346489652827465,-6.246654109996109,0.2468976130590741,5.077235602067681,6.310878274019142
0.5294146114603289,14.372771718545113,2.805062214686156,-0.8740270159658627,-8.510219630166773,8.105012043143406,7.755141979186272,4.287839237165744,0.20367658998519206,5.633931614808062,10.348646535791655,13.206034217818663,6.130281628944869,-4.025805405334945,6.305934088259568,-3.295912812997815,1.0670162865701205,11.137794542129953,7.102537932415582,-11.524868435562997,-7.466784536388781,-3.8546582799879574,1.0551727440079137,7.719737593946588,0.12406833038385101
-1.9371560421651564,-0.12364618242593828,-5.23013610673171,2.984423269598961,8.105012043143406,6.083816535079773,-0.428366829927743,17.18422253020921,4.049398405033405,-4.049988088983053,-2.770061515761777,-3.854856110848117,-4.784193002528347,8.479646032883403,-1.0632588212174179,9.10387442357041,5.30292063650508,-4.64623107682694,-6.403558796664869,-2.3099981039159063,10.435751156269415,1.2315198694161278,3.9096256989265314,-12.220283495800915,1.7083135812345638
0.35959550796739914,-1.1303319171831423,-2.1158185011477473,5.840734248480387,7.755141979186272,-0.428366829927743,4.04173556754374,-7.117345932436127,-0.24476843141710794,4.951154395637109,1.9376712577186659,1.7045545143305225,-5.25677375237721,-0.5714183446576726,1.1756762426963236,-0.9595063993298871,-0.5443528123939277,4.467260699418296,1.0370725926222304,-4.4309895973637285,-0.9977466690538472,-2.239892701417476,-0.031254893310647736,-2.6489378443418485,-0.5104980077346373
5.257659354740258,6.806780034875912,6.542917283764389,4.034456464728076,4.287839237165743,17.18422253020921,-7.117345932436129,2.9348234301357703,-3.626999713496998,1.150020670440552,1.5623748940474802,8.93647001665835,-2.8384496422206213,-4.4621489476634295,-4.464258070076106,-7.739395467471666,-3.6704574563307144,9.534008228098111,1.0550774113546548,-3.5443227655923595,-7.995725828806565,-8.633360704848666,5.133604024363258,2.326186574271945,-8.499308731629796
-0.5459266841183296,-3.768484406378132,5.616715874777077,-8.361101152447564,0.203676589985192,4.049398405033405,-0.24476843141710652,-3.626999713496997,5.298912865585595,6.096072205445413,3.059502094914736,-0.9983117448911025,-6.317064352880533,-4.551023201240741,4.861474107236228,8.091908515068491,-0.8885488179925978,-4.425292142722861,-3.757956086440778,-5.1596153882736875,5.803515098661057,-6.223733908680702,-0.898549458829005,0.9137300718964814,-1.0743508362964829
-2.2897901349132357,-15.396806267489216,-17.911094533151854,4.501422509474699,5.633931614808062,-4.049988088983052,4.951154395637109,1.1500206704405522,6.096072205445413,-4.146755909151992,-0.5344144458732027,2.4698928457253753,2.3850633338023703,12.312953443069329,-5.786752147194891,1.1188005084511632,-0.9314508952177725,-5.48108275271041,-2.077467706345467,0.8544725405425917,-0.8108914961944855,13.177549531728678,-4.088734164951061,-5.132999453259953,5.921795078269194
0.6677290702276939,-12.439804359652216,-0.5094801160472373,-1.4989302221069418,10.348646535791655,-2.7700615157617756,1.937671257718665,1.5623748940474815,3.0595020949147367,-0.5344144458732027,7.3869220542507605,-8.921071784646603,-3.16452893903653,7.4747617258408665,-13.744225408289987,13.888996484334687,-3.4723793409288346,-14.475093072562759,-8.732814526834927,8.731993968812311,18.377088082166576,-2.2449574050439365,-0.7651093620903311,2.359339619840906,5.1687870335153585
4.188683506476898,-0.06180156784042867,-14.009797262615496,4.2171211438248895,13.206034217818665,-3.854856110848117,1.7045545143305234,8.936470016658351,-0.998311744891103,2.469892845725377,-8.921071784646603,7.418788131268664,-15.131850196084615,4.8118060828445275,-9.64610576606315,5.1383904830544695,1.5655026429435877,-7.509437606864481,-11.0592138411679,1.394988102291984,5.352954552663023,4.219762704124124,1.325441426566975,-5.506110214865063,-1.8264248031844157
0.2631128121843891,-16.61301797583786,-11.24716856143546,7.118191243166826,6.130281628944869,-4.7841930025283474,-5.256773752377211,-2.8384496422206213,-6.317064352880532,2.385063333802371,-3.16452893903653,-15.131850196084615,2.1711186696283917,3.3977123936888,-6.408524315168789,8.067563713418213,-6.355614947145799,4.7809900481714145,0.9906327986224854,-4.368517565024343,3.377022248123323,8.897232431773743,-0.35077836594306633,-5.340538509077284,-2.5951538837303016
2.220722725194957,10.881793031479525,-0.1531800359306177,-8.684231379557724,-4.025805405334944,8.479646032883403,-0.5714183446576729,-4.4621489476634295,-4.55102320124074,12.312953443069329,7.474761725840866,4.8118060828445275,3.3977123936888,1.1159799157963732,0.9837853026823791,-1.7514843766795978,0.9897505090188838,5.05905613998409,14.704558131969085,-1.9458071395785894,-8.990624040430186,-3.9916012082242873,-3.568428077156834,2.650186269750084,-2.2851326405055192
3.114074157209171,-12.72867115807086,-6.775242057165265,5.536408498950689,6.305934088259568,-1.063258821217419,1.1756762426963228,-4.464258070076106,4.861474107236227,-5.786752147194892,-13.744225408289987,-9.646105766063148,-6.408524315168789,0.9837853026823796,0.8351289204771,8.08184399155431,1.1254797696922736,-1.8006661347679627,7.477045829816262,-0.334169295581367,1.325472842320116,10.996914432942818,-7.3730397011588495,-10.550107399275657,1.3683341881865398
0.5732922176405215,9.324885089631845,-5.096478436873564,-2.8663056727142977,-3.2959128129978126,9.10387442357041,-0.9595063993298862,-7.739395467471667,8.09190851506849,1.118800508451161,13.888996484334685,5.1383904830544695,8.067563713418213,-1.7514843766795973,8.081843991554312,-2.4975701940841635,2.289896221650454,3.11236953402172,10.172553153360935,-6.224861813856851,-5.724458396002772,-9.184074207601586,0.4157674627143416,1.5511498031464916,-1.3114587196296568
-0.0662846397352066,3.899792634957187,1.006085639983044,0.6803081376273474,1.0670162865701218,5.302920636505081,-0.544352812393927,-3.6704574563307144,-0.8885488179925982,-0.9314508952177726,-3.472379340928834,1.565502642943589,-6.355614947145798,0.9897505090188825,1.1254797696922731,2.289896221650453,5.8739209742059995,-3.1386033924669117,0.8202009490963081,1.6844535365311435,-4.21242603914738,6.8773931658924266,-0.882509046246126,-4.033595618338411,0.2698109647590087
-4.968752593129294,0.3208906905600578,3.031488897673736,11.087280857820339,11.137794542129953,-4.646231076826938,4.467260699418296,9.534008228098111,-4.425292142722862,-5.481082752710409,-14.475093072562759,-7.509437606864481,4.7809900481714145,5.059056139984091,-1.8006661347679627,3.1123695340217195,-3.138603392466911,-3.1905705841147682,-15.623390372898886,4.770027760268406,4.144141509149817,15.469391450251914,4.626958137056948,3.310357382834797,-0.9890423347537296
-5.965693526644353,-16.772184366378344,-15.706588676090334,1.3124185796413592,7.102537932415583,-6.4035587966648695,1.0370725926222288,1.0550774113546546,-3.7579560864407786,-2.0774677063454674,-8.732814526834927,-11.0592138411679,0.9906327986224853,14.704558131969083,7.477045829816261,10.172553153360935,0.8202009490963085,-15.623390372898884,-7.349990172024159,11.984317173240484,6.9818732508240515,9.47800268198042,-1.8399148229088655,-1.9450233682274998,-0.37422509475229093
-1.6434272863014936,2.398713277718033,11.671445719823726,1.9812074633170091,-11.524868435562995,-2.309998103915905,-4.4309895973637285,-3.544322765592359,-5.159615388273686,0.8544725405425921,8.731993968812311,1.394988102291983,-4.368517565024344,-1.9458071395785888,-0.3341692955813669,-6.22486181385685,1.6844535365311422,4.770027760268406,11.984317173240484,-5.240892719329231,-6.557376839100812,-0.6628216570517343,-2.4407606533003845,3.5069109017466475,1.060134974688483
-3.087191430718693,1.8045466540411448,1.0818280442543253,-7.6346489652827465,-7.466784536388782,10.435751156269415,-0.997746669053847,-7.995725828806565,5.803515098661055,-0.8108914961944855,18.377088082166576,5.352954552663023,3.377022248123324,-8.990624040430186,1.3254728423201168,-5.724458396002772,-4.212426039147379,4.144141509149817,6.981873250824051,-6.5573768391008125,-4.6762214822796,-12.770693987246357,5.572071871687417,-7.967483929147567,2.6009395623834393
-0.5445324318745484,6.1347490724328075,4.776810600675724,-6.246654109996109,-3.854658279987958,1.2315198694161287,-2.2398927014174754,-8.633360704848668,-6.223733908680702,13.177549531728678,-2.2449574050439365,4.219762704124123,8.897232431773743,-3.991601208224288,10.996914432942818,-9.184074207601586,6.877393165892427,15.469391450251914,9.47800268198042,-0.6628216570517338,-12.770693987246357,0.6241699541358088,-7.529211868357191,15.064222441776947,-3.2444655149806243
0.3277688354748485,2.8914478523910354,-0.045432575377098106,0.2468976130590746,1.0551727440079135,3.909625698926531,-0.031254893310649345,5.133604024363259,-0.8985494588290046,-4.088734164951061,-0.7651093620903321,1.325441426566976,-0.35077836594306594,-3.568428077156833,-7.373039701158847,0.41576746271434123,-0.8825090462461255,4.626958137056947,-1.8399148229088653,-2.4407606533003845,5.572071871687417,-7.52921186835719,4.495746771904385,-8.649743348576822,0.8644942382595708
-5.124271264010226,-2.957958768820301,-4.661764883406307,5.077235602067679,7.719737593946589,-12.220283495800917,-2.648937844341848,2.3261865742719454,0.9137300718964805,-5.132999453259952,2.359339619840908,-5.506110214865064,-5.340538509077285,2.6501862697500846,-10.550107399275657,1.5511498031464923,-4.033595618338409,3.310357382834797,-1.9450233682274993,3.506910901746648,-7.967483929147566,15.064222441776947,-8.649743348576822,-9.251616436609233,-3.2060917127018165
-0.3725558569560752,-0.5972616522026368,-6.437672249430042,6.310878274019142,0.12406833038384901,1.7083135812345618,-0.5104980077346379,-8.4993087316298,-1.0743508362964822,5.921795078269194,5.168787033515358,-1.8264248031844144,-2.5951538837303008,-2.2851326405055197,1.3683341881865418,-1.311458719629658,0.2698109647590093,-0.9890423347537323,-0.3742250947522902,1.0601349746884814,2.600939562383439,-3.244465514980624,0.8644942382595711,-3.2060917127018183,6.346918087523103
