n
25
c
2.2743694145833224 -90.9900469710979 -105.58856433712438 103.69717072618974 -9.179628425874004 -91.4280708208916 -4.920280332583102 129.81356700531092 81.92357265076771 -107.23104239587991 -91.980853054479 83.39035900994921 122.39393838443793 20.297761431614372 -7.757893194385159 -9.72280741837937 -74.44954551959624 127.01961006073493 -71.11149253147512 -11.52844349532322 55.11803844012097 -90.03843719110462 84.36927456958611 80.86909015686933 93.60933462622332
Q
5.307253403095357,-4.63041020993869,-8.081099025396329,1.5499124180325774,-0.10993564011691151,-0.0530881360028814,0.5791429728987019,-0.3304511325231596,-3.970476406847478,7.64006479663435,-8.342957022995936,-1.1441931324473003,-3.9571126531807623,0.6162257283109396,0.0667203573987658,0.38743676580653075,0.5378152582101118,-2.08361431810837,-0.51036072885019,1.0657750076607817,-6.172765617689241,4.413159294612793,-9.713752313315876,4.537485127556535,1.7875924405489143
-4.630410209938689,7.453517028606305,6.330100230414319,2.3590978425476283,-3.705645307358721,-3.7762950189429834,4.1986463527531015,8.400615674869368,10.302569034750409,-11.264514922508894,-5.1986986717338,17.6750266812705,5.1002289931119025,-7.280250845754391,-5.251739367280002,7.019805488812825,2.3270602272314753,-5.476794634519861,-7.630813464342117,-0.6066939410675716,14.139140767674299,-13.336293778505171,3.4256113763446177,6.1113023122789984,-7.5282525127860245
-8.081099025396329,6.330100230414319,-7.298977967649505,8.120960566632938,4.239518778632801,0.611354907483378,-2.57292242967499,2.5056047375522583,-4.406426946460725,-5.1220368996552725,-3.565795624902891,6.7894295283866715,1.1212183901507884,-1.320216299390704,-1.7098870253287064,-5.650145410240589,-8.483004357483487,-3.625517654369656,-5.449708865888612,5.402936401787521,9.455948832602656,-4.180563590578959,13.429912502390748,7.299274207226036,9.660531458168844
1.5499124180325776,2.3590978425476266,8.120960566632936,-6.356694279821554,-5.7833903651659115,5.160492161655336,-0.9917849335152994,-1.2687549875494923,-8.281237960108772,4.207667670274448,9.200787335613995,-10.220264467182565,-6.864999982263746,5.101833738736455,-2.9504835642786627,0.13785406915578058,2.8189624504587254,-7.495019036269276,14.668700784565265,1.3014189206327516,-7.568158435419423,14.728288063422141,-11.301686763297013,-2.5940658483823578,-3.3641235829006666
-0.10993564011691231,-3.7056453073587208,4.2395187786327995,-5.78339036516591,5.4602291722258345,-5.225434625791183,-0.013478019787863962,1.304426226133617,-6.438605538616248,9.215151436405963,-5.115265329337289,-3.842256492841533,-0.17256353421517012,-0.3503114394103275,-0.5134854896508394,0.491496194392394,0.5280592002790758,-5.255421197989827,8.067249852842354,-0.6724869830678462,5.692887199136345,-1.3869051257497824,0.8408390411054059,-1.2731640070207937,-1.3324501781972344
-0.05308813600288176,-3.776295018942982,0.6113549074833781,5.160492161655336,-5.225434625791184,-15.165132448293509,6.0032103774811265,6.320275612835282,8.012464358344324,-11.243281564937813,-5.364209151608835,-5.063355429491281,-8.590257971329782,-0.6206348343450647,5.589431020661557,3.213251514061052,-0.34478840415742695,5.634860802691216,-8.089774445193134,3.619129234573992,4.751421050111133,-11.540917946267793,10.67645420309364,-0.10252261078622649,15.038985711965093
0.5791429728987003,4.1986463527531015,-2.57292242967499,-0.9917849335152987,-0.013478019787863449,6.0032103774811265,5.0553754463471305,-3.94714907420437,9.495482903359164,-2.9526455082008267,-2.7524482032237794,-5.315096209231408,0.8777499379618601,-0.11217921494805538,-0.7642429272379062,0.9440395769333259,-2.718217056601474,-5.866227425581794,1.3728297801188925,-0.3294980146975104,3.219266816282699,3.5696330772479365,2.322338525452801,0.0867890700422076,-2.2465074689597913
-0.33045113252316294,8.400615674869368,2.5056047375522574,-1.2687549875494932,1.3044262261336166,6.320275612835282,-3.9471490742043702,-6.72438669292629,-1.512691866634307,3.5964055971949014,6.89575642699567,-3.8877969915383694,-14.869130370084893,-1.2500026469864849,-0.5813947151301024,2.195520980449026,12.718596913196006,-9.341028283427184,4.003978496783258,0.3191311899088707,-0.6758665765204426,-0.8884630776675411,-6.254262897626756,-8.3150407939757,-2.7203821672910005
-3.9704764068474785,10.302569034750407,-4.406426946460726,-8.281237960108772,-6.438605538616248,8.012464358344324,9.495482903359166,-1.5126918666343059,-2.352667376652203,5.9551720944328,1.6441164266706316,-5.231198155918287,0.724257489204008,1.2088254935448561,-4.787991751431509,6.636303742780807,-5.413634789555613,-4.239358105501105,6.697873096647094,-0.3661808022301174,4.7113145779752195,4.524171997343864,-17.468721544261207,-9.735808479336313,2.4166157801173958
7.64006479663435,-11.264514922508894,-5.122036899655273,4.207667670274449,9.215151436405963,-11.243281564937813,-2.9526455082008267,3.5964055971949005,5.955172094432802,5.207985357830707,-5.220465378136168,12.64600077538671,5.777740437613166,1.6892919699871258,-0.2846396310119441,0.6293224805076649,-5.926034668111312,12.097968727901508,-9.350171522932452,-2.1115292811178117,16.451917357880347,-4.561177058555385,-1.2136781161911385,17.93077411625515,5.251977787654082
-8.342957022995938,-5.1986986717337995,-3.565795624902891,9.200787335613995,-5.115265329337287,-5.364209151608834,-2.75244820322378,6.895756426995671,1.6441164266706336,-5.2204653781361685,6.166315690242389,12.756429397746253,8.614709514277454,-7.107120438238325,2.0644265838903846,-1.4716340652415032,-8.281731010432187,-2.707618607282637,-3.167092260224591,-4.118122984256169,6.8164613629293065,-7.841182922654497,-3.0591502505104584,3.980681482246492,5.781194532919037
-1.1441931324473011,17.6750266812705,6.7894295283866715,-10.220264467182567,-3.842256492841532,-5.063355429491283,-5.315096209231409,-3.887796991538369,-5.231198155918287,12.64600077538671,12.75642939774625,3.233514592421802,-7.2597561855127815,3.041071452386425,-4.07348604844529,2.748156568295623,5.13758060662359,-6.201527373126592,4.238347904124898,1.3374179588909132,-15.03360417981954,4.4098320288207145,-4.105007676603288,-7.398060201770196,-6.456173596281972
-3.9571126531807623,5.100228993111902,1.1212183901507884,-6.864999982263746,-0.17256353421516968,-8.590257971329782,0.8777499379618601,-14.869130370084893,0.7242574892040075,5.777740437613167,8.614709514277454,-7.2597561855127815,-3.0532543108348706,-0.06663056175809134,0.7996125743221505,3.6801643240802537,9.776689882227782,-5.0431046000482604,14.494695666576805,-3.582003857144511,-3.015034420389743,3.9738257164585074,1.3630261257470484,-6.02975572731809,-14.199056244655374
0.6162257283109396,-7.28025084575439,-1.3202162993907036,5.101833738736456,-0.3503114394103274,-0.6206348343450652,-0.11217921494805483,-1.2500026469864842,1.208825493544858,1.689291969987125,-7.107120438238324,3.0410714523864253,-0.06663056175809101,4.901831974148426,-0.39616279401538246,0.03459876255656752,-3.5363326000814905,-1.9785879569322935,1.5674652573422,0.11706667726112929,-4.118392231407598,-8.068207812727897,5.450140393562037,-0.21442434301856395,-2.9636736223220415
0.06672035739876625,-5.251739367280002,-1.7098870253287057,-2.950483564278662,-0.5134854896508391,5.589431020661556,-0.7642429272379062,-0.5813947151301011,-4.78799175143151,-0.28463963101194345,2.064426583890385,-4.07348604844529,0.7996125743221514,-0.39616279401538357,4.466753092752636,-0.5732757878339482,0.930645136836654,2.9132610836388113,5.262351427665227,-0.35335781898551044,4.430135294175816,-0.80820031011736,5.697358672263522,2.8091022697736308,0.4143130005804645
0.38743676580653136,7.019805488812824,-5.650145410240588,0.1378540691557809,0.4914961943923944,3.2132515140610525,0.9440395769333273,2.1955209804490265,6.636303742780808,0.6293224805076649,-1.471634065241502,2.748156568295623,3.6801643240802537,0.034598762556567575,-0.5732757878339491,4.667856652298816,2.28607305349695,-4.328922666276914,-4.845414593018364,1.3131506763382326,1.5134159669198524,4.419294834024136,3.84983907745943,0.9051299108227413,4.4812206407985
0.5378152582101121,2.327060227231475,-8.483004357483487,2.8189624504587245,0.5280592002790748,-0.3447884041574272,-2.7182170566014747,12.718596913196004,-5.413634789555612,-5.926034668111312,-8.281731010432189,5.137580606623589,9.776689882227782,-3.5363326000814905,0.9306451368366536,2.286073053496949,-14.759189312284974,0.42888387646887716,-8.938742844170665,2.542622509348716,3.5119297732237946,-5.54680695577583,5.9585609349808415,7.808616711724096,3.75159571992296
-2.083614318108369,-5.47679463451986,-3.6255176543696557,-7.495019036269277,-5.255421197989827,5.634860802691217,-5.866227425581793,-9.341028283427182,-4.239358105501105,12.097968727901508,-2.7076186072826363,-6.201527373126592,-5.043104600048261,-1.9785879569322935,2.9132610836388118,-4.328922666276913,0.428883876468877,-6.138392479951462,2.7526456199270184,-7.537849104033462,-0.8630321018289349,7.3883673156205045,-7.740199457976328,2.492320905088849,-3.405595509976409
-0.5103607288501905,-7.630813464342117,-5.449708865888613,14.668700784565265,8.067249852842352,-8.089774445193134,1.3728297801188916,4.003978496783258,6.697873096647092,-9.350171522932452,-3.167092260224592,4.238347904124898,14.494695666576805,1.5674652573422017,5.262351427665226,-4.845414593018364,-8.938742844170665,2.752645619927017,9.295533673450706,-0.2633562528569835,2.5296569143013534,-9.717116093805613,4.231176738423347,0.900802332879588,12.042946331303787
1.0657750076607833,-0.6066939410675718,5.40293640178752,1.3014189206327529,-0.6724869830678468,3.6191292345739923,-0.32949801469751006,0.3191311899088709,-0.3661808022301172,-2.111529281117812,-4.118122984256169,1.3374179588909136,-3.582003857144511,0.11706667726112907,-0.35335781898551005,1.3131506763382328,2.542622509348716,-7.537849104033462,-0.2633562528569829,5.975121170039719,1.1057008722037767,0.8443429375844382,-9.448869683745283,4.621120677641908,-3.055832042057892
-6.17276561768924,14.139140767674299,9.455948832602655,-7.5681584354194245,5.6928871991363454,4.751421050111133,3.219266816282699,-0.6758665765204415,4.711314577975219,16.451917357880344,6.816461362929307,-15.033604179819537,-3.015034420389744,-4.118392231407598,4.430135294175815,1.5134159669198524,3.5119297732237946,-0.863032101828935,2.529656914301353,1.1057008722037758,-0.642349589714077,7.977109397842083,-6.112441724551917,-7.804677633220533,6.751706316827624
4.413159294612794,-13.336293778505171,-4.180563590578959,14.72828806342214,-1.3869051257497822,-11.540917946267793,3.5696330772479365,-0.8884630776675417,4.524171997343864,-4.561177058555385,-7.841182922654498,4.4098320288207145,3.973825716458508,-8.068207812727895,-0.8082003101173605,4.419294834024135,-5.54680695577583,7.3883673156205045,-9.717116093805611,0.8443429375844393,7.977109397842083,-3.554851795027222,7.4600868531627915,-0.12320825263480167,13.703773014962378
-9.713752313315876,3.4256113763446185,13.429912502390748,-11.301686763297013,0.8408390411054061,10.67645420309364,2.322338525452801,-6.254262897626756,-17.468721544261207,-1.2136781161911383,-3.0591502505104575,-4.105007676603288,1.3630261257470495,5.450140393562037,5.6973586722635225,3.849839077459431,5.9585609349808415,-7.740199457976327,4.231176738423348,-9.448869683745285,-6.112441724551916,7.4600868531627915,-4.711282035113915,-6.835549430584709,2.171757226892205
4.537485127556534,6.111302312278998,7.299274207226036,-2.5940658483823587,-1.2731640070207932,-0.10252261078622588,0.08678907004220787,-8.3150407939757,-9.735808479336312,17.93077411625515,3.980681482246492,-7.398060201770197,-6.029755727318089,-0.21442434301856395,2.8091022697736308,0.9051299108227405,7.808616711724095,2.4923209050888486,0.9008023328795889,4.621120677641906,-7.804677633220532,-0.12320825263480129,-6.835549430584709,2.414101908948717,-12.234720855863298
1.7875924405489148,-7.528252512786025,9.660531458168846,-3.3641235829006653,-1.3324501781972353,15.038985711965095,-2.2465074689597904,-2.7203821672910005,2.4166157801173944,5.2519777876540825,5.781194532919037,-6.456173596281972,-14.199056244655374,-2.963673622322042,0.4143130005804646,4.481220640798501,3.75159571992296,-3.4055955099764095,12.042946331303787,-3.0558320420578924,6.751706316827626,13.703773014962376,2.171757226892205,-12.234720855863296,9.151789125861036
