n
25
c
-62.40772988610867 66.16303555282215 -68.38727773923716 -72.1784126399736 -95.06062209570054 11.533589817192956 -36.65645109773386 -116.55991961201316 -22.502306706328028 -23.85844850107895 -109.6102966649932 -65.56158501001116 65.01324480977709 -21.275103845091014 -12.980782045174895 1.2175735089462294 -7.839960548693238 -82.53106290880426 84.30638414890153 -70.16902567180077 -11.228329051841348 -63.5952477636673 -73.28414915491868 -42.71216260833571 13.535881502261752
Q
10.950527450166797,-5.807394849620355,-11.754822571670864,-5.334305731223163,3.840023968062553,-4.07940139193407,-5.206102169994367,-1.3099098520693646,0.26016213800786736,-6.187810595133614,-2.467431801603044,-11.738036628196207,9.762022373813197,4.473565738573526,-3.4592303023636477,-0.5813844504009593,1.569947842497442,0.0010224820355639874,0.9104509297565881,0.46252170190767594,-5.202377377195315,-6.216699369676537,-1.2795303241102487,-7.659129996826539,1.2805498405636222
-5.807394849620357,6.0382474995619715,1.8006563954810353,10.128367602414455,9.162354742106045,0.2859910878393299,5.792782134206288,6.039401065868984,-2.4884398010228193,8.044682248896516,0.8597362047212265,5.441313045409257,-2.9238024114270385,-7.70469746712864,-4.338080305306845,2.6522249554967137,-4.016422526542044,2.698408369567833,-1.9948079248287178,5.685083308198296,-0.20918463293328868,2.1178445705372715,0.7365345386040307,-4.923911826872185,6.076107975291736
-11.754822571670863,1.8006563954810364,11.600640992997217,7.355272646930965,-0.6701903162312456,3.668289952876875,-3.0972929272679,-1.9505868070029022,4.48203264664849,-8.413974889122375,-4.934173091948978,-2.260830043052531,7.742755051979135,9.230321113747845,-0.900360471847769,-1.078577144563973,-3.4838850037292826,-2.8276943509849044,1.7583392340420274,-17.970865807167616,3.711200286313765,-14.922021116833104,-7.173128272116036,-9.009394300074797,-2.485951596045416
-5.3343057312231625,10.128367602414453,7.355272646930964,-8.286695434365894,-5.206442182543703,-5.211320789784991,-0.10232165089276835,-8.769021631326025,6.8004066826343745,3.0574203393480515,-6.100542968006915,-0.6516531588365637,3.5574162616603955,2.7415068240881197,-3.2602574055679505,-4.743036123129046,1.839007203827383,-8.34647447684121,2.577334884863885,-1.9833635146780508,1.1024950317849438,-2.9459943960812898,-1.5345640183053582,-15.088655325692404,-2.12378592352037
3.8400239680625536,9.162354742106045,-0.6701903162312448,-5.206442182543701,1.1734172209198164,-3.442878558026729,1.975949073619531,-9.98628040576875,-8.835512069835298,1.0475106237474168,3.9834816619829576,-5.313620973301114,9.068979571291232,-7.964506586469409,3.124561165196062,1.339661980328104,0.3409861303430761,1.4751936733357423,-2.173783280199214,0.5436284530469708,1.4160463892174673,-9.76192043684695,0.5584384926242143,-4.180947169413583,0.5697474120551687
-4.07940139193407,0.28599108783933014,3.6682899528768753,-5.211320789784991,-3.442878558026728,5.158276180082961,-0.313600685450415,-1.2580717471820575,0.8508743540001609,0.32745436266566874,2.116622884559524,-5.804607339099789,7.770167027189466,0.680151714222182,-0.08493394085247408,0.3357423651030806,-0.4151837204200738,1.7512504804444773,0.4293432730448261,-2.0698464759595376,0.16419284266066636,6.418728935513988,-4.623733739501836,-2.525799903824087,0.12215099651121719
-5.206102169994368,5.792782134206288,-3.0972929272679,-0.10232165089276801,1.9759490736195313,-0.3136006854504152,-4.65982307843102,-9.178759381764394,-6.335872772948044,5.663287223538883,0.9323966479868002,-11.277950760725439,5.650985307916478,4.391256625946814,-0.7137992889284765,-5.068490689287063,-2.786826677043237,-8.009232920407635,10.807959661604341,-5.472160258520345,0.19162696317732508,-11.90620578307401,-3.367989915895184,-16.843822102370897,-9.466268840335076
-1.309909852069364,6.039401065868983,-1.9505868070029015,-8.769021631326023,-9.986280405768749,-1.2580717471820577,-9.178759381764394,12.741522695682772,7.165963698441363,2.4314608077698927,1.2554198495984332,3.224528404005709,3.2653455745213718,-2.093192989033584,-0.3842109091791033,-5.07541369269602,8.458403620148948,1.3050692741705836,-0.007547791166915396,5.441455775930229,-0.4689265961203768,-3.61867995953006,-3.3429181145539864,-2.6381229724530666,1.6545132338600235
0.26016213800786797,-2.488439801022818,4.4820326466484905,6.800406682634373,-8.835512069835298,0.8508743540001595,-6.3358727729480435,7.165963698441363,5.929564053031115,-0.37981779992751963,5.200715431797665,4.1305734685277455,0.123300394779153,-0.8003084614444935,0.8488804276068107,-0.9519570525666378,0.333714137977152,-0.4695507991395159,6.4703178124748,5.583038853615939,0.11166274631959383,5.1886235331332,-3.3157374441539575,-3.0408388622284965,0.17628524752331165
-6.187810595133618,8.044682248896514,-8.413974889122375,3.057420339348051,1.0475106237474172,0.3274543626656683,5.663287223538882,2.4314608077698923,-0.37981779992751985,5.50210944233094,6.767370247520525,0.41195763493446724,-1.1395874241757684,-0.108963920997458,-0.20177409456612905,0.35164282589562657,1.8094144992221124,4.053078121221172,9.79236035803778,3.5072658509149512,-0.49492676087220183,7.095750543792696,1.675447479389915,-0.6751470732102265,-0.03206391160967206
-2.467431801603044,0.8597362047212282,-4.934173091948978,-6.100542968006915,3.983481661982958,2.116622884559523,0.9323966479868,1.255419849598434,5.200715431797666,6.767370247520525,-7.144405569364295,6.57551544396357,5.868609511451401,1.7978734324466297,9.390735306710447,4.722291965582688,-5.010685055180203,4.928450451910125,10.70631604922477,-6.912979831300648,6.246992045418844,-7.699078081723856,-10.9452661636455,0.9563117187164282,0.9049844977087977
-11.738036628196205,5.441313045409256,-2.2608300430525317,-0.6516531588365637,-5.313620973301115,-5.804607339099789,-11.277950760725439,3.22452840400571,4.130573468527743,0.4119576349344678,6.575515443963571,11.604112033832484,0.7674928090842965,4.243534006927786,0.29716919437328426,4.483702423759256,-0.019173326741982355,-1.1317771130673675,-4.148045358229037,-17.262077214888507,6.304199110900081,-8.062591270001644,-9.40252020817218,-9.394272235624962,1.1839721831978691
9.762022373813197,-2.923802411427038,7.7427550519791355,3.557416261660396,9.068979571291232,7.770167027189465,5.650985307916478,3.265345574521371,0.12330039477915278,-1.139587424175769,5.868609511451403,0.7674928090842956,9.812431141857745,-3.747503788714043,1.7914052943512044,4.622731021802407,3.896163859327482,4.300989330104317,0.9337428317064019,4.687737572859756,-10.423610938631558,4.817787499418035,10.58557364225838,4.078061298244041,-4.256235297192304
4.473565738573525,-7.704697467128641,9.230321113747845,2.741506824088119,-7.96450658646941,0.680151714222184,4.391256625946815,-2.093192989033583,-0.8003084614444945,-0.10896392099745789,1.7978734324466294,4.243534006927785,-3.7475037887140425,6.7043113271036905,-0.44449631106989873,-0.13864365131834533,0.19433224313724495,-1.7799634789615801,6.218660291689411,7.079498513213016,-0.22273900470223484,-0.24757343832100576,0.7942585805322689,-3.1574060497046528,-0.6393352011298805
-3.459230302363646,-4.338080305306844,-0.9003604718477691,-3.260257405567949,3.1245611651960616,-0.08493394085247408,-0.7137992889284781,-0.3842109091791034,0.84888042760681,-0.20177409456612827,9.390735306710447,0.2971691943732844,1.7914052943512047,-0.4444963110698976,6.523813858634858,-0.23030978494420906,0.2347073386676135,5.337924569500424,-1.3197185256474162,1.9070638547968026,-0.5339468773777876,-3.0701327824459117,-1.0825658962491715,1.8074533858196804,-0.1269028099141663
-0.5813844504009597,2.6522249554967128,-1.0785771445639714,-4.743036123129045,1.3396619803281034,0.3357423651030813,-5.068490689287064,-5.075413692696021,-0.951957052566638,0.35164282589562723,4.722291965582688,4.483702423759256,4.622731021802408,-0.13864365131834566,-0.23030978494420984,5.165617677174991,0.41745827554180015,-6.214033139981614,-3.2934847490281833,1.8533573411142532,0.24998192839978287,6.336506957543551,-5.506245615910312,7.140808878381299,0.3781470953121411
1.5699478424974413,-4.016422526542045,-3.4838850037292826,1.8390072038273835,0.34098613034307723,-0.4151837204200748,-2.786826677043238,8.458403620148948,0.333714137977153,1.8094144992221115,-5.010685055180202,-0.019173326741982688,3.8961638593274808,0.1943322431372449,0.23470733866761417,0.4174582755417988,5.9556373745338185,8.079258375177442,-8.684786728989675,-3.3914719487265126,0.24742022721860413,-0.6179441503625239,-5.842086575408876,4.821654364991442,-1.0437008762783864
0.0010224820355642095,2.6984083695678303,-2.8276943509849053,-8.346474476841212,1.4751936733357418,1.7512504804444782,-8.009232920407635,1.305069274170584,-0.4695507991395156,4.053078121221171,4.928450451910125,-1.1317771130673675,4.300989330104318,-1.7799634789615801,5.337924569500423,-6.214033139981615,8.079258375177442,-14.684263250619633,4.782072932353063,-7.57409990420371,-1.37587579645614,-12.313716639913524,4.342510260293077,0.19462556133928588,-5.513608840874773
0.9104509297565884,-1.9948079248287165,1.7583392340420276,2.5773348848638857,-2.1737832801992134,0.4293432730448268,10.80795966160434,-0.007547791166915396,6.4703178124748,9.79236035803778,10.70631604922477,-4.148045358229037,0.9337428317064013,6.21866029168941,-1.3197185256474149,-3.2934847490281824,-8.684786728989675,4.7820729323530635,-7.222021054013392,14.049450187622949,2.4242241129001445,-0.8992611986417872,6.308424507549778,-3.8166192519993176,-8.77469799653332
0.4625217019076766,5.685083308198298,-17.970865807167616,-1.9833635146780528,0.5436284530469712,-2.0698464759595385,-5.472160258520345,5.441455775930228,5.58303885361594,3.5072658509149512,-6.912979831300648,-17.262077214888507,4.687737572859756,7.079498513213016,1.907063854796802,1.853357341114254,-3.3914719487265117,-7.57409990420371,14.049450187622949,10.62324216292852,1.349953951146802,-10.975525258013924,-8.31585199718637,-5.029322683041891,0.6739610703666402
-5.202377377195319,-0.2091846329332907,3.7112002863137623,1.1024950317849442,1.416046389217468,0.16419284266066647,0.19162696317732575,-0.4689265961203769,0.11166274631959416,-0.49492676087220167,6.246992045418843,6.30419911090008,-10.423610938631557,-0.22273900470223373,-0.5339468773777867,0.2499819283997815,0.24742022721860485,-1.3758757964561412,2.4242241129001436,1.349953951146802,6.109515892647791,-4.197431417714571,2.3942736282405774,-1.9773818641430827,0.061753154694913714
-6.216699369676537,2.1178445705372724,-14.922021116833104,-2.9459943960812907,-9.761920436846951,6.418728935513989,-11.90620578307401,-3.6186799595300605,5.1886235331332,7.095750543792695,-7.699078081723856,-8.062591270001644,4.817787499418035,-0.24757343832100542,-3.0701327824459126,6.336506957543553,-0.6179441503625233,-12.313716639913522,-0.8992611986417866,-10.975525258013924,-4.197431417714572,14.12301923887679,-2.459408837285391,-14.900265738524539,-1.1356250446397373
-1.2795303241102491,0.7365345386040296,-7.173128272116035,-1.5345640183053588,0.5584384926242132,-4.623733739501835,-3.3679899158951843,-3.342918114553987,-3.3157374441539575,1.6754474793899148,-10.945266163645499,-9.40252020817218,10.585573642258382,0.7942585805322693,-1.0825658962491724,-5.506245615910312,-5.842086575408876,4.342510260293077,6.308424507549776,-8.315851997186371,2.3942736282405783,-2.459408837285391,-0.9047694168201277,-2.0840762953332463,-1.3420280228680075
-7.6591299968265405,-4.923911826872185,-9.0093943000748,-15.088655325692402,-4.180947169413583,-2.525799903824087,-16.8438221023709,-2.6381229724530666,-3.0408388622284965,-0.6751470732102263,0.9563117187164301,-9.394272235624964,4.078061298244042,-3.1574060497046506,1.8074533858196806,7.140808878381299,4.821654364991442,0.194625561339286,-3.8166192519993185,-5.029322683041892,-1.9773818641430836,-14.900265738524539,-2.0840762953332486,1.4914675949279914,1.457190083071526
1.2805498405636213,6.076107975291736,-2.4859515960454157,-2.123785923520371,0.5697474120551689,0.12215099651121752,-9.466268840335076,1.6545132338600244,0.1762852475233117,-0.0320639116096722,0.9049844977087977,1.18397218319787,-4.256235297192303,-0.6393352011298792,-0.12690280991416714,0.3781470953121413,-1.0437008762783864,-5.513608840874772,-8.77469799653332,0.6739610703666408,0.06175315469491416,-1.1356250446397371,-1.3420280228680064,1.4571900830715254,5.694503966322095
