n
25
c
1.5436742039408762 69.26891649708054 -101.9735003563283 75.36576059664631 -97.82010236477309 96.3475293331209 -92.57659962396701 -4.38349558138667 -15.197995164099636 -6.157837279564247 13.315569356022372 10.776832219439962 -91.09496636004336 -103.3586004596465 5.380319417300754 82.74643467983338 -94.8584049517104 125.27927562292679 -83.07642354307326 16.224254213796925 12.652364387970806 82.23394619428664 76.77479061312215 74.39691114069068 -99.20519217374847
Q
4.616326421517095,-8.120355664496536,-1.6291806015130506,-3.462696039534105,3.4186362594167568,5.683071250084579,-4.111958552258003,-0.54698952504737,0.7159626342801783,0.8902568560478556,-0.40480585412292364,-1.0019480131071319,1.7945285144312813,-2.70976898667037,-0.05435750533160294,4.190150349233347,-5.247475094301936,-4.3127427264482545,4.610124171988732,0.1438764913330718,-0.7205510660208546,5.222307700800309,9.685756417962834,4.41171247759868,3.1503518790613407
-8.120355664496536,12.265534429272822,9.875497292990287,-14.278812044934547,2.0165642005228746,-6.978548584246124,17.211277751073457,2.9054557028297774,5.885038911284501,-3.449488147389203,3.899747761455245,10.116767366365847,-0.5988552540875534,7.52346083186811,-1.705569990394364,-1.5409353569853814,9.42035538808161,-6.529798941421104,15.447808794342517,7.843319194331244,1.5599258764764112,-10.735801753583281,-16.383736070529412,-4.954846821276714,10.681460989633457
-1.629180601513049,9.875497292990287,-3.0197159413842645,0.40756329190010554,-7.69103695364572,3.986193158776958,-7.043739214266295,-1.9479454374894265,7.3048544547067635,-0.04809141110817672,-4.183799931157361,-8.403035133644988,-8.715807733368814,1.8124193408080729,5.367529204449366,8.258211118608763,-5.059217923089363,5.450527747936453,-6.27736328818174,-0.32294515609418784,-3.6044330438843795,4.84670920430465,6.029915476621612,4.649872595090579,0.7518375708244225
-3.462696039534106,-14.278812044934547,0.4075632919001063,-11.499795479334342,-3.906177803949592,-14.060687088712383,8.7547625742441,0.874602849932081,-7.882493977647261,1.3443956476963208,7.053022175096596,-6.114834051724219,14.394107861530564,6.082575754069578,3.693876903527005,-0.155336451603942,1.658009782067949,-1.4578877990871453,6.906303219790616,4.268594346322473,0.7488258105751614,-0.45156860838718993,-4.503364775880593,-5.0987679364193745,12.403444531100279
3.418636259416756,2.0165642005228754,-7.691036953645719,-3.906177803949592,-0.9060941116862544,-1.8707279338606269,6.518970365553755,2.509764137696148,-1.390119768028065,-0.3803331904870122,-2.9451030022388602,-0.8574433458291062,2.2265538696866916,-9.6063776429029,2.3022413205253116,14.290140398875721,-16.795438351080485,2.6621873182274887,-7.238741753393308,-7.15144619632073,1.1050130510719547,0.4734193194905716,4.1628293497071125,17.40790088830605,-4.285533205512838
5.683071250084579,-6.978548584246124,3.986193158776959,-14.060687088712383,-1.8707279338606273,-2.4014829980425603,10.358368313694223,-8.267661409524147,4.939487506304492,-10.395573000145621,0.6840559115237673,5.807783426057249,10.567056712922907,11.886494590349507,1.3893506581490662,-5.41857400643259,7.753211129331897,-11.632261975588566,6.086020070049066,-4.19185938236775,-0.44119208735232585,2.0333103050737895,-0.81364408878403,-17.815026896431807,9.246193074539342
-4.111958552258004,17.211277751073457,-7.043739214266295,8.7547625742441,6.518970365553755,10.358368313694223,-0.03818521756677118,-4.460608026405566,-2.9916652279354796,1.9802565061363842,-5.124854150907497,-6.674285939831022,-8.835169916826244,-9.254309511009625,-2.7484854706111435,0.045370083574024805,-3.7229930143268337,0.8011373596683038,-3.832165046726402,7.852626018839446,0.7536480239935393,3.6305150291228507,-5.983966164510747,1.9699751643056094,-3.6399746010649396
-0.5469895250473702,2.905455702829778,-1.9479454374894265,0.8746028499320806,2.509764137696149,-8.267661409524147,-4.460608026405568,5.365071133950221,1.5326743260065299,-1.1645170887771177,-0.02981158989462126,-0.034766978354421996,-5.513386466429171,6.1528209384751,-2.0128747057922487,2.505275574710894,-0.11060257544535346,1.1115762372785696,-0.16245182948782788,0.7152056359003464,0.11029628063953639,4.255901442260908,-1.500036982514163,-6.515700304277221,4.237710317113384
0.7159626342801796,5.885038911284502,7.304854454706762,-7.882493977647262,-1.3901197680280648,4.939487506304492,-2.9916652279354796,1.5326743260065299,5.552661481666147,-0.011270422204013197,-0.48551394276450843,0.46016576195891706,4.63426109794632,-3.6790361071881574,0.4027613676967462,7.644555084523498,3.6163480491676454,1.0276652328214437,0.34303892466388913,-0.5538981958399485,0.08031477139623161,-5.528754370879266,-2.974681914495605,0.4418655905569875,1.592464713162126
0.8902568560478569,-3.4494881473892027,-0.04809141110817611,1.3443956476963201,-0.38033319048701153,-10.39557300014562,1.9802565061363833,-1.1645170887771172,-0.011270422204012545,5.04253696999434,-0.36696058439063095,-0.9390346687161231,1.2460387144824203,2.1678844562923043,1.2819644073616439,-1.5027713235062414,5.120429002942188,4.130228880369093,4.495435766966668,-0.6298716146185879,0.4062536873195599,7.353691344322307,7.238504730839741,3.95063562893135,-7.583446122223963
-0.4048058541229209,3.899747761455245,-4.183799931157361,7.053022175096596,-2.9451030022388607,0.6840559115237672,-5.124854150907496,-0.029811589894620072,-0.48551394276450777,-0.36696058439063106,3.5508122921552467,-0.8633785854315218,-0.2246743912438618,0.21649958573408312,0.3881521148572852,-2.452071307913464,3.705717399880175,-5.825138206902596,-2.573798234836821,-0.1255074637151834,0.0353176389678832,-4.624843742297933,5.322174295754028,0.0856173994420455,-1.534196522607153
-1.0019480131071319,10.116767366365847,-8.403035133644988,-6.114834051724219,-0.8574433458291055,5.807783426057248,-6.674285939831022,-0.034766978354422384,0.46016576195891756,-0.9390346687161224,-0.8633785854315226,3.923542169726277,-3.72739507096693,2.1497056492541473,-0.02377680756582362,9.356261313526499,0.7052645232201065,-5.076787683540658,5.987219774963955,-0.30812800534571205,0.6502046746403235,-4.841217362509167,-1.2819278297584267,-10.430813367049094,-3.825519389030428
1.794528514431282,-0.5988552540875535,-8.715807733368814,14.394107861530564,2.2265538696866916,10.567056712922907,-8.835169916826244,-5.513386466429171,4.63426109794632,1.2460387144824197,-0.22467439124386235,-3.7273950709669306,4.845052568663756,-10.066366682026274,-1.6333596122571112,1.684690178385965,-6.194654591713627,8.660101339739878,1.0056533379097399,-5.726610923797661,-0.59857462702915,11.044210651242459,-1.0111475150891682,5.814056433879213,-3.718386144804268
-2.70976898667037,7.52346083186811,1.8124193408080729,6.0825757540695795,-9.6063776429029,11.886494590349507,-9.254309511009625,6.1528209384751,-3.679036107188157,2.1678844562923034,0.21649958573408234,2.1497056492541473,-10.066366682026276,-6.667665577884211,-6.551982449884075,0.7166158429673338,-7.702636468044483,-5.292102984430478,-11.82811116144321,-0.6112480040764633,-3.315357808471645,7.7428553023934565,11.765457536251423,11.792327017875547,8.057766934362773
-0.054357505331601885,-1.705569990394363,5.367529204449366,3.693876903527005,2.3022413205253116,1.3893506581490662,-2.7484854706111435,-2.0128747057922487,0.40276136769674686,1.2819644073616439,0.38815211485728535,-0.02377680756582401,-1.6333596122571115,-6.551982449884075,4.64143252845683,-2.1003844594169445,0.3160716506587036,-0.9177607445755851,-2.454671176289794,0.15137130098324514,-0.6585617084896531,6.0990085436746035,6.9560747118583395,-0.2096454964656247,-1.4869340944989888
4.190150349233349,-1.5409353569853803,8.258211118608763,-0.15533645160394172,14.290140398875721,-5.41857400643259,0.0453700835740235,2.5052755747108946,7.644555084523498,-1.5027713235062414,-2.452071307913464,9.356261313526499,1.6846901783859638,0.7166158429673332,-2.100384459416943,-11.50264216271258,2.2266246327905215,3.1771752602976093,5.9689047838791565,-8.315739628910093,-7.79122917166471,-7.149266509441734,0.8242322412983176,3.6141111047324976,-4.286488595624164
-5.247475094301937,9.42035538808161,-5.0592179230893635,1.6580097820679498,-16.795438351080485,7.753211129331895,-3.7229930143268324,-0.11060257544535301,3.6163480491676463,5.120429002942188,3.7057173998801747,0.7052645232201071,-6.194654591713627,-7.702636468044483,0.31607165065870285,2.226624632790521,9.031642057300525,-3.4327121778379532,1.0667467823980394,-8.766409389610658,4.041257309297346,1.2596516373677433,5.853305583824657,5.590612841168718,-8.814594625385109
-4.3127427264482545,-6.529798941421104,5.450527747936453,-1.4578877990871444,2.6621873182274878,-11.632261975588564,0.8011373596683031,1.1115762372785705,1.0276652328214442,4.130228880369094,-5.825138206902595,-5.076787683540658,8.660101339739878,-5.292102984430478,-0.9177607445755853,3.17717526029761,-3.4327121778379537,-10.764233819602328,6.339649679332545,-6.996535107101293,-1.5900614739496823,-6.6142175710589886,-8.526276535301967,-1.5527838318942089,-3.1114420599857655
4.6101241719887325,15.447808794342516,-6.277363288181742,6.906303219790616,-7.238741753393309,6.086020070049065,-3.8321650467264026,-0.1624518294878281,0.3430389246638884,4.4954357669666685,-2.573798234836821,5.987219774963955,1.0056533379097383,-11.82811116144321,-2.454671176289794,5.9689047838791565,1.0667467823980388,6.339649679332547,-1.8000923817652517,-2.668186245169594,-8.411872910693022,7.744482756735603,15.957102693253773,0.4542386751184816,-3.6430555855475255
0.14387649133307098,7.843319194331243,-0.32294515609418784,4.268594346322472,-7.15144619632073,-4.191859382367751,7.852626018839446,0.7152056359003462,-0.5538981958399485,-0.6298716146185869,-0.12550746371518318,-0.3081280053457124,-5.72661092379766,-0.6112480040764635,0.15137130098324533,-8.315739628910093,-8.766409389610658,-6.996535107101294,-2.6681862451695926,4.111806526569028,-0.108449327884171,-5.86126351995617,5.937532041519283,4.57908390642034,1.0730446704505692
-0.7205510660208541,1.5599258764764115,-3.60443304388438,0.7488258105751615,1.1050130510719547,-0.4411920873523252,0.7536480239935406,0.11029628063953656,0.08031477139623203,0.406253687319559,0.0353176389678832,0.6502046746403232,-0.5985746270291499,-3.315357808471645,-0.6585617084896527,-7.79122917166471,4.041257309297345,-1.5900614739496843,-8.411872910693022,-0.10844932788416972,5.340901358916323,0.3617442373968043,-7.757193839173972,9.231100874470592,-3.718501744068255
5.222307700800311,-10.735801753583281,4.84670920430465,-0.45156860838719015,0.47341931949057053,2.0333103050737895,3.630515029122851,4.255901442260908,-5.528754370879266,7.353691344322306,-4.624843742297932,-4.841217362509164,11.044210651242459,7.7428553023934565,6.099008543674603,-7.149266509441735,1.2596516373677444,-6.6142175710589886,7.7444827567356045,-5.86126351995617,0.3617442373968043,-5.493723059759732,-8.29527556349407,-8.79142794018831,-1.9978511781732673
9.685756417962832,-16.383736070529412,6.029915476621613,-4.503364775880593,4.162829349707113,-0.8136440887840298,-5.983966164510746,-1.5000369825141606,-2.9746819144956045,7.2385047308397406,5.32217429575403,-1.281927829758426,-1.011147515089169,11.765457536251423,6.9560747118583395,0.8242322412983187,5.853305583824656,-8.526276535301967,15.957102693253773,5.937532041519285,-7.757193839173973,-8.295275563494068,5.101334635981015,-0.5886828195065288,1.254687884498495
4.411712477598682,-4.954846821276716,4.64987259509058,-5.098767936419375,17.40790088830605,-17.815026896431807,1.9699751643056091,-6.515700304277219,0.44186559055698893,3.950635628931349,0.08561739944204583,-10.430813367049094,5.814056433879213,11.792327017875547,-0.20964549646562508,3.614111104732497,5.590612841168717,-1.5527838318942102,0.45423867511848215,4.57908390642034,9.231100874470592,-8.79142794018831,-0.588682819506529,-9.279689056371915,2.6567524622833165
3.15035187906134,10.681460989633457,0.7518375708244219,12.403444531100279,-4.285533205512838,9.246193074539342,-3.63997460106494,4.237710317113385,1.592464713162126,-7.583446122223962,-1.5341965226071534,-3.825519389030428,-3.7183861448042683,8.057766934362773,-1.4869340944989888,-4.2864885956241645,-8.81459462538511,-3.1114420599857655,-3.6430555855475264,1.0730446704505687,-3.718501744068255,-1.9978511781732675,1.2546878844984954,2.656752462283315,4.984665231940591
