n
25
c
95.58860938677856 -110.11053750505533 84.58893149895066 96.52850581210393 -96.05732249378268 -102.68086234264604 -110.39390062675565 -10.949798398504127 -8.121502028623416 113.8073697131684 -13.895641753111235 5.580782725719082 115.51099761699953 5.298318828462922 17.07756924716241 -2.058228570829893 14.322433792308018 -129.2588856346174 107.79203772412353 99.46296170514135 -8.431582321827733 1.0419854031158664 -89.33287937113036 95.64076331569683 -8.666156066653624
Q
-1.180329068092255,-2.3050692954715464,3.76577872679416,-14.529123950035773,2.7387821401111565,3.5294245973279947,5.940097000953986,2.205684340523263,6.7033258322331175,-1.3086170342803358,-2.993665004789578,-7.098455402078938,-6.184905072759368,1.5036131346235473,-7.095510387930968,-0.5055630106975629,-7.406696059087988,8.073355396861828,-14.49527645214685,-9.378906170805148,3.2469161902579406,-1.6081406617013045,3.801274487922785,-1.920907078028343,7.384103104745078
-2.3050692954715455,3.641687245667393,1.1951216172785724,8.326841806808632,-10.345837306721238,0.39395974783752585,4.3184835043037255,4.318246603749566,8.470795497149822,7.936350050933151,-1.0798057295966272,-5.854676118350287,1.1505904445362956,-6.308213184052807,-5.216700267500823,-6.139828968363933,8.908648731122149,-8.03554025225939,4.983818468924584,-2.010805013039755,7.177652124210486,3.428104297227784,-12.354527455908267,10.360242721942624,4.781577110764103
3.765778726794161,1.1951216172785715,2.066887972295331,-6.138007979738333,-3.945225736614283,-3.291933759899973,0.818734989713519,10.28462694547008,-7.1837688925261505,-3.5318121605460044,6.6405302249607345,3.960894082807217,2.728690812266848,-2.5256412782585946,1.1802422527536243,-1.209992989138231,8.043639463555428,5.611332161069043,5.750278765978504,-4.007035899240144,5.261547088681209,8.616918304472891,14.247452267993994,-9.31284924941619,4.636568571181172
-14.529123950035773,8.32684180680863,-6.138007979738334,-0.5533274220309963,-6.8316441119013565,13.671662382245913,0.26765558487561203,2.196850739522403,-2.9937267625559647,-1.75362798759648,-5.9590343539155475,-1.4937532200693853,-2.598361476864447,-4.365213009685122,2.494656779268589,3.510383714000378,4.916320447065753,2.2428555831370147,-2.7872208798939053,-5.103433229579032,-0.1375782376837047,-2.6509234558095667,5.982373383584791,-5.230532775732256,-3.572358273359168
2.7387821401111556,-10.345837306721236,-3.945225736614284,-6.8316441119013565,-8.6237148115281,-0.3759660440242889,-11.03189579874891,3.6339444002229286,-3.291754981418391,1.0985484987129885,6.577680609286574,-3.849106091670303,6.813728980096559,0.21854740524022476,-7.947643588893464,-0.5605888727221409,-5.3232450312644675,-15.536039342026722,-3.2407671301296768,0.4977259971943835,-0.42836527654022133,-4.98713917567861,-5.305022601524656,10.283882531771406,-6.891227114383035
3.5294245973279947,0.39395974783752674,-3.2919337598999743,13.671662382245913,-0.3759660440242889,6.197520838371097,-4.620713114036343,9.95267130878917,-1.8339129244698928,13.545402096073857,4.276273561560799,2.5225781580771143,5.120229286679304,-6.30612998609372,-9.185328980156074,0.8885271662226466,-5.324802205150499,-9.676996527857314,-0.1858525580589515,14.778174098412645,-0.372023973658117,-3.6054842339090216,-8.72362239299542,1.6649346442805195,-0.45609562383652635
5.940097000953987,4.3184835043037255,0.8187349897135179,0.26765558487561236,-11.03189579874891,-4.620713114036343,7.1659623089628335,-5.098967662554772,1.2914096333451286,5.708171199434865,3.904512934534756,-0.3239110585539516,-4.203023066490421,1.3812908281648917,2.554405253675153,-2.8297318352708394,-3.7950440665014176,-6.407042923586195,3.775291755680206,3.54212919703711,-1.3230743676456729,4.392782858961774,-2.177692155846766,6.164066531617138,-4.400347732480499
2.205684340523263,4.318246603749566,10.28462694547008,2.196850739522403,3.633944400222929,9.95267130878917,-5.098967662554772,6.253301579984058,-0.7930531551354993,-1.1725301526427439,1.1420196976586252,0.04266932525545197,0.8122207443369014,-0.5071915040586248,-0.1696300568651289,-0.5348740073871252,-0.13649966024014193,2.514036878194505,2.457652677736622,6.860572235005712,0.401629986587392,-0.4390453551080644,-8.80407604284944,4.169160494631431,-0.734792871884961
6.7033258322331175,8.470795497149822,-7.183768892526152,-2.9937267625559647,-3.291754981418389,-1.8339129244698933,1.2914096333451284,-0.7930531551354989,6.186216768032213,-2.600467309885185,0.287806197590316,0.5904791767858244,-4.109831114168436,0.028569000883044038,-0.1489747502662886,-0.5225772636345525,-0.07701471531380738,0.7767828234610603,1.2889775816870988,0.9974820608094709,0.5748299446431467,-0.3121434319133216,1.1638703332833547,1.139352709342369,0.7945098544605741
-1.3086170342803358,7.936350050933153,-3.5318121605460036,-1.7536279875964793,1.0985484987129874,13.545402096073857,5.708171199434864,-1.1725301526427463,-2.6004673098851883,-8.608667483886592,-6.105240151404502,-2.1280817302906674,-6.6587750822312834,-2.360879802579783,2.585934260484922,1.7361887792079729,7.603809269755287,4.729716253603993,-4.894067513662195,-8.271555330092694,-2.8677531599566453,-6.058866902912595,5.107114077935385,-11.129854269544454,-3.1187129047032105
-2.9936650047895776,-1.0798057295966266,6.6405302249607345,-5.959034353915547,6.577680609286573,4.2762735615607985,3.904512934534756,1.1420196976586263,0.28780619759031656,-6.105240151404502,4.9339314288913965,0.3198629628359586,1.6592363424237413,-0.3693901089237564,-0.24922327465611915,-0.08870208240806854,-0.16178245328458796,-4.341543130381445,-9.684791188458696,-1.832202435511474,0.5199469527191953,-0.14565482670919994,-0.6507545817027398,-2.4731635836229864,0.28338807408173516
-7.098455402078937,-5.854676118350289,3.960894082807216,-1.4937532200693857,-3.8491060916703024,2.5225781580771143,-0.32391105855395197,0.0426693252554502,0.590479176785824,-2.128081730290667,0.31986296283595894,4.852383989485344,-1.8542276459678235,0.6218470409608402,1.073154566738612,-0.21133522630986756,0.6193570647810283,6.043540683588709,-9.718878181294592,-1.0691379882781076,-0.44714210480435757,0.5488799964528273,-5.789072922636603,2.0811352862923593,-0.3237498415188148
-6.184905072759369,1.1505904445362973,2.728690812266847,-2.598361476864446,6.813728980096559,5.120229286679304,-4.203023066490421,0.8122207443369023,-4.109831114168437,-6.6587750822312834,1.659236342423742,-1.854227645967824,-5.6725775696042176,0.6837950467260654,-6.524772783980932,-9.737168735642658,4.676622980553904,9.559261912508406,-5.165972771867979,-3.1915798521111967,1.4037694265698093,0.5406185089747799,0.2987400019051566,-2.8077587886421775,0.498882327828432
1.503613134623548,-6.308213184052809,-2.5256412782585955,-4.365213009685121,0.2185474052402252,-6.30612998609372,1.3812908281648917,-0.5071915040586255,0.02856900088304412,-2.3608798025797832,-0.36939010892375634,0.6218470409608401,0.6837950467260654,4.718128664187895,-0.7172121500494647,-0.12366508465751536,0.6386752330514567,7.228702282420294,3.9448095897805593,2.6192312955944104,-0.41260174860510423,0.2759850807745696,-0.7789560684753221,-4.059624144737884,-0.3291820453956087
-7.095510387930968,-5.216700267500823,1.1802422527536238,2.4946567792685905,-7.947643588893464,-9.185328980156074,2.5544052536751525,-0.16963005686512966,-0.14897475026628837,2.5859342604849225,-0.24922327465611915,1.0731545667386113,-6.524772783980932,-0.7172121500494653,6.448473911599062,-0.748209751284838,-0.24772330965034772,4.184160538829463,-5.714843118316347,9.572195837271018,-0.5575425822041009,-0.16456279057129386,-3.783837978876527,-7.1803736368741875,0.24338940537624054
-0.5055630106975622,-6.139828968363934,-1.2099929891382315,3.510383714000379,-0.5605888727221394,0.8885271662226466,-2.82973183527084,-0.5348740073871256,-0.5225772636345525,1.736188779207973,-0.08870208240806754,-0.21133522630986656,-9.737168735642658,-0.12366508465751472,-0.7482097512848402,5.806152579347769,0.6738937040740172,4.83043697388303,-2.118548806908642,3.116237686509596,-0.6656625157466505,-0.5677999772447926,3.2325379572417043,-2.976440937074907,0.44966407668310676
-7.406696059087988,8.908648731122149,8.043639463555428,4.916320447065753,-5.323245031264467,-5.3248022051505,-3.7950440665014185,-0.13649966024014115,-0.07701471531380699,7.603809269755287,-0.16178245328458857,0.6193570647810285,4.676622980553905,0.6386752330514573,-0.24772330965034872,0.6738937040740184,4.767227636015001,-7.351664391321742,7.8107540898788965,-4.766772140139533,0.8060785594718084,0.3218017710053771,-4.134790734734983,-3.9095511095955624,-0.6816974225517102
8.07335539686183,-8.03554025225939,5.6113321610690425,2.2428555831370147,-15.536039342026722,-9.676996527857314,-6.407042923586195,2.514036878194504,0.7767828234610594,4.729716253603994,-4.341543130381445,6.04354068358871,9.559261912508406,7.228702282420294,4.184160538829464,4.830436973883029,-7.351664391321742,-4.181120526346238,7.470853660199794,2.60427260609945,2.6972625715491354,-5.1777926437186235,-6.462111360170965,17.36629735726647,2.251629237298799
-14.49527645214685,4.983818468924584,5.750278765978504,-2.7872208798939053,-3.240767130129675,-0.18585255805895162,3.7752917556802057,2.457652677736623,1.2889775816870994,-4.894067513662195,-9.684791188458696,-9.718878181294592,-5.165972771867979,3.94480958978056,-5.714843118316347,-2.1185488069086427,7.8107540898788965,7.470853660199795,2.742604973554986,-2.507185091587195,-1.4693481146248402,-0.4901265023749706,-4.7096885535094986,-6.061266137869809,0.5432345245090239
-9.378906170805148,-2.010805013039755,-4.007035899240144,-5.103433229579031,0.4977259971943835,14.778174098412643,3.54212919703711,6.86057223500571,0.9974820608094708,-8.271555330092694,-1.8322024355114743,-1.069137988278108,-3.1915798521111967,2.619231295594412,9.572195837271018,3.1162376865095958,-4.766772140139533,2.604272606099449,-2.507185091587194,11.27976098171021,1.881773624887738,-1.4426588236647084,0.8950135563490644,-1.2064043788280392,-1.3604363475581507
3.24691619025794,7.177652124210486,5.2615470886812075,-0.13757823768370558,-0.42836527654021916,-0.37202397365811746,-1.3230743676456727,0.401629986587392,0.5748299446431465,-2.867753159956645,0.5199469527191953,-0.44714210480435723,1.4037694265698089,-0.41260174860510446,-0.5575425822041002,-0.66566251574665,0.8060785594718074,2.697262571549136,-1.469348114624841,1.8817736248877375,5.655949482769989,0.3317609009115432,-4.303311775396089,7.798799787762287,-0.2094155199654959
-1.608140661701303,3.428104297227784,8.616918304472893,-2.650923455809564,-4.98713917567861,-3.605484233909022,4.392782858961773,-0.43904535510806464,-0.31214343191332194,-6.058866902912593,-0.14565482670920005,0.5488799964528273,0.5406185089747813,0.2759850807745717,-0.16456279057129414,-0.5677999772447935,0.3218017710053773,-5.1777926437186235,-0.49012650237497035,-1.4426588236647082,0.33176090091154187,6.187980482697233,0.01608999455374316,0.8141967329585129,0.1551847043033887
3.8012744879227847,-12.354527455908265,14.247452267993994,5.982373383584789,-5.305022601524655,-8.723622392995422,-2.1776921558467657,-8.80407604284944,1.1638703332833544,5.107114077935385,-0.6507545817027405,-5.789072922636603,0.29874000190515493,-0.7789560684753222,-3.783837978876526,3.2325379572417043,-4.134790734734984,-6.462111360170964,-4.709688553509499,0.8950135563490644,-4.303311775396087,0.016089994553742715,8.959682764606358,0.12504614629595356,7.382931221027498
-1.920907078028344,10.360242721942626,-9.312849249416193,-5.230532775732258,10.283882531771406,1.6649346442805193,6.164066531617138,4.169160494631432,1.1393527093423685,-11.129854269544454,-2.4731635836229855,2.081135286292359,-2.8077587886421775,-4.059624144737884,-7.1803736368741875,-2.9764409370749085,-3.909551109595563,17.36629735726647,-6.061266137869808,-1.20640437882804,7.798799787762288,0.8141967329585121,0.1250461462959549,4.267055908437179,4.634100942228228
7.384103104745078,4.781577110764103,4.63656857118117,-3.572358273359168,-6.891227114383035,-0.45609562383652635,-4.400347732480501,-0.7347928718849607,0.7945098544605749,-3.1187129047032105,0.28338807408173383,-0.32374984151881536,0.49888232782843267,-0.32918204539560814,0.24338940537624015,0.44966407668310626,-0.6816974225517103,2.2516292372988,0.5432345245090242,-1.3604363475581502,-0.20941551996549634,0.1551847043033896,7.382931221027497,4.634100942228227,6.688827364873051
