n
25
c
-116.36500204264196 -10.46735841668859 -91.2983698554415 5.9009787193155 93.4858460219673 6.042919129784902 -79.17317789778232 -109.4206285042354 -99.35514689201676 74.50351037435308 -122.12979813254887 107.4970113920069 -10.540674384361838 106.22166758787851 -19.059794056746348 59.151049737467225 -6.559448733645495 97.28310591598333 8.341564973579269 -12.184374988099997 -24.732770758669254 -111.44192769474937 -104.02966015535189 -11.612516682995528 102.251965566992
Q
-6.083636812339659,0.745082517553604,-1.8339623351427414,-3.473502600182592,5.593800431984107,-5.233326964224499,-4.499598452268636,1.3357401558600774,-8.571838640243278,7.756461788830564,-10.057029476368719,3.471075411137721,0.6732358531966157,10.547631435760024,-0.2340096907091267,7.389424612391831,-1.1364765195855266,12.238825948822072,-1.7965353757507585,6.824700881880398,6.892830287894085,-5.115546546396578,-9.944925625792662,2.4410094390343344,7.303550304443865
0.7450825175536051,5.683829442211303,8.511898955899907,-0.4517862134304308,-0.5232165926644525,0.4078136442870943,2.156884080259977,-5.665227319620203,-2.117943512545402,1.8474644951420376,-0.9098940056342246,-4.340873608690503,-0.17692902686748258,-4.151044368352481,-0.3714416594035668,3.3649773022690175,0.1428176132181855,0.9088862945160665,-0.7246622546038937,-0.0027179244467119834,0.3713192992548686,3.608828530922792,-0.6296198091263637,1.3607844419667239,8.129407769355232
-1.833962335142742,8.511898955899907,-7.687665625500378,-4.5583486847859795,-5.801839662696709,-8.886576020138671,-2.699005473908423,-2.8258379487321834,-4.469604404373792,5.864775165140117,-0.5476260366351732,10.744896677589747,7.659155252250595,0.6666220319732353,-0.7596628608525995,13.113116144082396,1.2070553084373794,12.538420558880524,1.1039035665734853,2.4974008029845627,7.28435822329517,-9.34059891150753,-6.77729690236332,-1.6566783980087794,1.0884971322912596
-3.4735026001825915,-0.45178621343043046,-4.55834868478598,4.323318832326747,-0.0221599698126268,-0.5643483946024779,-8.546449085299754,4.487008705888915,0.8823631347589949,-1.8448118691554842,5.476501640438835,-0.6131736009105947,-0.6198877686237191,-3.9534117205491732,-0.8343024386980196,2.7399800081259866,-0.5572820338433755,-0.2550353277216598,-0.18436153666743038,0.11156203936422893,1.2966597965146611,-2.089858508513764,2.4399908327008966,0.583210769121189,-3.9383995034583257
5.593800431984109,-0.523216592664451,-5.801839662696708,-0.022159969812627633,3.931868074570053,-1.0218436330258773,-0.38325361416881365,4.415191151272857,7.945722110801357,-7.621675850440083,5.582363347988694,-6.3446563091538986,-6.737851196087076,-2.3984909404227417,0.41063927063317074,-2.301652168867873,-1.4005363165794784,3.3390114190896316,4.7628668479860785,-1.5147322581291491,3.205493973760288,-5.945622541323773,10.563921689030781,-8.100519800666145,-8.643943053816837
-5.2333269642245,0.4078136442870946,-8.886576020138673,-0.5643483946024779,-1.021843633025877,5.149245612993668,5.965683421378904,8.40961606983588,0.5789875119251984,-1.580481443256016,-3.190519035261827,-5.9628693906490895,0.44733804605033595,2.961790292854825,0.5790017409058539,-0.7601551135500281,0.6104998386291511,-4.771883577648721,0.47453439363247374,-0.6900993260524715,0.7429086203574897,-5.369333384083681,-1.1905366204819725,0.1792265827532129,-2.9637421746465575
-4.499598452268634,2.156884080259979,-2.6990054739084233,-8.546449085299752,-0.38325361416881354,5.965683421378904,6.8938335611383925,-1.1501398268810914,-4.5257762977674005,-1.649113234053274,3.4710243820928883,10.971555456926012,3.313031916252604,0.9232097940409495,7.816752604721566,12.817022137243576,-0.7252960158470355,0.7830297881494284,-1.097993343757612,-8.806472451312922,-0.8449921340566323,-3.6407482043245354,-9.686498984420497,0.17073269797662582,6.309528841097817
1.3357401558600794,-5.665227319620201,-2.8258379487321825,4.487008705888916,4.4151911512728566,8.40961606983588,-1.1501398268810898,1.5405543134041793,-10.724578627724727,6.0385024697155165,-10.067257469676138,2.6023659059124062,-2.1586031255357434,8.953956442003484,-2.906473168724431,6.3511390005277795,-7.864358961550419,5.613525658085774,-1.0520149453779701,-2.4332074365301355,-2.9619806102261648,3.1324579542067053,-6.23405120196326,0.2147960034018055,-5.177972504822082
-8.571838640243278,-2.1179435125454016,-4.469604404373792,0.8823631347589941,7.945722110801357,0.5789875119251987,-4.5257762977674,-10.724578627724728,-8.20120455030774,-2.5724642532432145,-2.486195585682369,13.493138312874056,-2.969903674652194,-5.133582085018531,4.367397421950162,8.58760468428564,6.305330286220392,1.1782378928173673,-6.588698882852322,-2.2138689231654403,5.424498942143834,-1.8659792758031566,-1.0191007287268001,2.340225659599882,-0.3894826091787036
7.756461788830564,1.8474644951420371,5.864775165140117,-1.8448118691554842,-7.621675850440083,-1.5804814432560166,-1.6491132340532721,6.038502469715517,-2.5724642532432136,9.561049790047974,2.7407040989918334,-4.528478182572286,1.8569607261968326,5.165452654260937,7.626302914122341,-6.736163847797218,1.8109185386414595,-0.44516300409955667,-0.6035736281140925,1.207301798453773,4.566722260686511,13.227152336461879,6.91045080902478,-3.956622018188157,-1.124186602152689
-10.057029476368719,-0.9098940056342237,-0.5476260366351735,5.476501640438836,5.582363347988694,-3.190519035261826,3.471024382092889,-10.067257469676138,-2.4861955856823696,2.7407040989918334,4.5931043353882295,-4.401183956844566,0.19497654277368381,-1.193613144389229,4.19132287661328,14.105005547704033,1.3701396077096544,8.886207759347364,9.759041660560646,3.574692389306919,0.5478637200143384,-3.55510892949983,5.108095498956272,-0.2064804924201482,6.414273529452856
3.471075411137721,-4.340873608690503,10.744896677589747,-0.6131736009105939,-6.344656309153899,-5.9628693906490895,10.971555456926012,2.6023659059124062,13.493138312874056,-4.528478182572286,-4.401183956844568,-3.52344768814413,-8.195825665462115,-4.254259460201428,5.450680363183256,-14.937917398380355,-7.454470723693322,-2.206943811392754,-4.5334002239602835,-1.3879754547121637,-1.1242407512722357,1.532925026610032,13.879156653826579,4.8046626018672765,1.8853498982298353
0.6732358531966138,-0.17692902686748213,7.659155252250596,-0.6198877686237185,-6.737851196087076,0.4473380460503358,3.313031916252604,-2.158603125535743,-2.969903674652195,1.8569607261968324,0.19497654277368415,-8.195825665462115,6.034140067252352,-1.1240364172152555,-0.2581413802314705,3.52584617167039,-0.5869840939201281,0.8868396941331358,-0.261906484136027,1.2037682828216043,-0.8586377933832812,-0.289436047145887,0.0073625008503617195,-0.31152497110432975,-3.052435356396757
10.547631435760024,-4.151044368352481,0.6666220319732354,-3.9534117205491723,-2.3984909404227412,2.9617902928548254,0.9232097940409476,8.953956442003483,-5.133582085018532,5.165452654260936,-1.1936131443892288,-4.254259460201427,-1.1240364172152553,2.0054177684420242,6.361917844417901,0.4494553684045258,-0.25591659706197295,-0.09451055494330851,6.40065352043352,-1.9921342758023628,-8.028080626847906,0.13858022952250515,4.988183837396442,8.213039120930102,-3.2122353729665054
-0.2340096907091267,-0.37144165940356677,-0.7596628608526,-0.8343024386980196,0.41063927063316974,0.5790017409058552,7.816752604721567,-2.9064731687244314,4.367397421950163,7.626302914122341,4.19132287661328,5.450680363183256,-0.25814138023147054,6.361917844417901,4.085433071870439,-4.083622213307805,0.2034525843537175,3.024977118262747,-0.024505969501184333,-1.0292067064697368,0.5008660626489738,6.105255687783317,-2.2431023897435565,0.09139873779826335,-0.5748612211988458
7.3894246123918315,3.364977302269017,13.113116144082396,2.739980008125986,-2.301652168867874,-0.7601551135500284,12.817022137243576,6.351139000527779,8.58760468428564,-6.7361638477972186,14.105005547704035,-14.937917398380355,3.52584617167039,0.4494553684045265,-4.083622213307805,-11.07626854011302,5.887265694898092,-2.9372142557931977,-0.05345037593669835,0.4208997436503763,-9.83070330968147,6.473017819599651,9.454411585662472,5.769308438007993,-2.792170184942089
-1.1364765195855258,0.14281761321818526,1.2070553084373798,-0.5572820338433755,-1.4005363165794786,0.6104998386291509,-0.7252960158470345,-7.864358961550419,6.305330286220391,1.8109185386414604,1.3701396077096546,-7.454470723693322,-0.5869840939201276,-0.255916597061973,0.20345258435371738,5.887265694898092,5.1727833416621,-2.7871831180001347,-0.48964108567752906,0.13724129932274665,0.05224971773033671,3.1134403903854357,1.7686166528352465,0.6826184236282188,-6.802424493741354
12.238825948822072,0.908886294516067,12.538420558880524,-0.25503532772165993,3.3390114190896307,-4.771883577648721,0.7830297881494279,5.6135256580857735,1.178237892817367,-0.4451630040995569,8.886207759347364,-2.2069438113927538,0.886839694133136,-0.09451055494330818,3.0249771182627474,-2.9372142557931986,-2.787183118000135,-8.132060921607113,-5.994304339998891,5.110899171243788,-0.47977950898320687,2.07309117031592,7.087423368826149,3.764940804422289,-11.640069427255327
-1.7965353757507572,-0.7246622546038941,1.1039035665734866,-0.18436153666743005,4.7628668479860785,0.4745343936324758,-1.0979933437576137,-1.0520149453779708,-6.588698882852318,-0.6035736281140931,9.759041660560644,-4.5334002239602835,-0.2619064841360263,6.4006535204335195,-0.0245059695011835,-0.05345037593669795,-0.4896410856775282,-5.994304339998891,6.179987525159267,0.08559361976055874,-1.663294580510998,-9.951045835101088,-1.7458840420507309,0.5233346931260754,-5.117278901537152
6.824700881880398,-0.002717924446712816,2.4974008029845622,0.11156203936422918,-1.5147322581291478,-0.6900993260524714,-8.806472451312922,-2.433207436530135,-2.2138689231654407,1.2073017984537733,3.574692389306919,-1.3879754547121637,1.2037682828216045,-1.9921342758023635,-1.0292067064697372,0.4208997436503763,0.13724129932274665,5.110899171243789,0.08559361976055885,6.117822656093672,0.01287518579136293,7.210442500709683,3.889298578386878,-0.9257199827063902,-1.1108259583118145
6.8928302878940855,0.3713192992548715,7.28435822329517,1.2966597965146607,3.2054939737602877,0.7429086203574902,-0.8449921340566312,-2.961980610226165,5.424498942143833,4.566722260686511,0.5478637200143386,-1.1242407512722352,-0.8586377933832822,-8.028080626847906,0.5008660626489745,-9.83070330968147,0.05224971773033715,-0.47977950898320776,-1.6632945805109969,0.012875185791362709,4.974238484838379,0.08732597742864778,7.904078895676216,-0.09191376402750773,4.777970877748806
-5.11554654639658,3.608828530922792,-9.340598911507529,-2.0898585085137635,-5.945622541323773,-5.369333384083683,-3.6407482043245354,3.1324579542067053,-1.8659792758031575,13.22715233646188,-3.5551089294998315,1.5329250266100325,-0.28943604714588683,0.13858022952250637,6.105255687783318,6.473017819599651,3.1134403903854357,2.0730911703159194,-9.95104583510109,7.210442500709684,0.08732597742864856,9.407589150063739,-13.672429755145354,-1.005489905989788,10.786428537781939
-9.94492562579266,-0.6296198091263621,-6.777296902363319,2.4399908327008952,10.563921689030781,-1.1905366204819736,-9.686498984420497,-6.23405120196326,-1.019100728726801,6.91045080902478,5.108095498956272,13.879156653826579,0.007362500850361674,4.988183837396442,-2.243102389743557,9.454411585662472,1.7686166528352465,7.087423368826149,-1.74588404205073,3.8892985783868785,7.904078895676215,-13.672429755145352,-8.051198903264899,3.0746594675688925,8.031332043328689
2.441009439034334,1.3607844419667254,-1.65667839800878,0.5832107691211889,-8.100519800666145,0.1792265827532109,0.17073269797662527,0.2147960034018055,2.3402256595998825,-3.9566220181881566,-0.20648049242014882,4.8046626018672765,-0.31152497110433036,8.2130391209301,0.09139873779826102,5.769308438007994,0.6826184236282179,3.76494080442229,0.5233346931260738,-0.9257199827063927,-0.09191376402750762,-1.005489905989787,3.074659467568893,6.246054119068051,-7.81159298620711
7.303550304443865,8.12940776935523,1.088497132291259,-3.938399503458325,-8.643943053816837,-2.963742174646557,6.309528841097817,-5.1779725048220815,-0.38948260917870137,-1.124186602152689,6.414273529452856,1.8853498982298356,-3.052435356396757,-3.2122353729665054,-0.5748612211988449,-2.7921701849420892,-6.802424493741354,-11.640069427255327,-5.1172789015371505,-1.1108259583118145,4.777970877748805,10.786428537781939,8.031332043328687,-7.81159298620711,-2.14478710525363
