n
25
c
-43.72592201599014 -75.70753382152716 -25.787554008439777 92.22772465211186 4.623554479666561 -19.01257061286116 -72.37838859582143 -115.64559319530761 -108.37315935238462 -88.41945873346252 84.77568323619167 -96.02969846267733 -101.34221017307577 82.30642632852805 -105.44767503229372 -75.04528966043839 110.32362102752668 -0.6237862647564278 3.882040180683974 12.358765265648282 -89.55369883598748 43.839292256814815 -3.130337291086456 22.671199461860482 -1.7395761498571578
Q
5.058722490745369,-0.1705704387010153,-0.6555833035379476,-3.1953371166219844,-1.3467830484857901,-0.2909010045165926,7.530510324997606,9.331694356858877,-4.7504079106186285,10.138442872016645,5.408470079449994,9.089009524876195,3.4064184483004754,-6.124424739183382,-2.613376405579157,5.817053775798495,4.4149832061070615,0.5814404057488133,0.04413820255592543,-0.04567068883871106,3.011610690602973,-1.6306863945967132,0.31306304271394536,0.12480287677874757,0.8892813543215026
-0.17057043870101463,3.5731304959492576,0.6912804508920369,-0.2682401940668365,-1.7796036924932683,3.2069618261973036,-1.009017239734298,-5.046255925861464,-3.788330893946585,3.6708716618782216,1.2620733337328836,-3.7169768060387374,-3.1743292600645567,4.3122671763707,-6.466388603784012,-2.978996258438396,7.179226736858434,2.9405036501112534,-7.176027656579841,-3.965878710065196,-8.675477649735457,8.425084633940335,5.293819699415579,-7.742969150478242,-1.6231213220451417
-0.655583303537948,0.6912804508920369,4.7813580922569425,-1.6084068994046565,0.14632208132115784,0.8038332646615203,0.5997410831086764,3.8663154518228833,8.017796814557206,9.000764290760012,6.500401314721127,2.988080977418019,-0.15269995706999556,-0.32454713986432493,2.9383656873164496,-0.3472887370687828,0.5205410282765269,0.44437252035977637,-0.3508332621263934,0.8486295356633219,-4.268825661041163,-0.6750814643883234,1.1067968890471627,-0.07190369693869325,-0.4663618276293717
-3.1953371166219844,-0.26824019406683774,-1.6084068994046563,-3.4054439625559834,7.712850531285379,-5.904224374375503,-0.8628576916145481,11.262113890921889,13.82474557884542,7.103879457729837,-1.8368458751448065,7.64619877378374,7.607365000041321,3.5794891968869615,4.392078012686474,8.513991964900208,-3.961018421914322,7.51965584598289,2.382926527660433,6.946576676911021,4.74083786910467,-1.1547938467197543,-4.0662431310853915,1.7505520871677873,-4.434234660193306
-1.346783048485789,-1.7796036924932683,0.14632208132115687,7.712850531285378,4.442589168918162,-0.06509974928752649,-8.610155251057417,1.0187543756825947,-1.2662469739154047,4.449220921301663,3.4896121764651102,8.287195924949659,2.643131184424869,2.744438793250825,-5.957805168755997,-0.7952581446485437,-6.303419083576493,-0.6587296710740256,0.42357232922646315,-1.274555471221916,-4.141796970544675,1.3729325053810875,-0.5239445071875596,0.794858417683959,-0.028666281631389734
-0.29090100451659084,3.206961826197303,0.8038332646615212,-5.904224374375503,-0.06509974928752732,4.947322121529915,0.5389077118217099,5.871789399840811,7.868833887338614,-4.6802101501705975,-0.22017897896694216,2.4350322168670213,6.965831467240536,-7.9779632853633995,-2.1496739918858547,-4.595078500061154,-6.398180591049765,1.2409128580900044,0.20719172595742086,0.01065299771996342,-0.08479287973748528,3.0015872657369287,0.0923343885945278,0.496233600951015,0.8433858573378091
7.530510324997607,-1.0090172397342978,0.5997410831086767,-0.8628576916145486,-8.610155251057417,0.5389077118217096,-14.099541026067708,-2.248761083202008,-2.681196944467239,-7.149170509810806,10.308527887049573,-1.1098447389671717,1.4407247692489058,3.255298260875092,4.564316839102727,-7.481045041374664,-0.7089778374779143,-4.811692031476103,2.4290733877442374,-7.080358792657168,-8.788611957661814,6.028049496682107,-7.21458240882175,-6.445573665497145,-3.7201573215883856
9.331694356858879,-5.046255925861464,3.8663154518228837,11.262113890921887,1.0187543756825945,5.871789399840811,-2.2487610832020084,2.712352473240596,6.004455075024072,-14.100873644353074,9.76039970350626,-6.7365169325153085,3.1874504977386433,16.496579395847238,-10.054131721566527,3.8923031943553403,6.480307836239383,-1.55021591822387,-0.23218965153178095,6.782454164608373,1.7862995497203285,15.432404328071524,6.882703497750553,-0.3302014711047778,0.008864429173819244
-4.7504079106186285,-3.7883308939465854,8.017796814557208,13.82474557884542,-1.266246973915404,7.868833887338614,-2.681196944467238,6.004455075024071,10.453768760083346,2.686256481742875,-8.010637888463789,-11.350343340373092,7.15176169659855,10.922460425011607,-9.709301111829681,-4.517373739074451,-0.20910848172561403,-1.1283480734310698,5.887721292046909,-8.406712236747989,4.562204601585217,7.775091961604116,2.5000066862746526,-7.5088413950807436,-0.004656380329842613
10.138442872016645,3.6708716618782207,9.000764290760012,7.103879457729838,4.449220921301663,-4.680210150170599,-7.149170509810805,-14.100873644353074,2.686256481742876,-6.997083747056033,6.897031094556474,-13.443698196783897,-4.027515111279147,10.833222728473162,-4.4524839002319,-0.5883189861866982,11.46122233364078,-6.446628392039772,-5.299717058666295,5.524714536711333,-1.7819176963326648,-0.4921941576114581,0.4760871533901549,6.708428562051053,5.438588364521331
5.408470079449992,1.2620733337328829,6.500401314721127,-1.8368458751448062,3.4896121764651107,-0.22017897896694272,10.308527887049571,9.76039970350626,-8.010637888463789,6.897031094556475,9.87185455458416,-1.3514494539561803,-3.152519109876595,-9.972247972682645,1.9118064811539575,7.943641870141292,-5.5702309586630845,0.7724444205975148,0.2236866028762075,3.439438504389369,2.3166192819346643,-10.092202478926248,-2.9637750191482577,1.605862691838046,2.4060070059396867
9.089009524876195,-3.716976806038736,2.9880809774180186,7.646198773783739,8.287195924949659,2.4350322168670204,-1.1098447389671724,-6.736516932515309,-11.35034334037309,-13.443698196783897,-1.35144945395618,3.65535086121648,-12.30384456475908,14.010920525092663,-4.893297514542405,-4.578592586328678,0.5962773414788934,4.302730303946128,1.4294995571191549,-0.16229855748673283,-3.8488240466523824,4.169712723999684,-3.2827595886020866,-1.576536157897951,6.247460549005338
3.4064184483004776,-3.1743292600645576,-0.15269995706999534,7.607365000041322,2.6431311844248695,6.965831467240537,1.4407247692489056,3.187450497738642,7.151761696598549,-4.027515111279147,-3.1525191098765952,-12.30384456475908,-1.8007029484100094,6.868560713789872,-6.993170620402735,-6.126334457874818,8.288081298314422,1.0395106798212272,-3.121337458139094,-3.811730689818165,-1.284542670149386,17.448496221291332,-3.8453744022442615,-4.338373960513661,-10.10065610600824
-6.1244247391833815,4.3122671763707,-0.3245471398643254,3.5794891968869615,2.744438793250824,-7.9779632853633995,3.255298260875092,16.496579395847235,10.922460425011607,10.833222728473164,-9.972247972682645,14.010920525092663,6.868560713789872,-6.580936995730399,1.6842603577491935,-2.270830399509093,-3.303184547897899,-1.6337677403015722,3.933675593165303,1.1927119286463377,0.9355063668014333,-10.132547512884393,-3.6401739894196625,-5.086365148418526,-5.434742543111801
-2.613376405579157,-6.466388603784013,2.938365687316449,4.392078012686474,-5.957805168755996,-2.149673991885855,4.564316839102727,-10.054131721566527,-9.709301111829681,-4.4524839002319,1.9118064811539577,-4.893297514542404,-6.993170620402735,1.6842603577491932,-8.496341928234596,3.8586569728181352,2.5598340909415658,0.5838236040315465,2.6565327571740216,8.372677537984814,3.1022565350354876,10.523684397060949,3.1887625747702333,-0.271318236786676,-4.889298898791006
5.817053775798497,-2.9789962584383964,-0.34728873706878205,8.513991964900208,-0.7952581446485445,-4.595078500061153,-7.481045041374664,3.89230319435534,-4.51737373907445,-0.5883189861866984,7.943641870141292,-4.578592586328677,-6.126334457874818,-2.2708303995090926,3.858656972818135,-9.575155761330192,1.9730012172243703,-4.309341424144844,-0.6509173753232179,-2.4012889311436383,3.947914169409228,13.75180390215941,-1.5325267456902498,-5.266917442222188,5.738564049438577
4.41498320610706,7.179226736858433,0.5205410282765272,-3.961018421914321,-6.303419083576493,-6.3981805910497656,-0.7089778374779143,6.480307836239383,-0.20910848172561286,11.46122233364078,-5.5702309586630845,0.5962773414788938,8.288081298314424,-3.303184547897899,2.5598340909415653,1.9730012172243705,7.996931322780359,-4.723483859418883,-0.3505326115795233,-0.7339529184532335,1.2343602829110567,-16.431438498988822,-4.277980170565978,5.451688806373152,5.869877932857721
0.5814404057488131,2.940503650111252,0.44437252035977726,7.519655845982891,-0.6587296710740251,1.240912858090004,-4.811692031476104,-1.5502159182238686,-1.1283480734310698,-6.446628392039773,0.7724444205975145,4.302730303946128,1.0395106798212261,-1.6337677403015713,0.5838236040315463,-4.309341424144843,-4.723483859418883,3.8511689929738875,0.14244202024803143,1.442052908766363,7.261932018325741,-9.917079166868287,-0.13327739520845472,0.4254300040628465,-0.02493733376675733
0.04413820255592399,-7.176027656579841,-0.35083326212639465,2.3829265276604343,0.423572329226463,0.2071917259574193,2.4290733877442374,-0.23218965153177984,5.887721292046909,-5.299717058666295,0.22368660287620737,1.4294995571191542,-3.121337458139094,3.9336755931653027,2.656532757174021,-0.650917375323218,-0.3505326115795236,0.14244202024803249,4.9012022660976235,0.3206566638385051,-3.250022952508615,3.494492174378307,-0.3590649445655443,0.7378219008425617,0.48754603077411884
-0.04567068883871217,-3.965878710065196,0.8486295356633209,6.946576676911022,-1.2745554712219154,0.010652997719963087,-7.080358792657168,6.782454164608373,-8.406712236747987,5.524714536711332,3.439438504389369,-0.16229855748673228,-3.811730689818166,1.1927119286463368,8.372677537984814,-2.401288931143637,-0.733952918453233,1.4420529087663632,0.32065666383850455,5.033278456827496,-7.969880696039913,1.3738734745749746,-0.32061020702036247,-0.21224124464357308,-1.4989638513896322
3.0116106906029727,-8.675477649735457,-4.268825661041163,4.740837869104671,-4.141796970544676,-0.08479287973748428,-8.788611957661814,1.786299549720328,4.562204601585217,-1.7819176963326642,2.3166192819346647,-3.848824046652383,-1.2845426701493863,0.9355063668014325,3.1022565350354876,3.947914169409228,1.234360282911057,7.26193201832574,-3.2500229525086155,-7.969880696039913,-7.967006845983571,-1.4911038466779134,-2.7595350439216775,0.9435169812248699,1.5846484891402528
-1.630686394596713,8.425084633940335,-0.6750814643883232,-1.1547938467197538,1.372932505381088,3.001587265736929,6.028049496682107,15.432404328071524,7.775091961604117,-0.49219415761145946,-10.092202478926248,4.169712723999684,17.448496221291332,-10.132547512884393,10.523684397060949,13.75180390215941,-16.431438498988825,-9.917079166868287,3.4944921743783084,1.3738734745749752,-1.491103846677913,6.59583329700277,3.6310803205418285,9.155861450254513,1.9929228544766004
0.3130630427139456,5.293819699415578,1.1067968890471622,-4.0662431310853915,-0.5239445071875595,0.0923343885945283,-7.21458240882175,6.882703497750554,2.5000066862746526,0.47608715339015506,-2.9637750191482586,-3.282759588602087,-3.845374402244262,-3.640173989419663,3.188762574770234,-1.5325267456902498,-4.277980170565978,-0.13327739520845516,-0.35906494456554466,-0.32061020702036336,-2.759535043921678,3.631080320541829,3.5971443738681654,-0.26593559919919585,0.560623205379885
0.12480287677874935,-7.742969150478242,-0.07190369693869215,1.7505520871677882,0.7948584176839605,0.49623360095101504,-6.445573665497147,-0.33020147110477915,-7.508841395080743,6.708428562051055,1.605862691838045,-1.576536157897951,-4.338373960513661,-5.086365148418526,-0.27131823678667577,-5.266917442222188,5.451688806373151,0.4254300040628475,0.7378219008425632,-0.21224124464357397,0.9435169812248699,9.155861450254513,-0.26593559919919496,3.8488260414535667,-0.08312917785941087
0.889281354321504,-1.6231213220451415,-0.46636182762937206,-4.434234660193307,-0.028666281631390178,0.8433858573378106,-3.7201573215883865,0.008864429173818467,-0.004656380329841947,5.438588364521331,2.406007005939687,6.247460549005337,-10.10065610600824,-5.434742543111801,-4.889298898791008,5.738564049438577,5.86987793285772,-0.02493733376675744,0.4875460307741196,-1.4989638513896342,1.584648489140252,1.9929228544766016,0.5606232053798856,-0.08312917785941032,4.601379445840402
