n
25
c
-113.67419212918061 -73.74022251324415 83.31233024960785 86.6760195258983 -94.02066590078765 104.686806556189 63.33274073902012 -98.43405074546439 -14.717319085455 86.19486644884402 15.63427474264077 107.96272420679027 86.14916208034 -8.340736409711315 75.0792651960932 -110.74466375371514 9.562047823587895 -88.73007653980434 13.000174622578946 21.867284721738272 4.441725587375842 -3.7050744981796035 -105.01843615563533 104.72876534953947 11.280860631693017
Q
12.114435434323518,-9.462756551278376,7.53315099045699,7.216057376316464,-1.0744455508441773,8.713520314270315,10.406205790659433,-2.164675421543632,6.467197830179524,1.5221414360204453,-5.4808283784017675,3.1974080440338772,12.409417167531998,-9.443882478755189,6.007714612948453,4.319776848709184,-1.0404379763030132,-9.063593283586279,-8.192538577328135,-4.654150645479124,3.7005680120476923,0.10749733083089064,-3.127145182566974,9.979041981522105,0.8279963606242096
-9.462756551278376,11.153921839364852,7.5969058196531885,18.086223798746936,-7.981073754717837,-1.0083209436990774,3.8111976944674675,-4.099672852007884,1.9747580261747635,11.600701348209785,-7.577330636182311,-2.4959935333823275,3.2145871103659127,-1.735760499326465,8.75812151634565,-19.08628737553888,-1.3247522094614659,5.151023410223231,-2.1718368140510247,-2.0808680922874188,-0.7335832202193363,6.874330004792189,-4.329940342054756,-2.0877869551739483,-8.688257947628134
7.53315099045699,7.596905819653188,7.940041931137707,-4.5753847863019,13.743784051016418,8.478269227370197,-6.66837722574531,3.753625618504522,2.1825729319887324,-0.7155418806632408,-2.2877945618993087,-3.841671866911491,-9.542653195975662,-2.125041508860753,-9.090344364754943,-1.7274344345787411,4.996237824375063,9.568466576497576,-1.049655008810265,-2.161329984089233,9.513938304592147,0.51127360857532,6.5016031436058785,-6.921978259993246,-5.679841051887329
7.216057376316465,18.086223798746936,-4.575384786301901,-6.585419454347934,10.034503878057006,-8.000633227246842,-5.123956823498562,-2.903686910139372,1.0406624364127093,-3.2394023246984887,-8.030755007796945,-8.655978355931325,-13.783044430778993,-1.2548275502884412,-4.772496223642955,2.0347432639687764,8.081418247018785,12.328126478863407,-6.388954338351098,-4.039379856798741,-4.414290667873184,0.0804613418069049,12.76674190193133,-6.863214873852702,9.129189309012453
-1.0744455508441764,-7.981073754717838,13.743784051016418,10.034503878057007,10.631874662451853,0.1310633747837855,2.8925761276110924,-13.00962379981259,5.996289528437009,7.08688542155474,-2.037156835275343,9.171236443335589,8.539862090038643,-0.43816776993238626,4.543636509767291,-3.508782548872764,1.0025959155545374,-8.376469790778499,-4.473111315017032,-7.257589559629003,-1.2843872720471774,-6.89121741716858,-9.006577356987274,3.9870409471264736,2.2349821817196345
8.713520314270315,-1.008320943699078,8.478269227370195,-8.000633227246842,0.1310633747837857,-1.912700068269702,-15.081974711388844,9.03888563001016,-6.562516623461459,-3.9782295706504387,-1.6120809166056131,-7.784217563508361,-9.166319524675066,-6.692668457395005,-11.641061231238652,6.338583494044,5.740426946910467,8.016473631819103,4.1143714011754575,-5.296122012157845,-0.3881917702103441,-8.079341678682278,1.2133563703970776,0.696283939785285,0.7324690107848442
10.406205790659431,3.8111976944674666,-6.66837722574531,-5.123956823498563,2.8925761276110933,-15.081974711388844,5.554532083576878,5.367658107283258,0.7377568195967157,-3.6333888457398986,3.2264809342642753,-2.862629281521084,2.646206711293398,-1.3431603763148523,1.9986517813855993,4.152612760618715,7.317952427214157,3.067160413580572,4.509956925122132,-6.045449784212327,8.0812665194703,-7.309438932755878,8.252924771622782,2.1102914505154287,8.109647584312581
-2.164675421543632,-4.099672852007885,3.7536256185045214,-2.9036869101393714,-13.00962379981259,9.038885630010158,5.367658107283257,-1.26224213324471,-7.360736390145437,13.9729203493828,4.377196540090665,12.918328744557284,8.202150394722686,2.807370822554999,7.207998965430678,-4.479238223355863,-4.312796128373567,-7.602281014536693,-7.432977380184715,-0.8066478956094347,-2.541216888282919,2.387608332086459,-7.840786562550508,8.503340712509168,-3.669016046830975
6.467197830179524,1.974758026174765,2.182572931988732,1.0406624364127088,5.996289528437009,-6.562516623461458,0.7377568195967139,-7.360736390145438,5.163764764081897,-3.010754418315191,0.2347403566503269,6.258477968040125,9.912746476658008,0.0058405789815519915,5.454395155287607,-6.530051863202653,-0.13052869224947394,3.620295241938674,-0.536930774016104,-0.45396918554748855,-0.6329468694685221,0.043416688567319284,7.895019116213035,1.918915017444133,0.06433499874930274
1.5221414360204455,11.600701348209787,-0.7155418806632416,-3.2394023246984878,7.086885421554739,-3.97822957065044,-3.6333888457399,13.972920349382798,-3.0107544183151904,-12.081366732939163,1.280048573671194,-10.217400725652373,-2.4985169186602305,2.0132933789735605,-5.124957677582289,3.33195432481529,-1.3946556588007617,12.339389744809825,-6.576844365218606,2.0276664307244365,5.094228127864376,-8.277820710083173,3.9838440067323724,-8.906022582531431,5.015988546801921
-5.4808283784017675,-7.577330636182312,-2.2877945618993065,-8.030755007796946,-2.0371568352753435,-1.6120809166056134,3.2264809342642757,4.377196540090667,0.23474035665032628,1.280048573671193,5.969452595738823,0.9190306549739846,5.2637968926956,0.6988039505117445,-1.2747821885529511,3.5889861670347676,-0.28473900013708314,-2.564660840433411,-0.35247807898552297,-0.09487284882221281,0.27978791293656735,0.9882133352038163,-9.215525875838276,-6.676085627511938,0.009056350656777123
3.197408044033877,-2.495993533382328,-3.8416718669114904,-8.655978355931326,9.171236443335589,-7.784217563508361,-2.862629281521084,12.918328744557284,6.2584779680401255,-10.217400725652372,0.9190306549739842,0.5179321879828178,-8.036963333580662,6.357522299452926,-13.923893819859813,3.2999443459296436,-4.113159311363343,-5.524537403540649,5.3364051216583785,7.582486987337309,2.5943405800756567,-8.554674787790784,10.02794948893404,-10.330071403941615,-5.219538891989957
12.409417167531998,3.2145871103659136,-9.542653195975662,-13.783044430778993,8.53986209003864,-9.166319524675066,2.6462067112933996,8.202150394722686,9.912746476658008,-2.49851691866023,5.2637968926956,-8.036963333580662,8.424868813042789,-3.3833099353840055,-2.6051420755630605,-5.26040998522066,0.7227850081638415,0.10589554330475714,-9.877090160479307,6.589677080399623,0.5280068567726346,-7.4329720643037325,9.575190100947822,-4.1494426262014965,0.632687855248611
-9.443882478755189,-1.7357604993264641,-2.1250415088607535,-1.2548275502884403,-0.4381677699323858,-6.692668457395005,-1.3431603763148527,2.807370822554999,0.005840578981552713,2.013293378973562,0.6988039505117445,6.357522299452928,-3.3833099353840055,5.257754046266065,4.245083502365279,7.85045740213388,-0.5471777775313835,8.990512154164026,-0.29548328783487454,0.1529025803352544,0.4872185417494428,0.042687633872369846,-2.1807651316827728,-1.9540383260185856,-0.36624039229979477
6.007714612948451,8.75812151634565,-9.090344364754943,-4.772496223642955,4.54363650976729,-11.641061231238652,1.9986517813855988,7.20799896543068,5.4543951552876075,-5.124957677582287,-1.2747821885529527,-13.923893819859812,-2.60514207556306,4.245083502365279,-4.44354338625792,12.624258692665533,5.128822812348177,-2.7890032080314744,-0.8516882420052116,4.247522702177733,-0.9108381245058284,-3.352969334214112,4.362957259890415,-6.85274820831245,2.297258082138125
4.319776848709186,-19.08628737553888,-1.7274344345787416,2.0347432639687755,-3.508782548872765,6.338583494043999,4.152612760618715,-4.479238223355864,-6.530051863202652,3.33195432481529,3.5889861670347663,3.299944345929644,-5.260409985220659,7.85045740213388,12.624258692665531,4.021405244901645,-5.5341330347011475,-6.643579004195916,0.8332572432945111,-4.1218600054268535,-5.269481456121545,-4.3195909167170505,-2.8219279999488998,6.216978934816632,2.018865110578302
-1.040437976303013,-1.3247522094614659,4.996237824375064,8.081418247018785,1.002595915554537,5.740426946910467,7.317952427214158,-4.312796128373568,-0.1305286922494746,-1.3946556588007615,-0.2847390001370851,-4.113159311363343,0.7227850081638407,-0.5471777775313842,5.128822812348178,-5.5341330347011475,5.532325376581673,1.2973195722839952,0.02917779112926633,0.6293792713720111,-0.9197104616143948,-0.937191833522171,-2.3497092237031367,8.139152814493439,0.5794137420612315
-9.063593283586279,5.151023410223231,9.568466576497576,12.328126478863407,-8.376469790778499,8.016473631819103,3.067160413580572,-7.602281014536695,3.620295241938674,12.339389744809825,-2.5646608404334112,-5.52453740354065,0.10589554330475837,8.990512154164024,-2.789003208031474,-6.6435790041959155,1.297319572283996,2.921129731892588,8.404835757967438,-11.557334034090546,-5.813460436033386,-4.746987105056004,-0.3041342646938473,1.1167380095775952,-3.8188640175425466
-8.192538577328136,-2.171836814051024,-1.049655008810265,-6.388954338351097,-4.473111315017031,4.114371401175457,4.509956925122132,-7.432977380184715,-0.5369307740161035,-6.576844365218607,-0.3524780789855222,5.336405121658378,-9.877090160479307,-0.2954832878348741,-0.8516882420052118,0.8332572432945117,0.02917779112926633,8.404835757967438,5.523512428823485,0.17824494064148488,-0.6163356468495651,0.7762427629090274,-4.059825323915209,-1.8750480608660902,-0.11151167133081724
-4.654150645479126,-2.0808680922874188,-2.1613299840892335,-4.039379856798741,-7.257589559629004,-5.296122012157844,-6.045449784212326,-0.8066478956094354,-0.4539691855474888,2.027666430724436,-0.09487284882221303,7.582486987337311,6.589677080399621,0.15290258033525383,4.247522702177733,-4.1218600054268535,0.6293792713720108,-11.557334034090546,0.17824494064148477,5.485760944231896,0.14016987497948397,-0.44167096626284885,5.425656252324845,7.360889591452253,-0.19351001803691448
3.7005680120476927,-0.7335832202193372,9.513938304592147,-4.414290667873184,-1.2843872720471756,-0.38819177021034434,8.081266519470304,-2.5412168882829196,-0.6329468694685215,5.094228127864376,0.27978791293656746,2.5943405800756567,0.5280068567726344,0.48721854174944224,-0.9108381245058292,-5.269481456121546,-0.9197104616143953,-5.813460436033387,-0.6163356468495649,0.14016987497948452,5.575410787090509,0.20803974832327565,4.755308687898519,-0.33006923969247026,0.8168627450731634
0.1074973308308913,6.874330004792189,0.5112736085753185,0.08046134180690488,-6.891217417168581,-8.079341678682278,-7.309438932755879,2.387608332086459,0.04341668856731931,-8.277820710083175,0.9882133352038169,-8.554674787790784,-7.4329720643037325,0.04268763387237051,-3.3529693342141114,-4.319590916717051,-0.9371918335221711,-4.746987105056004,0.7762427629090282,-0.4416709662628488,0.20803974832327632,5.299265233500947,6.274191191376685,1.4251788173882967,-0.5488045547076642
-3.1271451825669745,-4.329940342054754,6.501603143605878,12.76674190193133,-9.006577356987272,1.213356370397077,8.252924771622782,-7.840786562550508,7.895019116213037,3.9838440067323724,-9.215525875838274,10.027949488934038,9.575190100947822,-2.1807651316827714,4.362957259890414,-2.8219279999489006,-2.349709223703137,-0.304134264693847,-4.059825323915209,5.4256562523248455,4.75530868789852,6.274191191376684,10.95539250924327,3.5521936426699763,-3.320910559810443
9.979041981522105,-2.0877869551739474,-6.921978259993248,-6.863214873852702,3.987040947126473,0.6962839397852851,2.1102914505154287,8.503340712509168,1.9189150174441327,-8.906022582531433,-6.676085627511938,-10.330071403941613,-4.149442626201497,-1.9540383260185852,-6.852748208312452,6.216978934816631,8.139152814493439,1.1167380095775954,-1.8750480608660898,7.360889591452254,-0.3300692396924698,1.4251788173882969,3.5521936426699754,-13.133001347373936,2.7224858149883104
0.8279963606242084,-8.688257947628134,-5.679841051887329,9.129189309012453,2.2349821817196345,0.7324690107848437,8.109647584312581,-3.6690160468309747,0.06433499874930204,5.015988546801919,0.009056350656776624,-5.219538891989957,0.6326878552486122,-0.36624039229979505,2.297258082138125,2.018865110578303,0.5794137420612302,-3.8188640175425466,-0.11151167133081741,-0.1935100180369146,0.8168627450731624,-0.5488045547076642,-3.320910559810442,2.7224858149883095,6.375492508200162
