n
75
c
299.0 306.0 223.0 -257.0 -272.0 -286.0 -221.0 -301.0 -99.0 -123.0 -127.0 -289.0 293.0 256.0 -113.0 -256.0 322.0 -110.0 276.0 -269.0 -280.0 252.0 -130.0 -121.0 -101.0 293.0 -290.0 282.0 -113.0 -116.0 -229.0 329.0 295.0 290.0 259.0 -248.0 -93.0 261.0 281.0 -308.0 -127.0 -128.0 -261.0 -68.0 305.0 296.0 226.0 -246.0 -354.0 267.0 -298.0 -107.0 -105.0 -265.0 301.0 294.0 -306.0 -78.0 232.0 241.0 309.0 248.0 -90.0 287.0 274.0 228.0 304.0 -336.0 318.0 -155.0 -275.0 -111.0 267.0 270.0 -96.0
Q
-9.0,-3.0,0.0,1.0,3.0,14.0,5.0,9.0,-8.0,6.0,7.0,8.0,-12.0,-2.0,4.0,15.0,-7.0,2.0,-3.0,9.0,-5.0,-10.0,-6.0,8.0,2.0,-8.0,7.0,0.0,-5.0,2.0,2.0,-16.0,-6.0,-9.0,-6.0,2.0,5.0,0.0,-4.0,15.0,6.0,4.0,13.0,-9.0,-7.0,-7.0,-7.0,-3.0,-3.0,-11.0,3.0,1.0,3.0,8.0,-1.0,0.0,13.0,0.0,3.0,-10.0,-5.0,-10.0,-1.0,-13.0,-11.0,-13.0,-14.0,1.0,0.0,-3.0,5.0,-5.0,-8.0,-8.0,-5.0
-3.0,5.0,-10.0,-3.0,1.0,3.0,5.0,10.0,0.0,-4.0,-2.0,7.0,-9.0,-7.0,2.0,9.0,-6.0,-4.0,-5.0,10.0,10.0,3.0,1.0,1.0,0.0,-10.0,-3.0,-2.0,-6.0,2.0,0.0,-9.0,-17.0,-6.0,-8.0,4.0,-1.0,-17.0,4.0,-1.0,3.0,-4.0,7.0,0.0,0.0,5.0,-3.0,3.0,-2.0,-14.0,-6.0,6.0,-1.0,0.0,-7.0,-15.0,18.0,0.0,1.0,-2.0,5.0,-9.0,-3.0,-4.0,-9.0,-4.0,-10.0,-4.0,1.0,-5.0,4.0,-6.0,2.0,-16.0,-6.0
0.0,-10.0,-8.0,2.0,1.0,10.0,2.0,14.0,2.0,-1.0,3.0,7.0,-1.0,-3.0,-1.0,-1.0,3.0,-5.0,-11.0,-2.0,-1.0,-3.0,0.0,2.0,-4.0,1.0,9.0,-2.0,-7.0,3.0,-3.0,-15.0,6.0,-15.0,-10.0,5.0,1.0,-11.0,4.0,9.0,5.0,1.0,9.0,0.0,-12.0,-1.0,-5.0,8.0,-3.0,4.0,4.0,10.0,3.0,-7.0,-5.0,-3.0,0.0,-2.0,-15.0,-9.0,-4.0,-3.0,-4.0,3.0,1.0,-1.0,3.0,1.0,-5.0,3.0,12.0,-6.0,-2.0,-9.0,4.0
1.0,-3.0,2.0,-7.0,-13.0,-7.0,3.0,-10.0,2.0,-5.0,-3.0,-3.0,-1.0,2.0,-7.0,-5.0,9.0,-1.0,1.0,-1.0,5.0,4.0,-4.0,-3.0,-4.0,-2.0,-11.0,-1.0,0.0,-8.0,3.0,-2.0,-2.0,-2.0,16.0,-11.0,-2.0,10.0,4.0,-2.0,5.0,0.0,-2.0,-8.0,14.0,4.0,3.0,-9.0,3.0,17.0,2.0,5.0,-2.0,0.0,2.0,10.0,-7.0,-4.0,7.0,16.0,6.0,7.0,-6.0,6.0,2.0,2.0,5.0,7.0,12.0,4.0,-12.0,8.0,7.0,12.0,-6.0
3.0,1.0,1.0,-13.0,4.0,-2.0,-7.0,-11.0,-2.0,1.0,0.0,6.0,3.0,7.0,5.0,-6.0,-6.0,-5.0,4.0,0.0,-2.0,0.0,-1.0,-2.0,-5.0,-2.0,-3.0,14.0,6.0,-7.0,-5.0,-4.0,-4.0,6.0,4.0,-6.0,-8.0,8.0,12.0,-6.0,-5.0,2.0,-5.0,-1.0,3.0,0.0,3.0,-6.0,2.0,9.0,-11.0,0.0,4.0,-6.0,9.0,7.0,-9.0,3.0,-1.0,14.0,0.0,-3.0,3.0,3.0,-5.0,13.0,0.0,-7.0,4.0,-8.0,9.0,2.0,1.0,18.0,2.0
14.0,3.0,10.0,-7.0,-2.0,-10.0,-14.0,-4.0,4.0,0.0,1.0,-9.0,5.0,-2.0,3.0,2.0,0.0,-4.0,0.0,-1.0,-7.0,-2.0,2.0,-7.0,-4.0,5.0,-8.0,15.0,4.0,6.0,-7.0,9.0,11.0,0.0,4.0,-4.0,4.0,-6.0,6.0,-12.0,5.0,1.0,-3.0,-2.0,-4.0,-6.0,15.0,-4.0,-4.0,13.0,-2.0,2.0,-1.0,-16.0,-2.0,2.0,-1.0,-6.0,7.0,1.0,5.0,10.0,-4.0,-5.0,8.0,6.0,14.0,2.0,-6.0,8.0,-3.0,1.0,2.0,5.0,-7.0
5.0,5.0,2.0,3.0,-7.0,-14.0,-3.0,-13.0,-5.0,-4.0,4.0,-11.0,8.0,4.0,-3.0,-7.0,4.0,4.0,8.0,0.0,-4.0,9.0,1.0,-4.0,-1.0,2.0,-8.0,-2.0,-3.0,7.0,-12.0,-5.0,9.0,4.0,15.0,-5.0,-3.0,5.0,9.0,-8.0,1.0,-2.0,-13.0,-9.0,5.0,2.0,15.0,-5.0,-9.0,-1.0,-10.0,0.0,7.0,-2.0,14.0,1.0,-16.0,-9.0,7.0,4.0,2.0,4.0,-2.0,4.0,14.0,1.0,0.0,-6.0,-6.0,0.0,-16.0,1.0,9.0,2.0,-3.0
9.0,10.0,14.0,-10.0,-11.0,-4.0,-13.0,3.0,-3.0,3.0,-1.0,-4.0,1.0,4.0,-2.0,-2.0,-9.0,3.0,5.0,-15.0,-8.0,-1.0,0.0,-4.0,3.0,12.0,5.0,12.0,3.0,3.0,-1.0,4.0,6.0,1.0,11.0,-7.0,2.0,6.0,10.0,-8.0,1.0,5.0,1.0,-3.0,4.0,-1.0,15.0,-7.0,-6.0,1.0,-2.0,-5.0,5.0,-8.0,3.0,-4.0,-10.0,-3.0,12.0,11.0,-3.0,6.0,0.0,12.0,5.0,9.0,4.0,-6.0,4.0,1.0,1.0,-3.0,-4.0,7.0,4.0
-8.0,0.0,2.0,2.0,-2.0,4.0,-5.0,-3.0,7.0,2.0,18.0,2.0,-3.0,-4.0,10.0,5.0,1.0,8.0,4.0,3.0,4.0,0.0,8.0,9.0,16.0,-3.0,1.0,2.0,6.0,9.0,1.0,1.0,4.0,6.0,-4.0,-2.0,2.0,-1.0,-3.0,6.0,8.0,11.0,0.0,10.0,3.0,-5.0,-7.0,-5.0,2.0,-6.0,0.0,11.0,12.0,2.0,-4.0,-8.0,4.0,6.0,1.0,8.0,2.0,-1.0,6.0,8.0,0.0,2.0,-10.0,-7.0,-8.0,7.0,1.0,5.0,7.0,-9.0,8.0
6.0,-4.0,-1.0,-5.0,1.0,0.0,-4.0,3.0,2.0,13.0,7.0,0.0,4.0,7.0,15.0,0.0,-3.0,10.0,9.0,5.0,-6.0,4.0,19.0,13.0,10.0,-6.0,-2.0,-8.0,13.0,7.0,9.0,3.0,-4.0,1.0,5.0,4.0,11.0,-4.0,8.0,-3.0,20.0,10.0,-4.0,14.0,1.0,-1.0,-4.0,-4.0,-4.0,6.0,5.0,13.0,11.0,2.0,6.0,4.0,1.0,9.0,-7.0,-1.0,-10.0,-3.0,9.0,3.0,-6.0,2.0,-2.0,-6.0,-6.0,8.0,5.0,9.0,3.0,2.0,6.0
7.0,-2.0,3.0,-3.0,0.0,1.0,4.0,-1.0,18.0,7.0,10.0,8.0,-4.0,6.0,10.0,-2.0,-2.0,8.0,-1.0,-1.0,2.0,0.0,15.0,13.0,12.0,2.0,-9.0,-2.0,8.0,10.0,-2.0,-7.0,4.0,2.0,5.0,1.0,10.0,-2.0,3.0,3.0,19.0,17.0,1.0,13.0,3.0,2.0,5.0,-6.0,-3.0,-1.0,-3.0,15.0,17.0,0.0,-5.0,3.0,4.0,12.0,0.0,-7.0,4.0,-3.0,10.0,5.0,0.0,-9.0,6.0,9.0,-9.0,6.0,4.0,8.0,-3.0,-2.0,7.0
8.0,7.0,7.0,-3.0,6.0,-9.0,-11.0,-4.0,2.0,0.0,8.0,-10.0,4.0,12.0,0.0,0.0,0.0,-5.0,13.0,-13.0,-4.0,-5.0,8.0,8.0,-1.0,1.0,-4.0,9.0,2.0,1.0,-11.0,0.0,10.0,0.0,3.0,-6.0,-3.0,2.0,8.0,-13.0,1.0,0.0,4.0,-4.0,4.0,5.0,13.0,-12.0,4.0,-1.0,7.0,0.0,-3.0,-6.0,1.0,5.0,-10.0,-1.0,1.0,8.0,1.0,5.0,-4.0,5.0,7.0,1.0,13.0,-7.0,10.0,6.0,-14.0,-5.0,0.0,12.0,-6.0
-12.0,-9.0,-1.0,-1.0,3.0,5.0,8.0,1.0,-3.0,4.0,-4.0,4.0,-11.0,-9.0,-10.0,7.0,-5.0,4.0,-11.0,11.0,10.0,3.0,-5.0,0.0,-5.0,-1.0,12.0,-1.0,3.0,-2.0,-3.0,-2.0,-6.0,-7.0,-13.0,-1.0,8.0,-4.0,-13.0,3.0,2.0,6.0,-5.0,-4.0,-1.0,-3.0,-3.0,5.0,0.0,-10.0,5.0,-2.0,4.0,6.0,4.0,-10.0,0.0,-2.0,-9.0,-6.0,-8.0,6.0,0.0,-15.0,0.0,2.0,4.0,5.0,-8.0,-1.0,9.0,5.0,-4.0,-20.0,1.0
-2.0,-7.0,-3.0,2.0,7.0,-2.0,4.0,4.0,-4.0,7.0,6.0,12.0,-9.0,5.0,8.0,6.0,-11.0,4.0,3.0,-2.0,9.0,-6.0,-9.0,-4.0,-8.0,3.0,-1.0,-1.0,1.0,-6.0,6.0,-11.0,-10.0,-8.0,-4.0,8.0,0.0,1.0,-6.0,6.0,-1.0,-3.0,8.0,-4.0,-15.0,-3.0,6.0,4.0,-2.0,-12.0,-3.0,7.0,0.0,2.0,-4.0,-10.0,14.0,6.0,-7.0,1.0,-7.0,-7.0,4.0,-1.0,-11.0,-4.0,7.0,11.0,-4.0,8.0,3.0,5.0,-4.0,-13.0,-2.0
4.0,2.0,-1.0,-7.0,5.0,3.0,-3.0,-2.0,10.0,15.0,10.0,0.0,-10.0,8.0,6.0,1.0,-7.0,1.0,-5.0,2.0,5.0,5.0,16.0,10.0,7.0,-1.0,3.0,-8.0,14.0,17.0,-4.0,6.0,-1.0,-5.0,-3.0,-7.0,15.0,-4.0,1.0,0.0,15.0,13.0,-2.0,9.0,-2.0,5.0,-2.0,4.0,3.0,1.0,-3.0,14.0,10.0,5.0,2.0,-1.0,-2.0,11.0,1.0,3.0,-6.0,-5.0,10.0,-2.0,-3.0,3.0,-3.0,-3.0,0.0,6.0,0.0,13.0,6.0,-4.0,8.0
15.0,9.0,-1.0,-5.0,-6.0,2.0,-7.0,-2.0,5.0,0.0,-2.0,0.0,7.0,6.0,1.0,6.0,7.0,-5.0,-4.0,-6.0,-7.0,6.0,1.0,-3.0,-1.0,18.0,-6.0,2.0,-2.0,6.0,-4.0,4.0,3.0,5.0,0.0,-9.0,-5.0,1.0,2.0,8.0,0.0,4.0,-7.0,-5.0,3.0,-3.0,13.0,-12.0,-9.0,3.0,-6.0,-7.0,-8.0,-10.0,0.0,12.0,-10.0,-4.0,9.0,5.0,2.0,10.0,-6.0,-1.0,-1.0,12.0,1.0,-6.0,-3.0,2.0,-10.0,-3.0,6.0,5.0,-4.0
-7.0,-6.0,3.0,9.0,-6.0,0.0,4.0,-9.0,1.0,-3.0,-2.0,0.0,-5.0,-11.0,-7.0,7.0,-4.0,3.0,-16.0,3.0,7.0,-3.0,2.0,-5.0,-3.0,-3.0,-3.0,-10.0,5.0,-5.0,8.0,-4.0,-5.0,-7.0,-5.0,-1.0,6.0,-8.0,-15.0,4.0,-4.0,10.0,10.0,8.0,-5.0,-1.0,-7.0,9.0,6.0,-8.0,5.0,-3.0,-6.0,8.0,-7.0,-8.0,13.0,-7.0,-8.0,2.0,-12.0,-3.0,4.0,-8.0,-3.0,2.0,1.0,-4.0,-2.0,5.0,2.0,-9.0,-16.0,-3.0,9.0
2.0,-4.0,-5.0,-1.0,-5.0,-4.0,4.0,3.0,8.0,10.0,8.0,-5.0,4.0,4.0,1.0,-5.0,3.0,13.0,-7.0,-3.0,-2.0,6.0,12.0,16.0,19.0,-2.0,-1.0,-5.0,7.0,13.0,-9.0,0.0,0.0,-1.0,2.0,3.0,8.0,-3.0,8.0,7.0,13.0,10.0,3.0,5.0,-3.0,-6.0,0.0,-1.0,3.0,1.0,-1.0,10.0,9.0,-5.0,3.0,5.0,7.0,7.0,-5.0,-5.0,1.0,1.0,10.0,1.0,-4.0,-9.0,2.0,3.0,0.0,12.0,-8.0,8.0,-8.0,3.0,12.0
-3.0,-5.0,-11.0,1.0,4.0,0.0,8.0,5.0,4.0,9.0,-1.0,13.0,-11.0,3.0,-5.0,-4.0,-16.0,-7.0,4.0,11.0,3.0,1.0,-6.0,5.0,4.0,-4.0,9.0,-9.0,0.0,1.0,5.0,-14.0,-10.0,5.0,3.0,12.0,-2.0,-9.0,0.0,-6.0,3.0,-6.0,6.0,0.0,-10.0,-7.0,8.0,6.0,16.0,-3.0,4.0,0.0,-2.0,-1.0,-3.0,-15.0,7.0,-1.0,-6.0,-2.0,-4.0,-12.0,8.0,-10.0,-9.0,-3.0,-6.0,11.0,-13.0,1.0,0.0,-2.0,-12.0,3.0,4.0
9.0,10.0,-2.0,-1.0,0.0,-1.0,0.0,-15.0,3.0,5.0,-1.0,-13.0,11.0,-2.0,2.0,-6.0,3.0,-3.0,11.0,1.0,-11.0,0.0,2.0,2.0,-1.0,1.0,-5.0,7.0,-1.0,-8.0,-15.0,8.0,9.0,16.0,3.0,-8.0,3.0,-2.0,5.0,-2.0,-2.0,1.0,0.0,-8.0,2.0,0.0,8.0,1.0,-5.0,3.0,-3.0,-2.0,-3.0,5.0,1.0,8.0,-5.0,10.0,11.0,-2.0,0.0,8.0,5.0,-1.0,-2.0,12.0,5.0,-4.0,-7.0,-5.0,-9.0,-3.0,2.0,14.0,1.0
-5.0,10.0,-1.0,5.0,-2.0,-7.0,-4.0,-8.0,4.0,-6.0,2.0,-4.0,10.0,9.0,5.0,-7.0,7.0,-2.0,3.0,-11.0,-11.0,-4.0,0.0,-10.0,3.0,4.0,4.0,16.0,-10.0,-8.0,-15.0,11.0,5.0,7.0,-2.0,-9.0,3.0,2.0,2.0,-7.0,-1.0,4.0,-15.0,1.0,20.0,7.0,7.0,-9.0,0.0,-1.0,0.0,1.0,1.0,-2.0,-2.0,3.0,-4.0,-1.0,0.0,4.0,2.0,2.0,5.0,1.0,5.0,-7.0,6.0,-2.0,-4.0,3.0,-1.0,-9.0,5.0,6.0,2.0
-10.0,3.0,-3.0,4.0,0.0,-2.0,9.0,-1.0,0.0,4.0,0.0,-5.0,3.0,-6.0,5.0,6.0,-3.0,6.0,1.0,0.0,-4.0,-17.0,3.0,-4.0,-1.0,-2.0,4.0,5.0,1.0,4.0,4.0,1.0,-15.0,2.0,-11.0,3.0,2.0,-3.0,-8.0,9.0,-4.0,1.0,7.0,3.0,1.0,-5.0,-7.0,6.0,7.0,0.0,0.0,-6.0,0.0,12.0,-3.0,-14.0,6.0,-2.0,5.0,-4.0,-4.0,-11.0,-2.0,2.0,6.0,-6.0,-5.0,8.0,-6.0,7.0,-2.0,3.0,0.0,-12.0,7.0
-6.0,1.0,0.0,-4.0,-1.0,2.0,1.0,0.0,8.0,19.0,15.0,8.0,-5.0,-9.0,16.0,1.0,2.0,12.0,-6.0,2.0,0.0,3.0,11.0,7.0,12.0,4.0,9.0,5.0,11.0,16.0,-6.0,6.0,-2.0,1.0,1.0,-1.0,17.0,-4.0,-10.0,9.0,3.0,4.0,-2.0,6.0,4.0,-10.0,-3.0,0.0,4.0,-6.0,0.0,5.0,11.0,-2.0,3.0,0.0,-1.0,10.0,2.0,-2.0,-3.0,7.0,11.0,0.0,1.0,0.0,-3.0,-5.0,-2.0,8.0,-7.0,1.0,-2.0,8.0,18.0
8.0,1.0,2.0,-3.0,-2.0,-7.0,-4.0,-4.0,9.0,13.0,13.0,8.0,0.0,-4.0,10.0,-3.0,-5.0,16.0,5.0,2.0,-10.0,-4.0,7.0,4.0,9.0,7.0,4.0,0.0,12.0,11.0,0.0,1.0,6.0,3.0,1.0,-3.0,9.0,-4.0,0.0,-6.0,20.0,11.0,-6.0,11.0,-1.0,7.0,1.0,7.0,3.0,-3.0,-9.0,11.0,7.0,-1.0,-3.0,1.0,8.0,14.0,-2.0,0.0,0.0,-3.0,10.0,2.0,5.0,4.0,1.0,7.0,7.0,11.0,7.0,7.0,-3.0,-7.0,13.0
2.0,0.0,-4.0,-4.0,-5.0,-4.0,-1.0,3.0,16.0,10.0,12.0,-1.0,-5.0,-8.0,7.0,-1.0,-3.0,19.0,4.0,-1.0,3.0,-1.0,12.0,9.0,6.0,-1.0,-3.0,-8.0,11.0,13.0,-3.0,-4.0,1.0,5.0,-5.0,-8.0,2.0,4.0,2.0,3.0,11.0,19.0,3.0,11.0,7.0,-2.0,0.0,2.0,3.0,2.0,3.0,9.0,8.0,-6.0,-2.0,-2.0,2.0,19.0,-1.0,-3.0,2.0,3.0,16.0,-2.0,2.0,8.0,-5.0,-6.0,-8.0,10.0,-8.0,10.0,1.0,-9.0,10.0
-8.0,-10.0,1.0,-2.0,-2.0,5.0,2.0,12.0,-3.0,-6.0,2.0,1.0,-1.0,3.0,-1.0,18.0,-3.0,-2.0,-4.0,1.0,4.0,-2.0,4.0,7.0,-1.0,-1.0,7.0,-4.0,0.0,-4.0,5.0,-17.0,4.0,-9.0,-8.0,2.0,0.0,0.0,-6.0,5.0,1.0,-8.0,0.0,-1.0,-10.0,-6.0,-9.0,-2.0,4.0,-6.0,-1.0,-1.0,2.0,-2.0,-3.0,-13.0,3.0,0.0,-11.0,-7.0,-6.0,-2.0,4.0,-11.0,1.0,-3.0,-1.0,6.0,-12.0,4.0,10.0,-6.0,0.0,1.0,7.0
7.0,-3.0,9.0,-11.0,-3.0,-8.0,-8.0,5.0,1.0,-2.0,-9.0,-4.0,12.0,-1.0,3.0,-6.0,-3.0,-1.0,9.0,-5.0,4.0,4.0,9.0,4.0,-3.0,7.0,-2.0,2.0,-3.0,0.0,-2.0,4.0,-2.0,1.0,14.0,-10.0,-2.0,7.0,12.0,-6.0,-4.0,-1.0,1.0,8.0,6.0,9.0,-1.0,-3.0,-2.0,1.0,8.0,2.0,-3.0,-9.0,1.0,-1.0,-4.0,-9.0,3.0,-4.0,2.0,4.0,4.0,4.0,2.0,6.0,13.0,-2.0,1.0,-2.0,4.0,3.0,3.0,10.0,4.0
0.0,-2.0,-2.0,-1.0,14.0,15.0,-2.0,12.0,2.0,-8.0,-2.0,9.0,-1.0,-1.0,-8.0,2.0,-10.0,-5.0,-9.0,7.0,16.0,5.0,5.0,0.0,-8.0,-4.0,2.0,-7.0,6.0,4.0,-2.0,-7.0,-4.0,0.0,-12.0,3.0,-2.0,-12.0,-6.0,14.0,-10.0,0.0,2.0,1.0,-4.0,7.0,-1.0,0.0,-1.0,-10.0,-1.0,3.0,0.0,12.0,-7.0,4.0,5.0,3.0,-15.0,1.0,1.0,-3.0,-8.0,-5.0,-14.0,-9.0,-5.0,0.0,-10.0,-3.0,-7.0,6.0,2.0,4.0,6.0
-5.0,-6.0,-7.0,0.0,6.0,4.0,-3.0,3.0,6.0,13.0,8.0,2.0,3.0,1.0,14.0,-2.0,5.0,7.0,0.0,-1.0,-10.0,1.0,11.0,12.0,11.0,0.0,-3.0,6.0,12.0,10.0,2.0,2.0,-5.0,3.0,-7.0,3.0,2.0,-2.0,-1.0,4.0,12.0,8.0,-3.0,3.0,0.0,-5.0,1.0,2.0,1.0,0.0,1.0,9.0,13.0,4.0,0.0,5.0,2.0,5.0,-3.0,-2.0,7.0,-9.0,9.0,-7.0,1.0,2.0,6.0,-3.0,6.0,7.0,-3.0,17.0,4.0,8.0,13.0
2.0,2.0,3.0,-8.0,-7.0,6.0,7.0,3.0,9.0,7.0,10.0,1.0,-2.0,-6.0,17.0,6.0,-5.0,13.0,1.0,-8.0,-8.0,4.0,16.0,11.0,13.0,-4.0,0.0,4.0,10.0,7.0,7.0,10.0,0.0,4.0,-2.0,5.0,6.0,5.0,-3.0,0.0,3.0,11.0,-1.0,18.0,1.0,2.0,-5.0,1.0,-5.0,0.0,-1.0,11.0,18.0,-4.0,1.0,-10.0,10.0,5.0,3.0,-4.0,6.0,-5.0,7.0,1.0,-9.0,-3.0,7.0,0.0,-2.0,10.0,-7.0,8.0,2.0,3.0,13.0
2.0,0.0,-3.0,3.0,-5.0,-7.0,-12.0,-1.0,1.0,9.0,-2.0,-11.0,-3.0,6.0,-4.0,-4.0,8.0,-9.0,5.0,-15.0,-15.0,4.0,-6.0,0.0,-3.0,5.0,-2.0,-2.0,2.0,7.0,-18.0,-4.0,-9.0,-4.0,0.0,-7.0,-2.0,12.0,6.0,-1.0,-2.0,0.0,-10.0,-9.0,-2.0,-3.0,6.0,-1.0,-2.0,0.0,-8.0,6.0,-6.0,-9.0,5.0,-6.0,-6.0,-5.0,12.0,9.0,13.0,1.0,-4.0,10.0,10.0,-2.0,16.0,-5.0,10.0,0.0,2.0,4.0,9.0,5.0,-5.0
-16.0,-9.0,-15.0,-2.0,-4.0,9.0,-5.0,4.0,1.0,3.0,-7.0,0.0,-2.0,-11.0,6.0,4.0,-4.0,0.0,-14.0,8.0,11.0,1.0,6.0,1.0,-4.0,-17.0,4.0,-7.0,2.0,10.0,-4.0,4.0,0.0,-13.0,1.0,6.0,0.0,-4.0,1.0,5.0,1.0,6.0,15.0,-6.0,-5.0,-6.0,-10.0,11.0,-2.0,-5.0,5.0,-6.0,2.0,-5.0,-1.0,-5.0,0.0,0.0,0.0,-8.0,-14.0,-7.0,-1.0,0.0,-8.0,-7.0,-11.0,3.0,-10.0,-2.0,8.0,3.0,5.0,-9.0,1.0
-6.0,-17.0,6.0,-2.0,-4.0,11.0,9.0,6.0,4.0,-4.0,4.0,10.0,-6.0,-10.0,-1.0,3.0,-5.0,0.0,-10.0,9.0,5.0,-15.0,-2.0,6.0,1.0,4.0,-2.0,-4.0,-5.0,0.0,-9.0,0.0,-18.0,-11.0,-15.0,11.0,9.0,-11.0,-7.0,2.0,8.0,-3.0,19.0,2.0,-14.0,-1.0,-10.0,8.0,-3.0,-4.0,7.0,-6.0,1.0,-3.0,-5.0,-3.0,-1.0,6.0,1.0,5.0,-6.0,5.0,9.0,-15.0,-2.0,1.0,-10.0,-1.0,-6.0,-3.0,9.0,4.0,-2.0,-9.0,10.0
-9.0,-6.0,-15.0,-2.0,6.0,0.0,4.0,1.0,6.0,1.0,2.0,0.0,-7.0,-8.0,-5.0,5.0,-7.0,-1.0,5.0,16.0,7.0,2.0,1.0,3.0,5.0,-9.0,1.0,0.0,3.0,4.0,-4.0,-13.0,-11.0,6.0,-3.0,10.0,-8.0,-9.0,-6.0,13.0,-1.0,0.0,4.0,-10.0,-12.0,-6.0,2.0,-3.0,15.0,-11.0,-5.0,-4.0,10.0,4.0,-7.0,-11.0,10.0,-5.0,-4.0,-2.0,-2.0,3.0,0.0,-3.0,-15.0,3.0,-4.0,15.0,-15.0,2.0,2.0,-1.0,-5.0,0.0,5.0
-6.0,-8.0,-10.0,16.0,4.0,4.0,15.0,11.0,-4.0,5.0,5.0,3.0,-13.0,-4.0,-3.0,0.0,-5.0,2.0,3.0,3.0,-2.0,-11.0,1.0,1.0,-5.0,-8.0,14.0,-12.0,-7.0,-2.0,0.0,1.0,-15.0,-3.0,-9.0,6.0,2.0,0.0,1.0,6.0,-5.0,-3.0,13.0,-7.0,-2.0,-11.0,1.0,4.0,8.0,-5.0,11.0,0.0,-2.0,15.0,-11.0,-6.0,4.0,2.0,2.0,-1.0,5.0,-10.0,3.0,2.0,-10.0,2.0,-18.0,9.0,-9.0,7.0,7.0,6.0,-6.0,-7.0,0.0
2.0,4.0,5.0,-11.0,-6.0,-4.0,-5.0,-7.0,-2.0,4.0,1.0,-6.0,-1.0,8.0,-7.0,-9.0,-1.0,3.0,12.0,-8.0,-9.0,3.0,-1.0,-3.0,-8.0,2.0,-10.0,3.0,3.0,5.0,-7.0,6.0,11.0,10.0,6.0,3.0,-2.0,-2.0,10.0,-8.0,-2.0,-1.0,-15.0,6.0,6.0,9.0,10.0,-11.0,-4.0,9.0,-3.0,1.0,-5.0,2.0,7.0,17.0,-10.0,-4.0,1.0,3.0,2.0,13.0,-4.0,6.0,4.0,2.0,4.0,-8.0,7.0,0.0,1.0,0.0,5.0,1.0,4.0
5.0,-1.0,1.0,-2.0,-8.0,4.0,-3.0,2.0,2.0,11.0,10.0,-3.0,8.0,0.0,15.0,-5.0,6.0,8.0,-2.0,3.0,3.0,2.0,17.0,9.0,2.0,0.0,-2.0,-2.0,2.0,6.0,-2.0,0.0,9.0,-8.0,2.0,-2.0,7.0,2.0,5.0,3.0,8.0,4.0,-5.0,10.0,-1.0,2.0,4.0,2.0,4.0,-3.0,1.0,15.0,12.0,3.0,-3.0,3.0,-1.0,5.0,8.0,2.0,-2.0,-2.0,12.0,-3.0,-2.0,-4.0,-3.0,8.0,5.0,11.0,-1.0,10.0,4.0,2.0,8.0
0.0,-17.0,-11.0,10.0,8.0,-6.0,5.0,6.0,-1.0,-4.0,-2.0,2.0,-4.0,1.0,-4.0,1.0,-8.0,-3.0,-9.0,-2.0,2.0,-3.0,-4.0,-4.0,4.0,0.0,7.0,-12.0,-2.0,5.0,12.0,-4.0,-11.0,-9.0,0.0,-2.0,2.0,7.0,1.0,13.0,8.0,-5.0,4.0,3.0,-10.0,1.0,-2.0,-1.0,12.0,-12.0,-3.0,4.0,-5.0,11.0,-7.0,-5.0,6.0,10.0,-12.0,-11.0,0.0,-4.0,-5.0,0.0,2.0,0.0,-2.0,13.0,1.0,4.0,17.0,1.0,-13.0,-1.0,-8.0
-4.0,4.0,4.0,4.0,12.0,6.0,9.0,10.0,-3.0,8.0,3.0,8.0,-13.0,-6.0,1.0,2.0,-15.0,8.0,0.0,5.0,2.0,-8.0,-10.0,0.0,2.0,-6.0,12.0,-6.0,-1.0,-3.0,6.0,1.0,-7.0,-6.0,1.0,10.0,5.0,1.0,-3.0,10.0,4.0,-3.0,10.0,-7.0,-10.0,-6.0,-8.0,1.0,4.0,-19.0,1.0,0.0,5.0,2.0,0.0,-3.0,-4.0,-2.0,-6.0,4.0,-15.0,-1.0,2.0,-11.0,-13.0,-6.0,-7.0,5.0,-15.0,1.0,5.0,-6.0,-6.0,-14.0,-7.0
15.0,-1.0,9.0,-2.0,-6.0,-12.0,-8.0,-8.0,6.0,-3.0,3.0,-13.0,3.0,6.0,0.0,8.0,4.0,7.0,-6.0,-2.0,-7.0,9.0,9.0,-6.0,3.0,5.0,-6.0,14.0,4.0,0.0,-1.0,5.0,2.0,13.0,6.0,-8.0,3.0,13.0,10.0,-4.0,1.0,3.0,-1.0,4.0,12.0,4.0,9.0,-3.0,-16.0,6.0,-3.0,1.0,1.0,1.0,5.0,1.0,-6.0,2.0,-1.0,7.0,1.0,-3.0,-2.0,3.0,-3.0,3.0,6.0,-9.0,2.0,2.0,-1.0,0.0,6.0,8.0,6.0
6.0,3.0,5.0,5.0,-5.0,5.0,1.0,1.0,8.0,20.0,19.0,1.0,2.0,-1.0,15.0,0.0,-4.0,13.0,3.0,-2.0,-1.0,-4.0,3.0,20.0,11.0,1.0,-4.0,-10.0,12.0,3.0,-2.0,1.0,8.0,-1.0,-5.0,-2.0,8.0,8.0,4.0,1.0,13.0,8.0,-4.0,10.0,-5.0,-4.0,-1.0,3.0,5.0,5.0,6.0,7.0,14.0,-1.0,-5.0,-4.0,0.0,8.0,0.0,5.0,-7.0,3.0,0.0,-1.0,-4.0,-2.0,5.0,-2.0,2.0,18.0,6.0,10.0,8.0,-2.0,12.0
4.0,-4.0,1.0,0.0,2.0,1.0,-2.0,5.0,11.0,10.0,17.0,0.0,6.0,-3.0,13.0,4.0,10.0,10.0,-6.0,1.0,4.0,1.0,4.0,11.0,19.0,-8.0,-1.0,0.0,8.0,11.0,0.0,6.0,-3.0,0.0,-3.0,-1.0,4.0,-5.0,-3.0,3.0,8.0,12.0,1.0,6.0,-3.0,4.0,-2.0,5.0,2.0,7.0,-8.0,16.0,17.0,0.0,3.0,-4.0,5.0,3.0,-1.0,-1.0,3.0,-1.0,3.0,4.0,-3.0,10.0,-5.0,-1.0,5.0,11.0,2.0,4.0,8.0,-5.0,11.0
13.0,7.0,9.0,-2.0,-5.0,-3.0,-13.0,1.0,0.0,-4.0,1.0,4.0,-5.0,8.0,-2.0,-7.0,10.0,3.0,6.0,0.0,-15.0,7.0,-2.0,-6.0,3.0,0.0,1.0,2.0,-3.0,-1.0,-10.0,15.0,19.0,4.0,13.0,-15.0,-5.0,4.0,10.0,-1.0,-4.0,1.0,-7.0,-2.0,1.0,6.0,11.0,-5.0,-11.0,13.0,-13.0,-9.0,-2.0,-14.0,7.0,16.0,-4.0,9.0,9.0,-2.0,4.0,4.0,1.0,5.0,1.0,-1.0,-2.0,-6.0,7.0,-2.0,-3.0,5.0,-1.0,8.0,-6.0
-9.0,0.0,0.0,-8.0,-1.0,-2.0,-9.0,-3.0,10.0,14.0,13.0,-4.0,-4.0,-4.0,9.0,-5.0,8.0,5.0,0.0,-8.0,1.0,3.0,6.0,11.0,11.0,-1.0,8.0,1.0,3.0,18.0,-9.0,-6.0,2.0,-10.0,-7.0,6.0,10.0,3.0,-7.0,4.0,10.0,6.0,-2.0,12.0,-5.0,-3.0,-5.0,-5.0,2.0,-4.0,3.0,16.0,10.0,-1.0,-1.0,0.0,6.0,6.0,0.0,3.0,0.0,-2.0,8.0,2.0,2.0,0.0,2.0,-2.0,4.0,10.0,-2.0,8.0,-2.0,0.0,13.0
-7.0,0.0,-12.0,14.0,3.0,-4.0,5.0,4.0,3.0,1.0,3.0,4.0,-1.0,-15.0,-2.0,3.0,-5.0,-3.0,-10.0,2.0,20.0,1.0,4.0,-1.0,7.0,-10.0,6.0,-4.0,0.0,1.0,-2.0,-5.0,-14.0,-12.0,-2.0,6.0,-1.0,-10.0,-10.0,12.0,-5.0,-3.0,1.0,-5.0,-2.0,-5.0,-8.0,1.0,10.0,-12.0,-3.0,-8.0,0.0,0.0,-9.0,-13.0,3.0,1.0,4.0,2.0,-3.0,-13.0,-5.0,-8.0,0.0,-11.0,-10.0,10.0,-12.0,-2.0,11.0,8.0,1.0,-16.0,7.0
-7.0,5.0,-1.0,4.0,0.0,-6.0,2.0,-1.0,-5.0,-1.0,2.0,5.0,-3.0,-3.0,5.0,-3.0,-1.0,-6.0,-7.0,0.0,7.0,-5.0,-10.0,7.0,-2.0,-6.0,9.0,7.0,-5.0,2.0,-3.0,-6.0,-1.0,-6.0,-11.0,9.0,2.0,1.0,-6.0,4.0,-4.0,4.0,6.0,-3.0,-5.0,10.0,-6.0,7.0,7.0,-15.0,2.0,4.0,-1.0,11.0,-5.0,-10.0,2.0,-3.0,0.0,-1.0,-8.0,-9.0,5.0,0.0,-10.0,-10.0,1.0,12.0,-3.0,-4.0,-1.0,2.0,1.0,-3.0,-4.0
-7.0,-3.0,-5.0,3.0,3.0,15.0,15.0,15.0,-7.0,-4.0,5.0,13.0,-3.0,6.0,-2.0,13.0,-7.0,0.0,8.0,8.0,7.0,-7.0,-3.0,1.0,0.0,-9.0,-1.0,-1.0,1.0,-5.0,6.0,-10.0,-10.0,2.0,1.0,10.0,4.0,-2.0,-8.0,9.0,-1.0,-2.0,11.0,-5.0,-8.0,-6.0,-8.0,11.0,15.0,-3.0,5.0,0.0,-2.0,16.0,-6.0,-2.0,2.0,6.0,-2.0,0.0,-9.0,-2.0,-7.0,-2.0,-2.0,5.0,-8.0,17.0,5.0,2.0,-1.0,-3.0,-1.0,-1.0,1.0
-3.0,3.0,8.0,-9.0,-6.0,-4.0,-5.0,-7.0,-5.0,-4.0,-6.0,-12.0,5.0,4.0,4.0,-12.0,9.0,-1.0,6.0,1.0,-9.0,6.0,0.0,7.0,2.0,-2.0,-3.0,0.0,2.0,1.0,-1.0,11.0,8.0,-3.0,4.0,-11.0,2.0,-1.0,1.0,-3.0,3.0,5.0,-5.0,-5.0,1.0,7.0,11.0,-8.0,-2.0,6.0,-9.0,6.0,-9.0,-1.0,8.0,7.0,-7.0,-2.0,11.0,10.0,8.0,2.0,0.0,-3.0,11.0,1.0,5.0,0.0,6.0,-3.0,-13.0,-7.0,7.0,9.0,0.0
-3.0,-2.0,-3.0,3.0,2.0,-4.0,-9.0,-6.0,2.0,-4.0,-3.0,4.0,0.0,-2.0,3.0,-9.0,6.0,3.0,16.0,-5.0,0.0,7.0,4.0,3.0,3.0,4.0,-2.0,-1.0,1.0,-5.0,-2.0,-2.0,-3.0,15.0,8.0,-4.0,4.0,12.0,4.0,-16.0,5.0,2.0,-11.0,2.0,10.0,7.0,15.0,-2.0,5.0,5.0,7.0,0.0,1.0,-9.0,1.0,8.0,-4.0,7.0,4.0,5.0,-1.0,2.0,-1.0,9.0,15.0,15.0,14.0,3.0,0.0,3.0,-2.0,-8.0,11.0,8.0,8.0
-11.0,-14.0,4.0,17.0,9.0,13.0,-1.0,1.0,-6.0,6.0,-1.0,-1.0,-10.0,-12.0,1.0,3.0,-8.0,1.0,-3.0,3.0,-1.0,0.0,-6.0,-3.0,2.0,-6.0,1.0,-10.0,0.0,0.0,0.0,-5.0,-4.0,-11.0,-5.0,9.0,-3.0,-12.0,-19.0,6.0,5.0,7.0,13.0,-4.0,-12.0,-15.0,-3.0,6.0,5.0,0.0,5.0,2.0,-7.0,5.0,-8.0,-10.0,4.0,-2.0,-9.0,3.0,-8.0,-4.0,-6.0,-2.0,-10.0,-4.0,-1.0,12.0,-2.0,8.0,4.0,3.0,-7.0,-8.0,4.0
3.0,-6.0,4.0,2.0,-11.0,-2.0,-10.0,-2.0,0.0,5.0,-3.0,7.0,5.0,-3.0,-3.0,-6.0,5.0,-1.0,4.0,-3.0,0.0,0.0,0.0,-9.0,3.0,-1.0,8.0,-1.0,1.0,-1.0,-8.0,5.0,7.0,-5.0,11.0,-3.0,1.0,-3.0,1.0,-3.0,6.0,-8.0,-13.0,3.0,-3.0,2.0,5.0,-9.0,7.0,5.0,2.0,3.0,3.0,-11.0,-3.0,-3.0,-3.0,6.0,3.0,-7.0,0.0,9.0,-5.0,5.0,0.0,9.0,-1.0,6.0,7.0,-5.0,-6.0,1.0,-10.0,1.0,0.0
1.0,6.0,10.0,5.0,0.0,2.0,0.0,-5.0,11.0,13.0,15.0,0.0,-2.0,7.0,14.0,-7.0,-3.0,10.0,0.0,-2.0,1.0,-6.0,5.0,11.0,9.0,-1.0,2.0,3.0,9.0,11.0,6.0,-6.0,-6.0,-4.0,0.0,1.0,15.0,4.0,0.0,1.0,7.0,16.0,-9.0,16.0,-8.0,4.0,0.0,6.0,0.0,2.0,3.0,5.0,6.0,1.0,1.0,-2.0,2.0,16.0,-7.0,-1.0,1.0,0.0,10.0,-10.0,-3.0,5.0,-6.0,-5.0,-2.0,14.0,0.0,6.0,-5.0,0.0,11.0
3.0,-1.0,3.0,-2.0,4.0,-1.0,7.0,5.0,12.0,11.0,17.0,-3.0,4.0,0.0,10.0,-8.0,-6.0,9.0,-2.0,-3.0,1.0,0.0,11.0,7.0,8.0,2.0,-3.0,0.0,13.0,18.0,-6.0,2.0,1.0,10.0,-2.0,-5.0,12.0,-5.0,5.0,1.0,14.0,17.0,-2.0,10.0,0.0,-1.0,-2.0,-9.0,1.0,-7.0,3.0,6.0,9.0,5.0,3.0,5.0,2.0,12.0,4.0,0.0,-9.0,4.0,13.0,5.0,0.0,8.0,0.0,-3.0,9.0,18.0,1.0,3.0,6.0,-3.0,13.0
8.0,0.0,-7.0,0.0,-6.0,-16.0,-2.0,-8.0,2.0,2.0,0.0,-6.0,6.0,2.0,5.0,-10.0,8.0,-5.0,-1.0,5.0,-2.0,12.0,-2.0,-1.0,-6.0,-2.0,-9.0,12.0,4.0,-4.0,-9.0,-5.0,-3.0,4.0,15.0,2.0,3.0,11.0,2.0,1.0,-1.0,0.0,-14.0,-1.0,0.0,11.0,16.0,-1.0,-9.0,5.0,-11.0,1.0,5.0,-2.0,10.0,8.0,-4.0,-2.0,-1.0,0.0,6.0,7.0,2.0,4.0,7.0,6.0,8.0,-1.0,9.0,6.0,-14.0,-4.0,8.0,8.0,1.0
-1.0,-7.0,-5.0,2.0,9.0,-2.0,14.0,3.0,-4.0,6.0,-5.0,1.0,4.0,-4.0,2.0,0.0,-7.0,3.0,-3.0,1.0,-2.0,-3.0,3.0,-3.0,-2.0,-3.0,1.0,-7.0,0.0,1.0,5.0,-1.0,-5.0,-7.0,-11.0,7.0,-3.0,-7.0,0.0,5.0,-5.0,3.0,7.0,-1.0,-9.0,-5.0,-6.0,8.0,1.0,-8.0,-3.0,1.0,3.0,10.0,-12.0,2.0,11.0,3.0,-3.0,-4.0,-6.0,-5.0,-5.0,-7.0,-5.0,-8.0,-17.0,15.0,-9.0,-2.0,-5.0,3.0,-13.0,-9.0,-4.0
0.0,-15.0,-3.0,10.0,7.0,2.0,1.0,-4.0,-8.0,4.0,3.0,5.0,-10.0,-10.0,-1.0,12.0,-8.0,5.0,-15.0,8.0,3.0,-14.0,0.0,1.0,-2.0,-13.0,-1.0,4.0,5.0,-10.0,-6.0,-5.0,-3.0,-11.0,-6.0,17.0,3.0,-5.0,-3.0,1.0,-4.0,-4.0,16.0,0.0,-13.0,-10.0,-2.0,7.0,8.0,-10.0,-3.0,-2.0,5.0,8.0,2.0,-3.0,10.0,1.0,4.0,-11.0,-6.0,-6.0,-1.0,-7.0,-11.0,-6.0,-9.0,4.0,-9.0,-6.0,18.0,-2.0,-6.0,-5.0,5.0
13.0,18.0,0.0,-7.0,-9.0,-1.0,-16.0,-10.0,4.0,1.0,4.0,-10.0,0.0,14.0,-2.0,-10.0,13.0,7.0,7.0,-5.0,-4.0,6.0,-1.0,8.0,2.0,3.0,-4.0,5.0,2.0,10.0,-6.0,0.0,-1.0,10.0,4.0,-10.0,-1.0,6.0,-4.0,-6.0,0.0,5.0,-4.0,6.0,3.0,2.0,2.0,-7.0,-4.0,4.0,-3.0,2.0,2.0,-4.0,11.0,10.0,-7.0,5.0,-1.0,10.0,3.0,6.0,-2.0,-1.0,4.0,8.0,5.0,-6.0,3.0,5.0,-8.0,3.0,6.0,5.0,-3.0
0.0,0.0,-2.0,-4.0,3.0,-6.0,-9.0,-3.0,6.0,9.0,12.0,-1.0,-2.0,6.0,11.0,-4.0,-7.0,7.0,-1.0,10.0,-1.0,-2.0,10.0,14.0,19.0,0.0,-9.0,3.0,5.0,5.0,-5.0,0.0,6.0,-5.0,2.0,-4.0,5.0,10.0,-2.0,2.0,8.0,3.0,9.0,6.0,1.0,-3.0,6.0,-2.0,7.0,-2.0,6.0,16.0,12.0,-2.0,3.0,1.0,5.0,9.0,2.0,2.0,-6.0,-4.0,7.0,2.0,2.0,6.0,-3.0,3.0,-6.0,8.0,-4.0,8.0,0.0,7.0,14.0
3.0,1.0,-15.0,7.0,-1.0,7.0,7.0,12.0,1.0,-7.0,0.0,1.0,-9.0,-7.0,1.0,9.0,-8.0,-5.0,-6.0,11.0,0.0,5.0,2.0,-2.0,-1.0,-11.0,3.0,-15.0,-3.0,3.0,12.0,0.0,1.0,-4.0,2.0,1.0,8.0,-12.0,-6.0,-1.0,0.0,-1.0,9.0,0.0,4.0,0.0,-2.0,11.0,4.0,-9.0,3.0,-7.0,4.0,-1.0,-3.0,4.0,-1.0,2.0,3.0,5.0,1.0,-7.0,-4.0,-1.0,2.0,4.0,2.0,9.0,-4.0,7.0,5.0,-2.0,7.0,-5.0,-7.0
-10.0,-2.0,-9.0,16.0,14.0,1.0,4.0,11.0,8.0,-1.0,-7.0,8.0,-6.0,1.0,3.0,5.0,2.0,-5.0,-2.0,-2.0,4.0,-4.0,-2.0,0.0,-3.0,-7.0,-4.0,1.0,-2.0,-4.0,9.0,-8.0,5.0,-2.0,-1.0,3.0,2.0,-11.0,4.0,7.0,5.0,-1.0,-2.0,3.0,2.0,-1.0,0.0,10.0,5.0,3.0,-7.0,-1.0,0.0,0.0,-4.0,-11.0,10.0,2.0,5.0,4.0,-9.0,-14.0,-9.0,-2.0,-9.0,-16.0,-1.0,1.0,-8.0,1.0,4.0,-1.0,-3.0,1.0,-4.0
-5.0,5.0,-4.0,6.0,0.0,5.0,2.0,-3.0,2.0,-10.0,4.0,1.0,-8.0,-7.0,-6.0,2.0,-12.0,1.0,-4.0,0.0,2.0,-4.0,-3.0,0.0,2.0,-6.0,2.0,1.0,7.0,6.0,13.0,-14.0,-6.0,-2.0,5.0,2.0,-2.0,0.0,-15.0,1.0,-7.0,3.0,4.0,0.0,-3.0,-8.0,-9.0,8.0,-1.0,-8.0,0.0,1.0,-9.0,6.0,-6.0,-6.0,3.0,-6.0,1.0,-9.0,-4.0,-2.0,4.0,-16.0,-9.0,-3.0,-2.0,11.0,-9.0,-3.0,2.0,-5.0,1.0,-1.0,9.0
-10.0,-9.0,-3.0,7.0,-3.0,10.0,4.0,6.0,-1.0,-3.0,-3.0,5.0,6.0,-7.0,-5.0,10.0,-3.0,1.0,-12.0,8.0,2.0,-11.0,7.0,-3.0,3.0,-2.0,4.0,-3.0,-9.0,-5.0,1.0,-7.0,5.0,3.0,-10.0,13.0,-2.0,-4.0,-1.0,-3.0,3.0,-1.0,4.0,-2.0,-13.0,-9.0,-2.0,2.0,2.0,-4.0,9.0,0.0,4.0,7.0,-5.0,-6.0,6.0,-4.0,-7.0,-14.0,-2.0,-4.0,5.0,-11.0,9.0,-3.0,-3.0,0.0,-4.0,6.0,1.0,7.0,-4.0,-7.0,8.0
-1.0,-3.0,-4.0,-6.0,3.0,-4.0,-2.0,0.0,6.0,9.0,10.0,-4.0,0.0,4.0,10.0,-6.0,4.0,10.0,8.0,5.0,5.0,-2.0,11.0,10.0,16.0,4.0,4.0,-8.0,9.0,7.0,-4.0,-1.0,9.0,0.0,3.0,-4.0,12.0,-5.0,2.0,-2.0,0.0,3.0,1.0,8.0,-5.0,5.0,-7.0,0.0,-1.0,-6.0,-5.0,10.0,13.0,2.0,-5.0,-1.0,-2.0,7.0,-4.0,-9.0,4.0,5.0,9.0,0.0,-3.0,8.0,-4.0,6.0,-7.0,9.0,-6.0,16.0,5.0,4.0,19.0
-13.0,-4.0,3.0,6.0,3.0,-5.0,4.0,12.0,8.0,3.0,5.0,5.0,-15.0,-1.0,-2.0,-1.0,-8.0,1.0,-10.0,-1.0,1.0,2.0,0.0,2.0,-2.0,-11.0,4.0,-5.0,-7.0,1.0,10.0,0.0,-15.0,-3.0,2.0,6.0,-3.0,0.0,-11.0,3.0,-1.0,4.0,5.0,2.0,-8.0,0.0,-2.0,-3.0,9.0,-2.0,5.0,-10.0,5.0,4.0,-7.0,-7.0,-1.0,2.0,-1.0,-2.0,-16.0,-11.0,0.0,9.0,-1.0,-4.0,-6.0,9.0,-9.0,-3.0,-2.0,-5.0,3.0,-4.0,4.0
-11.0,-9.0,1.0,2.0,-5.0,8.0,14.0,5.0,0.0,-6.0,0.0,7.0,0.0,-11.0,-3.0,-1.0,-3.0,-4.0,-9.0,-2.0,5.0,6.0,1.0,5.0,2.0,1.0,2.0,-14.0,1.0,-9.0,10.0,-8.0,-2.0,-15.0,-10.0,4.0,-2.0,2.0,-13.0,-3.0,-4.0,-3.0,1.0,2.0,0.0,-10.0,-2.0,11.0,15.0,-10.0,0.0,-3.0,0.0,7.0,-5.0,-11.0,4.0,2.0,2.0,-9.0,-9.0,9.0,-3.0,-1.0,9.0,-5.0,2.0,9.0,-6.0,1.0,5.0,-8.0,-7.0,-9.0,-3.0
-13.0,-4.0,-1.0,2.0,13.0,6.0,1.0,9.0,2.0,2.0,-9.0,1.0,2.0,-4.0,3.0,12.0,2.0,-9.0,-3.0,12.0,-7.0,-6.0,0.0,4.0,8.0,-3.0,6.0,-9.0,2.0,-3.0,-2.0,-7.0,1.0,3.0,2.0,2.0,-4.0,0.0,-6.0,3.0,-2.0,10.0,-1.0,0.0,-11.0,-10.0,5.0,1.0,15.0,-4.0,9.0,5.0,8.0,6.0,-8.0,-6.0,8.0,6.0,4.0,-16.0,-3.0,-3.0,8.0,-4.0,-5.0,2.0,1.0,7.0,-5.0,-1.0,7.0,3.0,1.0,-1.0,-1.0
-14.0,-10.0,3.0,5.0,0.0,14.0,0.0,4.0,-10.0,-2.0,6.0,13.0,4.0,7.0,-3.0,1.0,1.0,2.0,-6.0,5.0,6.0,-5.0,-3.0,1.0,-5.0,-1.0,13.0,-5.0,6.0,7.0,16.0,-11.0,-10.0,-4.0,-18.0,4.0,-3.0,-2.0,-7.0,6.0,5.0,-5.0,-2.0,2.0,-10.0,1.0,-8.0,5.0,14.0,-1.0,-1.0,-6.0,0.0,8.0,-17.0,-9.0,5.0,-3.0,2.0,-1.0,-2.0,-3.0,-4.0,-6.0,2.0,1.0,0.0,2.0,-1.0,-1.0,-5.0,-3.0,-9.0,-4.0,3.0
1.0,-4.0,1.0,7.0,-7.0,2.0,-6.0,-6.0,-7.0,-6.0,9.0,-7.0,5.0,11.0,-3.0,-6.0,-4.0,3.0,11.0,-4.0,-2.0,8.0,-5.0,7.0,-6.0,6.0,-2.0,0.0,-3.0,0.0,-5.0,3.0,-1.0,15.0,9.0,-8.0,8.0,13.0,5.0,-9.0,-2.0,-1.0,-6.0,-2.0,10.0,12.0,17.0,0.0,3.0,12.0,6.0,-5.0,-3.0,-1.0,15.0,4.0,-6.0,3.0,9.0,1.0,11.0,0.0,6.0,9.0,9.0,7.0,2.0,-3.0,0.0,2.0,0.0,4.0,16.0,6.0,0.0
0.0,1.0,-5.0,12.0,4.0,-6.0,-6.0,4.0,-8.0,-6.0,-9.0,10.0,-8.0,-4.0,0.0,-3.0,-2.0,0.0,-13.0,-7.0,-4.0,-6.0,-2.0,7.0,-8.0,-12.0,1.0,-10.0,6.0,-2.0,10.0,-10.0,-6.0,-15.0,-9.0,7.0,5.0,1.0,-15.0,2.0,2.0,5.0,7.0,4.0,-12.0,-3.0,5.0,6.0,0.0,-2.0,7.0,-2.0,9.0,9.0,-9.0,-9.0,3.0,-6.0,-4.0,-8.0,-9.0,-4.0,-7.0,-9.0,-6.0,-5.0,-1.0,0.0,0.0,-4.0,10.0,-3.0,-7.0,-7.0,-8.0
-3.0,-5.0,3.0,4.0,-8.0,8.0,0.0,1.0,7.0,8.0,6.0,6.0,-1.0,8.0,6.0,2.0,5.0,12.0,1.0,-5.0,3.0,7.0,8.0,11.0,10.0,4.0,-2.0,-3.0,7.0,10.0,0.0,-2.0,-3.0,2.0,7.0,0.0,11.0,4.0,1.0,2.0,18.0,11.0,-2.0,10.0,-2.0,-4.0,2.0,-3.0,3.0,8.0,-5.0,14.0,18.0,6.0,-2.0,-6.0,5.0,8.0,7.0,1.0,-3.0,6.0,9.0,-3.0,1.0,-1.0,-1.0,2.0,-4.0,11.0,8.0,17.0,-2.0,-10.0,13.0
5.0,4.0,12.0,-12.0,9.0,-3.0,-16.0,1.0,1.0,5.0,4.0,-14.0,9.0,3.0,0.0,-10.0,2.0,-8.0,0.0,-9.0,-1.0,-2.0,-7.0,7.0,-8.0,10.0,4.0,-7.0,-3.0,-7.0,2.0,8.0,9.0,2.0,7.0,1.0,-1.0,17.0,5.0,-1.0,6.0,2.0,-3.0,-2.0,11.0,-1.0,-1.0,-13.0,-2.0,4.0,-6.0,0.0,1.0,-14.0,-5.0,18.0,-8.0,-4.0,5.0,4.0,2.0,1.0,-6.0,-2.0,5.0,7.0,-5.0,0.0,10.0,8.0,-4.0,3.0,-2.0,7.0,-2.0
-5.0,-6.0,-6.0,8.0,2.0,1.0,1.0,-3.0,5.0,9.0,8.0,-5.0,5.0,5.0,13.0,-3.0,-9.0,8.0,-2.0,-3.0,-9.0,3.0,1.0,7.0,10.0,-6.0,3.0,6.0,17.0,8.0,4.0,3.0,4.0,-1.0,6.0,0.0,10.0,1.0,-6.0,0.0,10.0,4.0,5.0,8.0,8.0,2.0,-3.0,-7.0,-8.0,3.0,1.0,6.0,3.0,-4.0,3.0,-2.0,3.0,8.0,-2.0,-1.0,-5.0,7.0,16.0,-5.0,-8.0,3.0,-3.0,4.0,-3.0,17.0,3.0,14.0,2.0,-9.0,10.0
-8.0,2.0,-2.0,7.0,1.0,2.0,9.0,-4.0,7.0,3.0,-3.0,0.0,-4.0,-4.0,6.0,6.0,-16.0,-8.0,-12.0,2.0,5.0,0.0,-2.0,-3.0,1.0,0.0,3.0,2.0,4.0,2.0,9.0,5.0,-2.0,-5.0,-6.0,5.0,4.0,-13.0,-6.0,6.0,8.0,8.0,-1.0,-2.0,1.0,1.0,-1.0,7.0,11.0,-7.0,-10.0,-5.0,6.0,8.0,-13.0,-6.0,6.0,0.0,7.0,-3.0,1.0,-4.0,5.0,3.0,-7.0,1.0,-9.0,16.0,-7.0,-2.0,-2.0,2.0,2.0,-7.0,-3.0
-8.0,-16.0,-9.0,12.0,18.0,5.0,2.0,7.0,-9.0,2.0,-2.0,12.0,-20.0,-13.0,-4.0,5.0,-3.0,3.0,3.0,14.0,6.0,-12.0,8.0,-7.0,-9.0,1.0,10.0,4.0,8.0,3.0,5.0,-9.0,-9.0,0.0,-7.0,1.0,2.0,-1.0,-14.0,8.0,-2.0,-5.0,8.0,0.0,-16.0,-3.0,-1.0,9.0,8.0,-8.0,1.0,0.0,-3.0,8.0,-9.0,-5.0,5.0,7.0,-5.0,1.0,-1.0,-7.0,4.0,-4.0,-9.0,-1.0,-4.0,6.0,-7.0,-10.0,7.0,-9.0,-7.0,6.0,-1.0
-5.0,-6.0,4.0,-6.0,2.0,-7.0,-3.0,4.0,8.0,6.0,7.0,-6.0,1.0,-2.0,8.0,-4.0,9.0,12.0,4.0,1.0,2.0,7.0,18.0,13.0,10.0,7.0,4.0,6.0,13.0,13.0,-5.0,1.0,10.0,5.0,0.0,4.0,8.0,-8.0,-7.0,6.0,12.0,11.0,-6.0,13.0,7.0,-4.0,1.0,0.0,8.0,4.0,0.0,11.0,13.0,1.0,-4.0,5.0,-3.0,14.0,-7.0,-4.0,9.0,8.0,19.0,4.0,-3.0,-1.0,3.0,0.0,-8.0,13.0,-2.0,10.0,-3.0,-1.0,5.0
