n
75
c
-253.0 -247.0 -137.0 248.0 -128.0 -269.0 -94.0 -194.0 -104.0 237.0 -226.0 -178.0 -196.0 -109.0 -100.0 -252.0 231.0 277.0 -290.0 -225.0 251.0 -131.0 -103.0 258.0 -262.0 -135.0 270.0 -187.0 -141.0 286.0 -91.0 -269.0 -141.0 271.0 190.0 -239.0 -263.0 -218.0 252.0 229.0 273.0 -253.0 -168.0 -305.0 -147.0 272.0 199.0 -285.0 357.0 255.0 -148.0 -202.0 265.0 253.0 232.0 -138.0 -170.0 255.0 -139.0 -113.0 246.0 278.0 -276.0 280.0 -243.0 -103.0 -284.0 266.0 334.0 -281.0 -345.0 298.0 -109.0 -308.0 -77.0
Q
-8.0,-7.0,-3.0,11.0,4.0,-8.0,-8.0,-7.0,-9.0,15.0,-5.0,-8.0,-7.0,0.0,-6.0,-7.0,7.0,5.0,0.0,-8.0,-1.0,8.0,0.0,1.0,-8.0,-6.0,12.0,6.0,1.0,2.0,-3.0,-6.0,-7.0,15.0,11.0,3.0,-9.0,-13.0,12.0,10.0,10.0,-4.0,3.0,-4.0,0.0,4.0,2.0,-6.0,10.0,-2.0,0.0,-14.0,11.0,17.0,1.0,-2.0,3.0,13.0,0.0,7.0,6.0,-4.0,-2.0,3.0,-5.0,3.0,-8.0,7.0,1.0,-2.0,-8.0,13.0,-7.0,-5.0,-1.0
-7.0,6.0,-8.0,2.0,5.0,-8.0,1.0,-10.0,-1.0,0.0,0.0,-3.0,-16.0,-5.0,5.0,-4.0,9.0,8.0,3.0,-19.0,13.0,-2.0,-7.0,4.0,-2.0,-4.0,3.0,5.0,-4.0,2.0,4.0,-1.0,-3.0,8.0,10.0,-4.0,-14.0,-4.0,5.0,0.0,3.0,-9.0,3.0,-2.0,2.0,6.0,3.0,-13.0,13.0,8.0,-9.0,-13.0,0.0,4.0,5.0,8.0,6.0,7.0,-3.0,0.0,10.0,1.0,-11.0,9.0,-6.0,-1.0,-10.0,11.0,0.0,-1.0,3.0,6.0,-6.0,-6.0,-5.0
-3.0,-8.0,6.0,-6.0,11.0,-1.0,10.0,-1.0,12.0,1.0,2.0,9.0,7.0,11.0,13.0,3.0,-1.0,-1.0,-2.0,1.0,2.0,5.0,1.0,8.0,6.0,13.0,10.0,8.0,13.0,2.0,17.0,-3.0,6.0,-9.0,1.0,4.0,-5.0,4.0,10.0,0.0,-3.0,2.0,9.0,-3.0,3.0,-4.0,-3.0,9.0,0.0,4.0,7.0,6.0,-1.0,-2.0,5.0,16.0,16.0,-5.0,9.0,8.0,2.0,6.0,7.0,-2.0,6.0,12.0,-1.0,3.0,-1.0,4.0,1.0,4.0,8.0,-1.0,10.0
11.0,2.0,-6.0,5.0,-3.0,3.0,-3.0,10.0,-5.0,-3.0,1.0,3.0,5.0,-2.0,-2.0,13.0,0.0,-17.0,7.0,11.0,-13.0,1.0,-2.0,-2.0,6.0,-7.0,-2.0,1.0,5.0,-4.0,2.0,10.0,8.0,-6.0,-7.0,6.0,8.0,13.0,-10.0,-15.0,0.0,-3.0,1.0,13.0,0.0,-9.0,-8.0,12.0,-3.0,-12.0,-5.0,9.0,0.0,-5.0,-4.0,-7.0,-2.0,-10.0,2.0,4.0,5.0,-7.0,5.0,-7.0,1.0,7.0,13.0,5.0,-4.0,7.0,-2.0,-12.0,7.0,0.0,-4.0
4.0,5.0,11.0,-3.0,9.0,7.0,9.0,1.0,9.0,7.0,0.0,13.0,-1.0,2.0,11.0,0.0,-4.0,2.0,2.0,-5.0,2.0,8.0,7.0,2.0,-1.0,9.0,2.0,10.0,10.0,-2.0,6.0,9.0,15.0,4.0,0.0,3.0,-6.0,3.0,3.0,0.0,0.0,0.0,14.0,-2.0,14.0,-10.0,1.0,2.0,1.0,-4.0,14.0,-2.0,-6.0,3.0,-4.0,3.0,10.0,3.0,7.0,4.0,-3.0,6.0,-3.0,-8.0,-3.0,2.0,-1.0,-6.0,-7.0,2.0,5.0,1.0,6.0,9.0,2.0
-8.0,-8.0,-1.0,3.0,7.0,2.0,3.0,-4.0,2.0,13.0,1.0,3.0,-16.0,-1.0,-2.0,3.0,10.0,0.0,-1.0,-1.0,-4.0,6.0,4.0,4.0,-7.0,-6.0,4.0,1.0,-5.0,10.0,7.0,-7.0,-3.0,3.0,13.0,-2.0,-15.0,-9.0,3.0,13.0,1.0,-4.0,-1.0,-7.0,5.0,11.0,14.0,-6.0,14.0,-6.0,4.0,-2.0,4.0,4.0,8.0,2.0,4.0,3.0,1.0,4.0,1.0,13.0,-6.0,-4.0,-6.0,1.0,-3.0,-4.0,4.0,1.0,-2.0,4.0,-4.0,-10.0,0.0
-8.0,1.0,10.0,-3.0,9.0,3.0,15.0,2.0,5.0,-2.0,-7.0,10.0,-5.0,12.0,17.0,1.0,4.0,0.0,-8.0,-1.0,5.0,5.0,13.0,1.0,5.0,12.0,-8.0,12.0,8.0,-1.0,13.0,-1.0,9.0,-7.0,-3.0,-3.0,0.0,-1.0,-1.0,-1.0,-6.0,-4.0,10.0,3.0,17.0,8.0,8.0,-1.0,-2.0,-1.0,16.0,-1.0,-6.0,9.0,-7.0,13.0,14.0,-6.0,4.0,1.0,-5.0,3.0,1.0,-6.0,-2.0,6.0,-6.0,6.0,0.0,-6.0,4.0,-3.0,18.0,0.0,7.0
-7.0,-10.0,-1.0,10.0,1.0,-4.0,2.0,-11.0,7.0,-8.0,-12.0,3.0,-13.0,0.0,-5.0,-11.0,1.0,7.0,4.0,-8.0,3.0,-3.0,-4.0,13.0,-7.0,-1.0,3.0,-1.0,5.0,2.0,5.0,-9.0,2.0,-4.0,15.0,-10.0,1.0,-8.0,12.0,8.0,3.0,-3.0,-4.0,0.0,8.0,1.0,-3.0,-4.0,6.0,10.0,2.0,-2.0,0.0,-4.0,11.0,-1.0,2.0,4.0,5.0,6.0,8.0,-7.0,-10.0,3.0,-6.0,-3.0,-9.0,9.0,4.0,-7.0,-8.0,13.0,-1.0,-16.0,-3.0
-9.0,-1.0,12.0,-5.0,9.0,2.0,5.0,7.0,6.0,-7.0,4.0,12.0,4.0,14.0,15.0,5.0,-3.0,5.0,-3.0,-6.0,-4.0,10.0,20.0,4.0,0.0,17.0,-1.0,13.0,10.0,-1.0,1.0,-7.0,7.0,5.0,9.0,1.0,1.0,0.0,-4.0,-4.0,0.0,-5.0,13.0,4.0,1.0,9.0,-1.0,-7.0,4.0,0.0,2.0,4.0,-1.0,10.0,-1.0,19.0,5.0,-1.0,9.0,10.0,-5.0,-6.0,1.0,-5.0,-4.0,2.0,4.0,5.0,-5.0,-3.0,-4.0,-6.0,3.0,6.0,11.0
15.0,0.0,1.0,-3.0,7.0,13.0,-2.0,-8.0,-7.0,2.0,3.0,4.0,3.0,0.0,0.0,7.0,-15.0,-9.0,3.0,10.0,-9.0,-2.0,2.0,-9.0,9.0,-4.0,-1.0,0.0,7.0,-3.0,5.0,-1.0,-1.0,-14.0,-8.0,-4.0,0.0,3.0,3.0,-10.0,-6.0,10.0,-7.0,5.0,-1.0,-3.0,-6.0,15.0,-10.0,-7.0,2.0,1.0,-1.0,-6.0,-9.0,-6.0,4.0,-4.0,3.0,0.0,0.0,-8.0,-2.0,-10.0,14.0,4.0,14.0,-10.0,4.0,1.0,0.0,-9.0,-2.0,0.0,5.0
-5.0,0.0,2.0,1.0,0.0,1.0,-7.0,-12.0,4.0,3.0,-7.0,3.0,-4.0,1.0,1.0,-8.0,0.0,2.0,5.0,-10.0,4.0,-6.0,-9.0,4.0,7.0,0.0,9.0,4.0,9.0,6.0,1.0,1.0,-2.0,6.0,-1.0,-7.0,-5.0,-15.0,1.0,10.0,8.0,-16.0,-4.0,-7.0,10.0,-4.0,10.0,-3.0,1.0,6.0,-7.0,-1.0,5.0,1.0,3.0,-7.0,6.0,3.0,-4.0,-7.0,8.0,4.0,-9.0,-2.0,-7.0,-4.0,-7.0,7.0,1.0,2.0,-14.0,8.0,-7.0,3.0,1.0
-8.0,-3.0,9.0,3.0,13.0,3.0,10.0,3.0,12.0,4.0,3.0,9.0,-1.0,19.0,13.0,8.0,7.0,-1.0,-1.0,-2.0,2.0,17.0,9.0,0.0,-3.0,4.0,6.0,13.0,16.0,-1.0,11.0,5.0,13.0,0.0,-6.0,2.0,-4.0,4.0,4.0,-2.0,-1.0,5.0,14.0,-2.0,15.0,1.0,-2.0,2.0,4.0,-3.0,20.0,-1.0,2.0,8.0,0.0,9.0,12.0,-4.0,16.0,10.0,-1.0,2.0,2.0,3.0,-1.0,8.0,2.0,5.0,1.0,-2.0,2.0,7.0,14.0,-1.0,11.0
-7.0,-16.0,7.0,5.0,-1.0,-16.0,-5.0,-13.0,4.0,3.0,-4.0,-1.0,-11.0,0.0,-8.0,-7.0,-4.0,-2.0,-4.0,-3.0,3.0,-5.0,-8.0,3.0,-2.0,-4.0,4.0,8.0,0.0,1.0,-9.0,-17.0,7.0,12.0,4.0,-10.0,-7.0,-10.0,4.0,7.0,10.0,-7.0,4.0,-9.0,-8.0,8.0,15.0,-13.0,3.0,19.0,4.0,-7.0,8.0,11.0,4.0,-7.0,4.0,0.0,3.0,6.0,4.0,3.0,-8.0,6.0,-8.0,-2.0,0.0,14.0,-1.0,-6.0,1.0,5.0,-7.0,-4.0,-3.0
0.0,-5.0,11.0,-2.0,2.0,-1.0,12.0,0.0,14.0,0.0,1.0,19.0,0.0,16.0,12.0,-5.0,-7.0,-10.0,-2.0,6.0,1.0,5.0,12.0,2.0,0.0,10.0,2.0,8.0,14.0,1.0,5.0,-6.0,5.0,7.0,6.0,0.0,1.0,-5.0,2.0,4.0,-3.0,0.0,12.0,-6.0,13.0,0.0,3.0,-4.0,2.0,0.0,16.0,-4.0,-1.0,9.0,2.0,3.0,12.0,2.0,16.0,14.0,4.0,2.0,1.0,1.0,0.0,8.0,8.0,1.0,-7.0,3.0,-7.0,-5.0,10.0,7.0,6.0
-6.0,5.0,13.0,-2.0,11.0,-2.0,17.0,-5.0,15.0,0.0,1.0,13.0,-8.0,12.0,3.0,-2.0,1.0,9.0,0.0,0.0,-8.0,12.0,10.0,-5.0,4.0,9.0,-8.0,3.0,15.0,0.0,9.0,0.0,5.0,4.0,0.0,-3.0,-5.0,7.0,3.0,0.0,-1.0,-7.0,11.0,-3.0,11.0,4.0,7.0,1.0,-1.0,4.0,10.0,-2.0,-3.0,7.0,3.0,11.0,11.0,3.0,15.0,7.0,1.0,6.0,4.0,0.0,0.0,6.0,1.0,-5.0,-8.0,-3.0,-2.0,0.0,17.0,3.0,8.0
-7.0,-4.0,3.0,13.0,0.0,3.0,1.0,-11.0,5.0,7.0,-8.0,8.0,-7.0,-5.0,-2.0,-10.0,2.0,2.0,-10.0,-15.0,-4.0,6.0,-1.0,3.0,-4.0,0.0,7.0,0.0,-10.0,0.0,-1.0,2.0,6.0,0.0,4.0,-2.0,-6.0,-6.0,-5.0,9.0,4.0,-5.0,5.0,-3.0,-3.0,-2.0,8.0,-9.0,12.0,7.0,1.0,-12.0,1.0,8.0,4.0,-1.0,9.0,8.0,-4.0,-1.0,2.0,8.0,-12.0,3.0,-5.0,-3.0,-3.0,12.0,6.0,-7.0,5.0,-1.0,1.0,-7.0,-5.0
7.0,9.0,-1.0,0.0,-4.0,10.0,4.0,1.0,-3.0,-15.0,0.0,7.0,-4.0,-7.0,1.0,2.0,1.0,-17.0,2.0,13.0,-1.0,-1.0,9.0,-8.0,6.0,4.0,-4.0,7.0,-4.0,3.0,-1.0,7.0,-2.0,0.0,4.0,10.0,9.0,9.0,-15.0,-6.0,-3.0,0.0,-3.0,7.0,5.0,-5.0,-6.0,9.0,3.0,-2.0,3.0,6.0,-18.0,-15.0,-13.0,-2.0,-2.0,-4.0,3.0,1.0,2.0,-10.0,-2.0,-13.0,11.0,5.0,14.0,-8.0,-14.0,6.0,6.0,-3.0,4.0,8.0,4.0
5.0,8.0,-1.0,-17.0,2.0,0.0,0.0,7.0,5.0,-9.0,2.0,-1.0,-2.0,-10.0,9.0,2.0,-17.0,-12.0,3.0,8.0,-2.0,7.0,-4.0,2.0,2.0,7.0,-5.0,-1.0,-3.0,-11.0,1.0,8.0,2.0,-7.0,-3.0,13.0,5.0,2.0,-3.0,-12.0,-9.0,7.0,6.0,-8.0,-7.0,3.0,-11.0,1.0,-16.0,-11.0,-5.0,5.0,-7.0,0.0,-2.0,3.0,3.0,-4.0,3.0,0.0,-6.0,-15.0,-3.0,-7.0,-1.0,-3.0,15.0,-7.0,-1.0,15.0,12.0,-9.0,2.0,2.0,8.0
0.0,3.0,-2.0,7.0,2.0,-1.0,-8.0,4.0,-3.0,3.0,5.0,-1.0,-4.0,-2.0,0.0,-10.0,2.0,3.0,-19.0,-15.0,4.0,7.0,-9.0,5.0,-3.0,7.0,2.0,3.0,5.0,-2.0,4.0,4.0,10.0,2.0,17.0,-10.0,2.0,2.0,10.0,8.0,9.0,-1.0,-6.0,-10.0,7.0,-2.0,8.0,-12.0,1.0,5.0,7.0,-4.0,12.0,16.0,13.0,1.0,1.0,2.0,-1.0,-6.0,9.0,2.0,-5.0,11.0,-9.0,4.0,0.0,0.0,-10.0,-5.0,0.0,1.0,0.0,-1.0,8.0
-8.0,-19.0,1.0,11.0,-5.0,-1.0,-1.0,-8.0,-6.0,10.0,-10.0,-2.0,-3.0,6.0,0.0,-15.0,13.0,8.0,-15.0,-2.0,6.0,-2.0,-7.0,-4.0,-11.0,-1.0,9.0,-2.0,3.0,8.0,-3.0,-18.0,1.0,0.0,-4.0,1.0,-7.0,-3.0,13.0,8.0,-2.0,-4.0,6.0,-5.0,-1.0,7.0,2.0,-7.0,4.0,2.0,1.0,-8.0,6.0,-4.0,-1.0,-8.0,6.0,10.0,-1.0,8.0,2.0,0.0,-5.0,-2.0,-13.0,2.0,-8.0,4.0,7.0,-2.0,-1.0,5.0,-9.0,-3.0,1.0
-1.0,13.0,2.0,-13.0,2.0,-4.0,5.0,3.0,-4.0,-9.0,4.0,2.0,3.0,1.0,-8.0,-4.0,-1.0,-2.0,4.0,6.0,7.0,0.0,-1.0,-11.0,7.0,0.0,-8.0,3.0,-8.0,0.0,-5.0,2.0,0.0,-5.0,-4.0,6.0,0.0,8.0,-5.0,-8.0,-9.0,4.0,8.0,8.0,-9.0,-14.0,-16.0,4.0,2.0,-6.0,0.0,12.0,-1.0,-6.0,4.0,-10.0,-7.0,-3.0,5.0,-5.0,-11.0,-7.0,3.0,-2.0,9.0,-9.0,10.0,-8.0,-3.0,20.0,9.0,-3.0,1.0,8.0,-1.0
8.0,-2.0,5.0,1.0,8.0,6.0,5.0,-3.0,10.0,-2.0,-6.0,17.0,-5.0,5.0,12.0,6.0,-1.0,7.0,7.0,-2.0,0.0,7.0,7.0,2.0,-5.0,5.0,-3.0,9.0,12.0,-5.0,18.0,1.0,17.0,-8.0,-1.0,-3.0,2.0,-3.0,1.0,0.0,3.0,0.0,10.0,-4.0,9.0,0.0,-3.0,4.0,4.0,6.0,11.0,-8.0,1.0,7.0,-3.0,12.0,5.0,0.0,11.0,15.0,-6.0,-5.0,-5.0,4.0,0.0,3.0,-5.0,8.0,4.0,7.0,3.0,-2.0,17.0,5.0,9.0
0.0,-7.0,1.0,-2.0,7.0,4.0,13.0,-4.0,20.0,2.0,-9.0,9.0,-8.0,12.0,10.0,-1.0,9.0,-4.0,-9.0,-7.0,-1.0,7.0,13.0,-8.0,5.0,20.0,4.0,10.0,7.0,3.0,8.0,3.0,17.0,-2.0,-8.0,0.0,4.0,-5.0,-6.0,2.0,2.0,8.0,3.0,-1.0,5.0,3.0,-2.0,2.0,3.0,-6.0,17.0,-3.0,2.0,3.0,-9.0,7.0,14.0,2.0,7.0,7.0,-6.0,-4.0,0.0,-3.0,-4.0,12.0,4.0,-2.0,7.0,6.0,6.0,-4.0,7.0,-8.0,8.0
1.0,4.0,8.0,-2.0,2.0,4.0,1.0,13.0,4.0,-9.0,4.0,0.0,3.0,2.0,-5.0,3.0,-8.0,2.0,5.0,-4.0,-11.0,2.0,-8.0,-9.0,1.0,-7.0,2.0,2.0,2.0,-8.0,9.0,7.0,-4.0,-8.0,-1.0,12.0,7.0,6.0,-7.0,-13.0,-1.0,5.0,2.0,5.0,2.0,-3.0,-15.0,13.0,-6.0,-8.0,-1.0,4.0,-10.0,-2.0,4.0,-2.0,6.0,-2.0,2.0,0.0,-9.0,-17.0,1.0,-7.0,0.0,-2.0,2.0,1.0,-1.0,6.0,9.0,3.0,0.0,6.0,-3.0
-8.0,-2.0,6.0,6.0,-1.0,-7.0,5.0,-7.0,0.0,9.0,7.0,-3.0,-2.0,0.0,4.0,-4.0,6.0,2.0,-3.0,-11.0,7.0,-5.0,5.0,1.0,1.0,8.0,13.0,4.0,-6.0,2.0,-3.0,-14.0,-7.0,8.0,6.0,-1.0,8.0,-12.0,1.0,10.0,7.0,2.0,-9.0,1.0,0.0,13.0,9.0,-14.0,-8.0,1.0,4.0,3.0,7.0,3.0,-1.0,2.0,6.0,-4.0,3.0,-9.0,13.0,4.0,-6.0,10.0,-13.0,7.0,-6.0,8.0,2.0,-16.0,0.0,3.0,-5.0,-9.0,5.0
-6.0,-4.0,13.0,-7.0,9.0,-6.0,12.0,-1.0,17.0,-4.0,0.0,4.0,-4.0,10.0,9.0,0.0,4.0,7.0,7.0,-1.0,0.0,5.0,20.0,-7.0,8.0,7.0,2.0,13.0,9.0,6.0,16.0,5.0,5.0,1.0,-2.0,3.0,-5.0,1.0,1.0,-6.0,-1.0,0.0,15.0,6.0,0.0,0.0,0.0,0.0,3.0,1.0,13.0,1.0,5.0,8.0,-1.0,13.0,9.0,-5.0,10.0,8.0,-2.0,8.0,-3.0,0.0,-4.0,9.0,9.0,2.0,2.0,0.0,-2.0,-4.0,11.0,-6.0,10.0
12.0,3.0,10.0,-2.0,2.0,4.0,-8.0,3.0,-1.0,-1.0,9.0,6.0,4.0,2.0,-8.0,7.0,-4.0,-5.0,2.0,9.0,-8.0,-3.0,4.0,2.0,13.0,2.0,4.0,-7.0,-5.0,-9.0,-1.0,2.0,-6.0,1.0,0.0,0.0,10.0,-1.0,0.0,-16.0,-6.0,-1.0,-1.0,2.0,4.0,-4.0,-16.0,12.0,-7.0,-5.0,2.0,13.0,2.0,0.0,-6.0,-2.0,1.0,-2.0,3.0,8.0,5.0,-16.0,7.0,3.0,5.0,1.0,-4.0,-18.0,-2.0,5.0,7.0,-9.0,-8.0,2.0,-6.0
6.0,5.0,8.0,1.0,10.0,1.0,12.0,-1.0,13.0,0.0,4.0,13.0,8.0,8.0,3.0,0.0,7.0,-1.0,3.0,-2.0,3.0,9.0,10.0,2.0,4.0,13.0,-7.0,9.0,5.0,6.0,8.0,-1.0,11.0,-1.0,-7.0,2.0,6.0,3.0,-7.0,-3.0,2.0,5.0,18.0,3.0,6.0,-1.0,-8.0,-1.0,0.0,0.0,10.0,4.0,-4.0,-5.0,0.0,16.0,16.0,4.0,15.0,18.0,-1.0,-2.0,6.0,4.0,-3.0,10.0,2.0,0.0,8.0,1.0,1.0,-10.0,10.0,-6.0,11.0
1.0,-4.0,13.0,5.0,10.0,-5.0,8.0,5.0,10.0,7.0,9.0,16.0,0.0,14.0,15.0,-10.0,-4.0,-3.0,5.0,3.0,-8.0,12.0,7.0,2.0,-6.0,9.0,-5.0,5.0,6.0,2.0,8.0,3.0,11.0,-4.0,6.0,7.0,-2.0,-1.0,2.0,3.0,2.0,-5.0,13.0,-5.0,15.0,-5.0,2.0,2.0,-1.0,6.0,7.0,1.0,1.0,-1.0,-7.0,15.0,8.0,-7.0,18.0,6.0,-6.0,0.0,0.0,-9.0,7.0,16.0,1.0,-4.0,-1.0,2.0,2.0,-7.0,15.0,-1.0,8.0
2.0,2.0,2.0,-4.0,-2.0,10.0,-1.0,2.0,-1.0,-3.0,6.0,-1.0,1.0,1.0,0.0,0.0,3.0,-11.0,-2.0,8.0,0.0,-5.0,3.0,-8.0,2.0,6.0,-9.0,6.0,2.0,2.0,3.0,8.0,2.0,0.0,-7.0,11.0,4.0,2.0,-15.0,-16.0,-3.0,2.0,9.0,1.0,0.0,-8.0,-1.0,1.0,8.0,-8.0,3.0,3.0,2.0,-8.0,-14.0,7.0,-4.0,0.0,-2.0,-10.0,-2.0,-13.0,17.0,-7.0,12.0,4.0,5.0,-8.0,1.0,5.0,3.0,-8.0,0.0,4.0,1.0
-3.0,4.0,17.0,2.0,6.0,7.0,13.0,5.0,1.0,5.0,1.0,11.0,-9.0,5.0,9.0,-1.0,-1.0,1.0,4.0,-3.0,-5.0,18.0,8.0,9.0,-3.0,16.0,-1.0,8.0,8.0,3.0,8.0,3.0,3.0,-2.0,-6.0,10.0,-4.0,7.0,0.0,-2.0,-3.0,3.0,15.0,-8.0,10.0,-1.0,1.0,-5.0,1.0,-1.0,8.0,-2.0,4.0,2.0,-1.0,14.0,0.0,-3.0,4.0,10.0,-2.0,-2.0,2.0,3.0,-4.0,8.0,2.0,-5.0,0.0,-6.0,-6.0,-5.0,1.0,-1.0,6.0
-6.0,-1.0,-3.0,10.0,9.0,-7.0,-1.0,-9.0,-7.0,-1.0,1.0,5.0,-17.0,-6.0,0.0,2.0,7.0,8.0,4.0,-18.0,2.0,1.0,3.0,7.0,-14.0,5.0,2.0,-1.0,3.0,8.0,3.0,-2.0,3.0,1.0,11.0,-18.0,-13.0,-14.0,2.0,9.0,12.0,-4.0,0.0,-5.0,10.0,1.0,8.0,-4.0,0.0,6.0,4.0,-7.0,3.0,9.0,8.0,-8.0,3.0,1.0,-6.0,1.0,-1.0,-2.0,-10.0,-1.0,-6.0,-3.0,2.0,-2.0,1.0,3.0,-2.0,9.0,1.0,-10.0,-1.0
-7.0,-3.0,6.0,8.0,15.0,-3.0,9.0,2.0,7.0,-1.0,-2.0,13.0,7.0,5.0,5.0,6.0,-2.0,2.0,10.0,1.0,0.0,17.0,17.0,-4.0,-7.0,5.0,-6.0,11.0,11.0,2.0,3.0,3.0,18.0,-3.0,4.0,-1.0,-4.0,2.0,-7.0,-1.0,8.0,8.0,11.0,0.0,13.0,-4.0,-1.0,-2.0,4.0,3.0,12.0,-1.0,-2.0,2.0,8.0,18.0,6.0,6.0,20.0,14.0,0.0,4.0,2.0,0.0,0.0,18.0,-7.0,-6.0,-3.0,-1.0,1.0,1.0,9.0,-8.0,16.0
15.0,8.0,-9.0,-6.0,4.0,3.0,-7.0,-4.0,5.0,-14.0,6.0,0.0,12.0,7.0,4.0,0.0,0.0,-7.0,2.0,0.0,-5.0,-8.0,-2.0,-8.0,8.0,1.0,1.0,-1.0,-4.0,0.0,-2.0,1.0,-3.0,-6.0,-1.0,7.0,9.0,12.0,-9.0,8.0,-3.0,2.0,9.0,7.0,7.0,0.0,-8.0,15.0,-8.0,-7.0,3.0,4.0,0.0,0.0,-6.0,7.0,0.0,-14.0,-3.0,-7.0,0.0,-6.0,8.0,-11.0,10.0,-2.0,-8.0,-9.0,2.0,-1.0,0.0,-8.0,0.0,10.0,-1.0
11.0,10.0,1.0,-7.0,0.0,13.0,-3.0,15.0,9.0,-8.0,-1.0,-6.0,4.0,6.0,0.0,4.0,4.0,-3.0,17.0,-4.0,-4.0,-1.0,-8.0,-1.0,6.0,-2.0,0.0,-7.0,6.0,-7.0,-6.0,11.0,4.0,-1.0,-6.0,6.0,12.0,-2.0,-6.0,-7.0,-13.0,1.0,5.0,4.0,2.0,3.0,-13.0,10.0,-8.0,1.0,10.0,5.0,-8.0,-4.0,-8.0,-5.0,3.0,-6.0,5.0,1.0,3.0,0.0,10.0,-4.0,4.0,-1.0,-2.0,-14.0,-6.0,4.0,6.0,-1.0,1.0,2.0,2.0
3.0,-4.0,4.0,6.0,3.0,-2.0,-3.0,-10.0,1.0,-4.0,-7.0,2.0,-10.0,0.0,-3.0,-2.0,10.0,13.0,-10.0,1.0,6.0,-3.0,0.0,12.0,-1.0,3.0,0.0,2.0,7.0,11.0,10.0,-18.0,-1.0,7.0,6.0,-8.0,-15.0,-7.0,9.0,3.0,12.0,-14.0,1.0,-8.0,1.0,4.0,13.0,-2.0,7.0,15.0,0.0,-12.0,11.0,8.0,9.0,2.0,-7.0,13.0,-3.0,1.0,-2.0,3.0,-6.0,1.0,0.0,-7.0,-1.0,6.0,6.0,-4.0,-14.0,6.0,3.0,-17.0,-5.0
-9.0,-14.0,-5.0,8.0,-6.0,-15.0,0.0,1.0,1.0,0.0,-5.0,-4.0,-7.0,1.0,-5.0,-6.0,9.0,5.0,2.0,-7.0,0.0,2.0,4.0,7.0,8.0,-5.0,10.0,6.0,-2.0,4.0,-4.0,-13.0,-4.0,9.0,12.0,-15.0,-7.0,-5.0,-1.0,12.0,-2.0,-7.0,6.0,-8.0,1.0,2.0,7.0,-5.0,-6.0,7.0,2.0,-1.0,16.0,2.0,11.0,2.0,-5.0,-6.0,-2.0,6.0,13.0,2.0,2.0,6.0,7.0,7.0,0.0,9.0,0.0,-4.0,1.0,-3.0,3.0,2.0,-3.0
-13.0,-4.0,4.0,13.0,3.0,-9.0,-1.0,-8.0,0.0,3.0,-15.0,4.0,-10.0,-5.0,7.0,-6.0,9.0,2.0,2.0,-3.0,8.0,-3.0,-5.0,6.0,-12.0,1.0,-1.0,3.0,-1.0,2.0,7.0,-14.0,2.0,12.0,-2.0,-7.0,-5.0,6.0,5.0,7.0,2.0,0.0,5.0,-11.0,-5.0,8.0,6.0,-8.0,-5.0,16.0,-6.0,-2.0,16.0,-2.0,3.0,-1.0,-8.0,4.0,2.0,-8.0,9.0,9.0,-13.0,2.0,0.0,-6.0,-11.0,6.0,8.0,-8.0,-3.0,16.0,-7.0,1.0,3.0
12.0,5.0,10.0,-10.0,3.0,3.0,-1.0,12.0,-4.0,3.0,1.0,4.0,4.0,2.0,3.0,-5.0,-15.0,-3.0,10.0,13.0,-5.0,1.0,-6.0,-7.0,1.0,1.0,0.0,-7.0,2.0,-15.0,0.0,2.0,-7.0,-9.0,-6.0,9.0,-1.0,5.0,-6.0,-8.0,-1.0,6.0,-1.0,5.0,-1.0,-9.0,4.0,4.0,-10.0,-11.0,2.0,9.0,-6.0,0.0,-3.0,6.0,1.0,3.0,6.0,2.0,-1.0,-3.0,10.0,-4.0,0.0,-2.0,0.0,-1.0,-11.0,5.0,7.0,-13.0,0.0,11.0,-1.0
10.0,0.0,0.0,-15.0,0.0,13.0,-1.0,8.0,-4.0,-10.0,10.0,-2.0,7.0,4.0,0.0,9.0,-6.0,-12.0,8.0,8.0,-8.0,0.0,2.0,-13.0,10.0,-6.0,-16.0,-3.0,3.0,-16.0,-2.0,9.0,-1.0,8.0,-7.0,3.0,12.0,7.0,-8.0,-11.0,5.0,6.0,-6.0,12.0,-2.0,-15.0,0.0,-3.0,-16.0,-4.0,1.0,4.0,-1.0,-12.0,5.0,4.0,-4.0,-8.0,9.0,-5.0,-3.0,0.0,-1.0,-14.0,2.0,-1.0,9.0,-3.0,-9.0,5.0,-1.0,4.0,8.0,7.0,8.0
10.0,3.0,-3.0,0.0,0.0,1.0,-6.0,3.0,0.0,-6.0,8.0,-1.0,10.0,-3.0,-1.0,4.0,-3.0,-9.0,9.0,-2.0,-9.0,3.0,2.0,-1.0,7.0,-1.0,-6.0,2.0,2.0,-3.0,-3.0,12.0,8.0,-3.0,-13.0,12.0,-2.0,2.0,-1.0,5.0,-13.0,-2.0,5.0,-5.0,8.0,2.0,-7.0,6.0,-7.0,-11.0,0.0,3.0,-3.0,-11.0,-5.0,3.0,3.0,-2.0,3.0,-1.0,1.0,-1.0,-3.0,-5.0,1.0,1.0,5.0,-15.0,-7.0,3.0,3.0,0.0,0.0,4.0,4.0
-4.0,-9.0,2.0,-3.0,0.0,-4.0,-4.0,-3.0,-5.0,10.0,-16.0,5.0,-7.0,0.0,-7.0,-5.0,0.0,7.0,-1.0,-4.0,4.0,0.0,8.0,5.0,2.0,0.0,-1.0,5.0,-5.0,2.0,3.0,-4.0,8.0,2.0,1.0,-14.0,-7.0,0.0,6.0,6.0,-2.0,-5.0,-3.0,-7.0,-4.0,6.0,7.0,1.0,-4.0,-1.0,8.0,1.0,11.0,5.0,14.0,3.0,5.0,-8.0,3.0,5.0,4.0,0.0,-9.0,8.0,-12.0,1.0,-12.0,2.0,7.0,5.0,-7.0,-8.0,1.0,0.0,-1.0
3.0,3.0,9.0,1.0,14.0,-1.0,10.0,-4.0,13.0,-7.0,-4.0,14.0,4.0,12.0,11.0,5.0,-3.0,6.0,-6.0,6.0,8.0,10.0,3.0,2.0,-9.0,15.0,-1.0,18.0,13.0,9.0,15.0,0.0,11.0,9.0,5.0,1.0,6.0,5.0,-1.0,-6.0,5.0,-3.0,11.0,7.0,7.0,0.0,0.0,0.0,2.0,7.0,17.0,6.0,-3.0,5.0,3.0,5.0,13.0,1.0,10.0,12.0,3.0,-1.0,1.0,0.0,-5.0,13.0,0.0,1.0,-2.0,-1.0,10.0,0.0,8.0,2.0,15.0
-4.0,-2.0,-3.0,13.0,-2.0,-7.0,3.0,0.0,4.0,5.0,-7.0,-2.0,-9.0,-6.0,-3.0,-3.0,7.0,-8.0,-10.0,-5.0,8.0,-4.0,-1.0,5.0,1.0,6.0,2.0,3.0,-5.0,1.0,-8.0,-5.0,0.0,7.0,4.0,-8.0,-8.0,-11.0,5.0,12.0,-5.0,-7.0,7.0,7.0,2.0,10.0,3.0,-1.0,-3.0,2.0,0.0,5.0,10.0,9.0,7.0,-4.0,2.0,10.0,-4.0,3.0,-1.0,13.0,-6.0,2.0,1.0,4.0,7.0,17.0,-7.0,2.0,7.0,-6.0,0.0,0.0,-4.0
0.0,2.0,3.0,0.0,14.0,5.0,17.0,8.0,1.0,-1.0,10.0,15.0,-8.0,13.0,11.0,-3.0,5.0,-7.0,7.0,-1.0,-9.0,9.0,5.0,2.0,0.0,0.0,4.0,6.0,15.0,0.0,10.0,10.0,13.0,7.0,2.0,1.0,1.0,-5.0,-1.0,-2.0,8.0,-4.0,7.0,2.0,4.0,-3.0,8.0,3.0,5.0,-5.0,12.0,-7.0,-4.0,1.0,4.0,13.0,11.0,5.0,4.0,5.0,7.0,1.0,2.0,5.0,2.0,20.0,-3.0,1.0,-9.0,-6.0,3.0,-1.0,9.0,1.0,9.0
4.0,6.0,-4.0,-9.0,-10.0,11.0,8.0,1.0,9.0,-3.0,-4.0,1.0,8.0,0.0,4.0,-2.0,-5.0,3.0,-2.0,7.0,-14.0,0.0,3.0,-3.0,13.0,0.0,-4.0,-1.0,-5.0,-8.0,-1.0,1.0,-4.0,0.0,3.0,4.0,2.0,8.0,-9.0,-15.0,2.0,6.0,0.0,10.0,-3.0,-14.0,0.0,13.0,1.0,-9.0,2.0,0.0,-15.0,1.0,-4.0,0.0,1.0,-1.0,-10.0,2.0,0.0,-7.0,18.0,-5.0,2.0,4.0,13.0,-8.0,-7.0,-2.0,6.0,0.0,6.0,12.0,2.0
2.0,3.0,-3.0,-8.0,1.0,14.0,8.0,-3.0,-1.0,-6.0,10.0,-2.0,15.0,3.0,7.0,8.0,-6.0,-11.0,8.0,2.0,-16.0,-3.0,-2.0,-15.0,9.0,0.0,-16.0,-8.0,2.0,-1.0,1.0,8.0,-1.0,-8.0,-13.0,13.0,7.0,6.0,4.0,0.0,-7.0,7.0,0.0,3.0,8.0,0.0,-5.0,9.0,0.0,-11.0,5.0,15.0,-6.0,-7.0,-12.0,-6.0,5.0,-5.0,-4.0,9.0,-8.0,2.0,8.0,-8.0,9.0,-5.0,14.0,-7.0,-7.0,4.0,-3.0,-4.0,1.0,14.0,-2.0
-6.0,-13.0,9.0,12.0,2.0,-6.0,-1.0,-4.0,-7.0,15.0,-3.0,2.0,-13.0,-4.0,1.0,-9.0,9.0,1.0,-12.0,-7.0,4.0,4.0,2.0,13.0,-14.0,0.0,12.0,-1.0,2.0,1.0,-5.0,-4.0,-2.0,15.0,10.0,-2.0,-5.0,-8.0,4.0,-3.0,6.0,1.0,0.0,-1.0,3.0,13.0,9.0,2.0,-5.0,-3.0,0.0,-9.0,2.0,4.0,4.0,1.0,-3.0,10.0,1.0,3.0,4.0,6.0,5.0,16.0,-11.0,-1.0,-4.0,4.0,3.0,-1.0,-2.0,-3.0,6.0,2.0,-2.0
10.0,13.0,0.0,-3.0,1.0,14.0,-2.0,6.0,4.0,-10.0,1.0,4.0,3.0,2.0,-1.0,12.0,3.0,-16.0,1.0,4.0,2.0,4.0,3.0,-6.0,-8.0,3.0,-7.0,0.0,-1.0,8.0,1.0,0.0,4.0,-8.0,-8.0,7.0,-6.0,-5.0,-10.0,-16.0,-7.0,-4.0,2.0,-3.0,5.0,1.0,0.0,-5.0,-13.0,-3.0,7.0,-3.0,-8.0,-3.0,-13.0,-3.0,3.0,-7.0,0.0,1.0,-15.0,-10.0,8.0,-8.0,-6.0,0.0,8.0,-14.0,-5.0,5.0,4.0,-9.0,0.0,13.0,-3.0
-2.0,8.0,4.0,-12.0,-4.0,-6.0,-1.0,10.0,0.0,-7.0,6.0,-3.0,19.0,0.0,4.0,7.0,-2.0,-11.0,5.0,2.0,-6.0,6.0,-6.0,-8.0,1.0,1.0,-5.0,0.0,6.0,-8.0,-1.0,6.0,3.0,-7.0,1.0,15.0,7.0,16.0,-11.0,-4.0,-11.0,-1.0,7.0,2.0,-5.0,-9.0,-11.0,-3.0,-3.0,-16.0,-2.0,-1.0,-13.0,-2.0,-6.0,3.0,-1.0,-4.0,-5.0,1.0,4.0,-10.0,3.0,0.0,11.0,6.0,3.0,-1.0,-8.0,1.0,14.0,3.0,4.0,8.0,2.0
0.0,-9.0,7.0,-5.0,14.0,4.0,16.0,2.0,2.0,2.0,-7.0,20.0,4.0,16.0,10.0,1.0,3.0,-5.0,7.0,1.0,0.0,11.0,17.0,-1.0,4.0,13.0,2.0,10.0,7.0,3.0,8.0,4.0,12.0,3.0,10.0,0.0,2.0,-6.0,2.0,1.0,0.0,8.0,17.0,0.0,12.0,2.0,5.0,0.0,7.0,-2.0,14.0,-5.0,-1.0,-2.0,2.0,12.0,4.0,4.0,4.0,3.0,3.0,-9.0,-6.0,6.0,3.0,9.0,3.0,-1.0,1.0,0.0,-8.0,7.0,10.0,4.0,14.0
-14.0,-13.0,6.0,9.0,-2.0,-2.0,-1.0,-2.0,4.0,1.0,-1.0,-1.0,-7.0,-4.0,-2.0,-12.0,6.0,5.0,-4.0,-8.0,12.0,-8.0,-3.0,4.0,3.0,1.0,13.0,4.0,1.0,3.0,-2.0,-7.0,-1.0,4.0,5.0,-12.0,-1.0,-2.0,9.0,4.0,3.0,1.0,6.0,5.0,-7.0,0.0,15.0,-9.0,-3.0,-1.0,-5.0,-1.0,-2.0,8.0,4.0,6.0,-1.0,5.0,-2.0,0.0,5.0,4.0,-17.0,4.0,-15.0,2.0,-10.0,6.0,5.0,-12.0,-5.0,1.0,-1.0,-6.0,1.0
11.0,0.0,-1.0,0.0,-6.0,4.0,-6.0,0.0,-1.0,-1.0,5.0,2.0,8.0,-1.0,-3.0,1.0,-18.0,-7.0,12.0,6.0,-1.0,1.0,2.0,-10.0,7.0,5.0,2.0,-4.0,1.0,2.0,4.0,3.0,-2.0,0.0,-8.0,11.0,16.0,16.0,-6.0,-1.0,-3.0,11.0,-3.0,10.0,-4.0,-15.0,-6.0,2.0,-8.0,-13.0,-1.0,-2.0,-6.0,0.0,2.0,-1.0,-2.0,-4.0,-3.0,-4.0,-3.0,-16.0,7.0,-10.0,0.0,0.0,3.0,-15.0,-12.0,5.0,-2.0,-5.0,3.0,0.0,-1.0
17.0,4.0,-2.0,-5.0,3.0,4.0,9.0,-4.0,10.0,-6.0,1.0,8.0,11.0,9.0,7.0,8.0,-15.0,0.0,16.0,-4.0,-6.0,7.0,3.0,-2.0,3.0,8.0,0.0,-5.0,-1.0,-8.0,2.0,9.0,2.0,0.0,-4.0,8.0,2.0,-2.0,0.0,-12.0,-11.0,5.0,5.0,9.0,1.0,1.0,-7.0,4.0,-3.0,-2.0,-2.0,8.0,0.0,-20.0,-13.0,8.0,1.0,-9.0,-3.0,-5.0,8.0,-7.0,5.0,-4.0,5.0,-3.0,-7.0,-4.0,0.0,8.0,12.0,1.0,-3.0,1.0,5.0
1.0,5.0,5.0,-4.0,-4.0,8.0,-7.0,11.0,-1.0,-9.0,3.0,0.0,4.0,2.0,3.0,4.0,-13.0,-2.0,13.0,-1.0,4.0,-3.0,-9.0,4.0,-1.0,-1.0,-6.0,0.0,-7.0,-14.0,-1.0,8.0,8.0,-6.0,-8.0,9.0,11.0,3.0,-3.0,5.0,-5.0,14.0,3.0,7.0,4.0,-4.0,-12.0,4.0,-13.0,-6.0,2.0,4.0,2.0,-13.0,-6.0,-10.0,6.0,-14.0,4.0,5.0,2.0,1.0,-3.0,-9.0,10.0,6.0,8.0,8.0,2.0,8.0,0.0,-1.0,-3.0,0.0,0.0
-2.0,8.0,16.0,-7.0,3.0,2.0,13.0,-1.0,19.0,-6.0,-7.0,9.0,-7.0,3.0,11.0,-1.0,-2.0,3.0,1.0,-8.0,-10.0,12.0,7.0,-2.0,2.0,13.0,-2.0,16.0,15.0,7.0,14.0,-8.0,18.0,7.0,-5.0,2.0,2.0,-1.0,6.0,4.0,3.0,3.0,5.0,-4.0,13.0,0.0,-6.0,1.0,-3.0,3.0,12.0,6.0,-1.0,8.0,-10.0,11.0,8.0,7.0,16.0,3.0,-4.0,-1.0,9.0,-2.0,-2.0,7.0,-1.0,-10.0,0.0,-3.0,1.0,-1.0,11.0,-5.0,14.0
3.0,6.0,16.0,-2.0,10.0,4.0,14.0,2.0,5.0,4.0,6.0,12.0,4.0,12.0,11.0,9.0,-2.0,3.0,1.0,6.0,-7.0,5.0,14.0,6.0,6.0,9.0,1.0,16.0,8.0,-4.0,0.0,3.0,6.0,0.0,3.0,-7.0,-5.0,-8.0,1.0,-4.0,3.0,5.0,13.0,2.0,11.0,1.0,5.0,-3.0,3.0,-1.0,4.0,-1.0,-2.0,1.0,6.0,8.0,7.0,-3.0,10.0,9.0,-3.0,3.0,-4.0,-3.0,-1.0,7.0,1.0,-2.0,0.0,5.0,-3.0,-4.0,15.0,8.0,14.0
13.0,7.0,-5.0,-10.0,3.0,3.0,-6.0,4.0,-1.0,-4.0,3.0,-4.0,0.0,2.0,3.0,8.0,-4.0,-4.0,2.0,10.0,-3.0,0.0,2.0,-2.0,-4.0,-5.0,-2.0,4.0,-7.0,0.0,-3.0,1.0,6.0,-14.0,-6.0,13.0,-6.0,4.0,3.0,-8.0,-2.0,-8.0,1.0,10.0,5.0,-1.0,-5.0,10.0,-7.0,-4.0,4.0,5.0,-4.0,-9.0,-14.0,7.0,-3.0,-5.0,9.0,-2.0,-12.0,-3.0,11.0,-10.0,7.0,2.0,-2.0,-2.0,-4.0,7.0,13.0,9.0,-5.0,12.0,-4.0
0.0,-3.0,9.0,2.0,7.0,1.0,4.0,5.0,9.0,3.0,-4.0,16.0,3.0,16.0,15.0,-4.0,3.0,3.0,-1.0,-1.0,5.0,11.0,7.0,2.0,3.0,10.0,3.0,15.0,18.0,-2.0,4.0,-6.0,20.0,-3.0,5.0,-3.0,-2.0,2.0,6.0,9.0,3.0,3.0,10.0,-4.0,4.0,-10.0,-4.0,1.0,0.0,-5.0,4.0,-2.0,-3.0,-3.0,4.0,16.0,10.0,9.0,14.0,8.0,0.0,-1.0,0.0,1.0,4.0,8.0,6.0,-1.0,-1.0,4.0,7.0,1.0,10.0,2.0,11.0
7.0,0.0,8.0,4.0,4.0,4.0,1.0,6.0,10.0,0.0,-7.0,10.0,6.0,14.0,7.0,-1.0,1.0,0.0,-6.0,8.0,-5.0,15.0,7.0,0.0,-9.0,8.0,8.0,18.0,6.0,-10.0,10.0,1.0,14.0,-7.0,1.0,1.0,6.0,-8.0,2.0,-5.0,-1.0,5.0,12.0,3.0,5.0,2.0,9.0,3.0,1.0,1.0,3.0,0.0,-4.0,-5.0,5.0,3.0,9.0,-2.0,8.0,6.0,10.0,-4.0,-1.0,4.0,-1.0,7.0,-4.0,2.0,-2.0,9.0,-2.0,-3.0,9.0,-2.0,4.0
6.0,10.0,2.0,5.0,-3.0,1.0,-5.0,8.0,-5.0,0.0,8.0,-1.0,4.0,4.0,1.0,2.0,2.0,-6.0,9.0,2.0,-11.0,-6.0,-6.0,-9.0,13.0,-2.0,5.0,-1.0,-6.0,-2.0,-2.0,-1.0,0.0,0.0,3.0,-2.0,13.0,9.0,-1.0,-3.0,1.0,4.0,3.0,-1.0,7.0,0.0,-8.0,4.0,-15.0,4.0,3.0,5.0,-3.0,8.0,2.0,-4.0,-3.0,-12.0,0.0,10.0,-7.0,2.0,4.0,1.0,6.0,7.0,4.0,-6.0,0.0,-4.0,10.0,1.0,3.0,3.0,-2.0
-4.0,1.0,6.0,-7.0,6.0,13.0,3.0,-7.0,-6.0,-8.0,4.0,2.0,3.0,2.0,6.0,8.0,-10.0,-15.0,2.0,0.0,-7.0,-5.0,-4.0,-17.0,4.0,8.0,-16.0,-2.0,0.0,-13.0,-2.0,-2.0,4.0,-6.0,0.0,3.0,2.0,9.0,-3.0,0.0,-1.0,0.0,-1.0,13.0,1.0,-7.0,2.0,6.0,-10.0,-10.0,-9.0,4.0,-16.0,-7.0,1.0,-1.0,3.0,-3.0,-1.0,-4.0,2.0,-2.0,10.0,-13.0,5.0,7.0,12.0,-3.0,-5.0,-1.0,6.0,-4.0,1.0,13.0,-4.0
-2.0,-11.0,7.0,5.0,-3.0,-6.0,1.0,-10.0,1.0,-2.0,-9.0,2.0,-8.0,1.0,4.0,-12.0,-2.0,-3.0,-5.0,-5.0,3.0,-5.0,0.0,1.0,-6.0,-3.0,7.0,6.0,0.0,17.0,2.0,-10.0,2.0,8.0,10.0,-6.0,2.0,-13.0,10.0,-1.0,-3.0,-9.0,1.0,-6.0,2.0,18.0,8.0,5.0,8.0,3.0,-6.0,-17.0,7.0,5.0,-3.0,9.0,-4.0,11.0,0.0,-1.0,4.0,10.0,-12.0,-4.0,-6.0,-3.0,-7.0,3.0,0.0,-10.0,-10.0,-2.0,6.0,5.0,2.0
3.0,9.0,-2.0,-7.0,-8.0,-4.0,-6.0,3.0,-5.0,-10.0,-2.0,3.0,6.0,1.0,0.0,3.0,-13.0,-7.0,11.0,-2.0,-2.0,4.0,-3.0,-7.0,10.0,0.0,3.0,4.0,-9.0,-7.0,3.0,-1.0,0.0,-11.0,-4.0,1.0,6.0,2.0,-4.0,-14.0,-5.0,8.0,0.0,2.0,5.0,-5.0,-8.0,16.0,-8.0,0.0,6.0,4.0,-10.0,-4.0,-9.0,-2.0,-3.0,-10.0,1.0,4.0,1.0,-13.0,-4.0,-11.0,5.0,0.0,6.0,-9.0,-4.0,9.0,-3.0,5.0,-3.0,4.0,-8.0
-5.0,-6.0,6.0,1.0,-3.0,-6.0,-2.0,-6.0,-4.0,14.0,-7.0,-1.0,-8.0,0.0,0.0,-5.0,11.0,-1.0,-9.0,-13.0,9.0,0.0,-4.0,0.0,-13.0,-4.0,5.0,-3.0,7.0,12.0,-4.0,-6.0,0.0,10.0,4.0,0.0,7.0,0.0,0.0,2.0,1.0,-12.0,-5.0,1.0,2.0,2.0,9.0,-11.0,-6.0,11.0,3.0,-15.0,0.0,5.0,10.0,-2.0,-1.0,7.0,4.0,-1.0,6.0,5.0,-6.0,5.0,0.0,-1.0,-4.0,5.0,6.0,-7.0,-4.0,4.0,-4.0,-4.0,-9.0
3.0,-1.0,12.0,7.0,2.0,1.0,6.0,-3.0,2.0,4.0,-4.0,8.0,-2.0,8.0,6.0,-3.0,5.0,-3.0,4.0,2.0,-9.0,3.0,12.0,-2.0,7.0,9.0,1.0,10.0,16.0,4.0,8.0,-3.0,18.0,-2.0,-1.0,-7.0,7.0,-6.0,-2.0,-1.0,1.0,1.0,13.0,4.0,20.0,4.0,-5.0,-1.0,0.0,6.0,9.0,2.0,0.0,-3.0,6.0,7.0,7.0,2.0,8.0,7.0,7.0,7.0,-3.0,0.0,-1.0,1.0,8.0,-9.0,2.0,9.0,-4.0,1.0,12.0,-4.0,6.0
-8.0,-10.0,-1.0,13.0,-1.0,-3.0,-6.0,-9.0,4.0,14.0,-7.0,2.0,0.0,8.0,1.0,-3.0,14.0,15.0,0.0,-8.0,10.0,-5.0,4.0,2.0,-6.0,9.0,-4.0,2.0,1.0,5.0,2.0,2.0,-7.0,-8.0,-2.0,-1.0,0.0,-11.0,0.0,9.0,5.0,-12.0,0.0,7.0,-3.0,13.0,14.0,-4.0,8.0,3.0,3.0,-10.0,3.0,-7.0,8.0,-1.0,1.0,-2.0,6.0,-4.0,4.0,12.0,-7.0,6.0,-4.0,8.0,7.0,5.0,3.0,-2.0,-6.0,7.0,2.0,-12.0,2.0
7.0,11.0,3.0,5.0,-6.0,-4.0,6.0,9.0,5.0,-10.0,7.0,5.0,14.0,1.0,-5.0,12.0,-8.0,-7.0,0.0,4.0,-8.0,8.0,-2.0,1.0,8.0,2.0,-18.0,0.0,-4.0,-8.0,-5.0,-2.0,-6.0,-9.0,-14.0,6.0,9.0,6.0,-1.0,-3.0,-15.0,2.0,1.0,17.0,1.0,-8.0,-7.0,4.0,-14.0,-1.0,-1.0,6.0,-15.0,-4.0,8.0,-10.0,-2.0,-2.0,-1.0,2.0,-6.0,-3.0,3.0,-9.0,5.0,-9.0,5.0,-18.0,2.0,-2.0,11.0,-10.0,-4.0,2.0,-3.0
1.0,0.0,-1.0,-4.0,-7.0,4.0,0.0,4.0,-5.0,4.0,1.0,1.0,-1.0,-7.0,-8.0,6.0,-14.0,-1.0,-10.0,7.0,-3.0,4.0,7.0,-1.0,2.0,2.0,-2.0,8.0,-1.0,1.0,0.0,1.0,-3.0,2.0,-6.0,6.0,0.0,8.0,-11.0,-9.0,-7.0,7.0,-2.0,-7.0,-9.0,-7.0,-7.0,3.0,-5.0,-8.0,1.0,5.0,-12.0,0.0,2.0,0.0,0.0,-4.0,-1.0,-2.0,0.0,-5.0,0.0,-4.0,6.0,2.0,3.0,2.0,-17.0,12.0,-4.0,-4.0,3.0,7.0,-8.0
-2.0,-1.0,4.0,7.0,2.0,1.0,-6.0,-7.0,-3.0,1.0,2.0,-2.0,-6.0,3.0,-3.0,-7.0,6.0,15.0,-5.0,-2.0,20.0,7.0,6.0,6.0,-16.0,0.0,5.0,1.0,2.0,5.0,-6.0,3.0,-1.0,-1.0,4.0,-4.0,-4.0,-8.0,5.0,5.0,3.0,5.0,-1.0,2.0,-6.0,-2.0,4.0,-1.0,5.0,1.0,0.0,-12.0,5.0,8.0,8.0,-3.0,5.0,7.0,4.0,9.0,-4.0,-1.0,-10.0,9.0,-7.0,9.0,-2.0,-2.0,12.0,5.0,1.0,-4.0,8.0,1.0,-10.0
-8.0,3.0,1.0,-2.0,5.0,-2.0,4.0,-8.0,-4.0,0.0,-14.0,2.0,1.0,-7.0,-2.0,5.0,6.0,12.0,0.0,-1.0,9.0,3.0,6.0,9.0,0.0,-2.0,7.0,1.0,2.0,3.0,-6.0,-2.0,1.0,0.0,6.0,-14.0,1.0,-3.0,7.0,-1.0,3.0,-7.0,10.0,7.0,3.0,6.0,-3.0,-2.0,4.0,14.0,-8.0,-5.0,-2.0,12.0,0.0,1.0,-3.0,13.0,7.0,-2.0,10.0,6.0,-10.0,-3.0,-4.0,-4.0,-6.0,11.0,-4.0,1.0,1.0,3.0,2.0,-1.0,-8.0
13.0,6.0,4.0,-12.0,1.0,4.0,-3.0,13.0,-6.0,-9.0,8.0,7.0,5.0,-5.0,0.0,-1.0,-3.0,-9.0,1.0,5.0,-3.0,-2.0,-4.0,3.0,3.0,-4.0,-9.0,-10.0,-7.0,-8.0,-5.0,9.0,1.0,-8.0,-1.0,6.0,-3.0,16.0,-13.0,4.0,0.0,-8.0,0.0,-6.0,-1.0,0.0,-4.0,-3.0,-9.0,3.0,7.0,1.0,-5.0,1.0,-1.0,-1.0,-4.0,9.0,1.0,-3.0,1.0,-4.0,-2.0,5.0,4.0,1.0,7.0,-10.0,-4.0,-4.0,3.0,-18.0,-5.0,3.0,-2.0
-7.0,-6.0,8.0,7.0,6.0,-4.0,18.0,-1.0,3.0,-2.0,-7.0,14.0,-7.0,10.0,17.0,1.0,4.0,2.0,0.0,-9.0,1.0,17.0,7.0,0.0,-5.0,11.0,-8.0,10.0,15.0,0.0,1.0,1.0,9.0,0.0,1.0,3.0,3.0,-7.0,0.0,8.0,0.0,1.0,8.0,0.0,9.0,6.0,1.0,6.0,0.0,4.0,10.0,-1.0,3.0,-3.0,-3.0,11.0,15.0,-5.0,10.0,9.0,3.0,1.0,6.0,-3.0,-4.0,12.0,2.0,-4.0,3.0,8.0,2.0,-5.0,16.0,7.0,13.0
-5.0,-6.0,-1.0,0.0,9.0,-10.0,0.0,-16.0,6.0,0.0,3.0,-1.0,-4.0,7.0,3.0,-7.0,8.0,2.0,-1.0,-3.0,8.0,5.0,-8.0,6.0,-9.0,-6.0,2.0,-6.0,-1.0,4.0,-1.0,-10.0,-8.0,10.0,2.0,-17.0,2.0,1.0,11.0,7.0,4.0,0.0,2.0,0.0,1.0,12.0,14.0,2.0,13.0,8.0,4.0,-6.0,0.0,1.0,0.0,-5.0,8.0,12.0,2.0,-2.0,3.0,13.0,5.0,4.0,-4.0,-4.0,-12.0,2.0,7.0,1.0,-1.0,3.0,7.0,-7.0,1.0
-1.0,-5.0,10.0,-4.0,2.0,0.0,7.0,-3.0,11.0,5.0,1.0,11.0,-3.0,6.0,8.0,-5.0,4.0,8.0,8.0,1.0,-1.0,9.0,8.0,-3.0,5.0,10.0,-6.0,11.0,8.0,1.0,6.0,-1.0,16.0,-1.0,2.0,-5.0,-3.0,3.0,-1.0,8.0,4.0,-1.0,15.0,-4.0,9.0,2.0,-2.0,-2.0,-3.0,2.0,14.0,1.0,-1.0,5.0,0.0,14.0,14.0,-4.0,11.0,4.0,-2.0,-4.0,2.0,-8.0,-9.0,6.0,2.0,-3.0,-8.0,-10.0,-8.0,-2.0,13.0,1.0,18.0
