n
75
c
254.0 -277.0 -262.0 216.0 -53.0 170.0 232.0 -25.0 257.0 -246.0 217.0 279.0 -31.0 287.0 -11.0 -218.0 190.0 -254.0 -261.0 237.0 210.0 212.0 -113.0 -230.0 243.0 -11.0 273.0 226.0 -257.0 -251.0 -229.0 280.0 225.0 232.0 -306.0 -230.0 -60.0 -214.0 -81.0 -85.0 -245.0 -250.0 281.0 -233.0 296.0 -222.0 212.0 207.0 264.0 276.0 242.0 277.0 241.0 -267.0 222.0 -244.0 -78.0 -69.0 -248.0 241.0 -29.0 -301.0 287.0 -258.0 219.0 -274.0 244.0 -248.0 -228.0 -229.0 10.0 -258.0 227.0 263.0 218.0
Q
-16.0,13.0,13.0,0.0,1.0,-4.0,-2.0,-2.0,-10.0,9.0,-3.0,-4.0,-3.0,-4.0,2.0,8.0,-9.0,13.0,-9.0,-2.0,-15.0,-13.0,-2.0,3.0,-9.0,2.0,-13.0,-1.0,5.0,-1.0,15.0,-5.0,-1.0,-6.0,1.0,2.0,-3.0,6.0,5.0,-1.0,-3.0,9.0,-3.0,-6.0,-6.0,9.0,0.0,0.0,-3.0,-4.0,-6.0,-17.0,-3.0,7.0,-8.0,3.0,-3.0,-4.0,5.0,1.0,-1.0,8.0,-9.0,5.0,-7.0,8.0,-4.0,-3.0,11.0,6.0,-1.0,6.0,-1.0,-6.0,-18.0
13.0,-4.0,3.0,8.0,-8.0,2.0,8.0,-1.0,13.0,-3.0,7.0,-2.0,-3.0,3.0,3.0,3.0,9.0,3.0,-10.0,8.0,7.0,11.0,-4.0,-14.0,11.0,0.0,3.0,3.0,-3.0,-2.0,-7.0,10.0,9.0,18.0,3.0,-1.0,7.0,-3.0,5.0,-4.0,-8.0,-2.0,5.0,2.0,-2.0,1.0,3.0,1.0,5.0,5.0,6.0,6.0,2.0,-5.0,-1.0,5.0,7.0,2.0,7.0,6.0,-2.0,-2.0,0.0,5.0,16.0,-2.0,1.0,-10.0,-12.0,1.0,-8.0,-4.0,7.0,10.0,10.0
13.0,3.0,-7.0,12.0,0.0,4.0,2.0,-1.0,9.0,2.0,-3.0,11.0,-8.0,4.0,4.0,0.0,4.0,-6.0,-8.0,0.0,2.0,5.0,7.0,-14.0,8.0,-5.0,3.0,7.0,-3.0,6.0,-2.0,-3.0,9.0,9.0,2.0,-6.0,-7.0,-7.0,7.0,5.0,-2.0,-10.0,-4.0,3.0,4.0,0.0,13.0,8.0,4.0,12.0,13.0,-3.0,7.0,-8.0,-4.0,-6.0,2.0,0.0,-3.0,-10.0,-1.0,-3.0,9.0,-10.0,11.0,-3.0,9.0,-8.0,-6.0,-6.0,-1.0,-2.0,1.0,7.0,-6.0
0.0,8.0,12.0,-16.0,8.0,-4.0,-5.0,5.0,-15.0,1.0,0.0,5.0,1.0,-3.0,1.0,-6.0,-4.0,1.0,9.0,-2.0,-10.0,2.0,-3.0,3.0,-11.0,-6.0,-12.0,-8.0,3.0,2.0,1.0,-4.0,4.0,-10.0,4.0,8.0,-2.0,1.0,-3.0,-1.0,4.0,12.0,-1.0,0.0,2.0,15.0,1.0,1.0,-10.0,-10.0,-8.0,-2.0,3.0,3.0,-14.0,-3.0,2.0,3.0,5.0,1.0,-7.0,9.0,-9.0,2.0,-7.0,7.0,3.0,3.0,11.0,6.0,0.0,3.0,5.0,-10.0,-7.0
1.0,-8.0,0.0,8.0,13.0,7.0,5.0,10.0,1.0,-1.0,5.0,1.0,8.0,-3.0,3.0,1.0,2.0,0.0,6.0,2.0,-3.0,4.0,9.0,0.0,6.0,7.0,-1.0,4.0,3.0,-1.0,3.0,4.0,4.0,-3.0,0.0,4.0,13.0,-6.0,13.0,11.0,0.0,5.0,-1.0,1.0,6.0,-3.0,-3.0,-2.0,4.0,-1.0,-7.0,-1.0,4.0,-9.0,1.0,5.0,13.0,8.0,-7.0,6.0,11.0,7.0,0.0,3.0,2.0,1.0,2.0,-5.0,0.0,5.0,7.0,1.0,4.0,-1.0,0.0
-4.0,2.0,4.0,-4.0,7.0,-16.0,-6.0,-3.0,-9.0,6.0,1.0,0.0,3.0,0.0,7.0,9.0,-8.0,-3.0,14.0,-5.0,-1.0,-8.0,1.0,7.0,-12.0,-6.0,-6.0,-3.0,12.0,8.0,5.0,2.0,-8.0,-6.0,11.0,7.0,-2.0,11.0,0.0,2.0,9.0,4.0,-12.0,7.0,-1.0,2.0,-3.0,-16.0,5.0,-5.0,-12.0,-5.0,3.0,6.0,-12.0,-2.0,7.0,-5.0,6.0,-3.0,-6.0,9.0,-2.0,-5.0,-9.0,5.0,-9.0,9.0,5.0,11.0,-2.0,9.0,-3.0,0.0,-1.0
-2.0,8.0,2.0,-5.0,5.0,-6.0,0.0,4.0,6.0,6.0,-6.0,-11.0,-1.0,-9.0,0.0,5.0,-4.0,6.0,10.0,-7.0,-10.0,-7.0,2.0,2.0,-3.0,9.0,-12.0,-3.0,-6.0,11.0,9.0,-3.0,-1.0,-19.0,5.0,14.0,0.0,4.0,0.0,-3.0,12.0,2.0,-1.0,7.0,-8.0,9.0,-4.0,-10.0,-12.0,-7.0,-3.0,-2.0,-6.0,14.0,-9.0,11.0,1.0,1.0,3.0,-4.0,-2.0,-2.0,-17.0,6.0,-9.0,8.0,1.0,18.0,12.0,5.0,3.0,-9.0,-4.0,-3.0,-2.0
-2.0,-1.0,-1.0,5.0,10.0,-3.0,4.0,5.0,0.0,9.0,-4.0,-1.0,7.0,3.0,13.0,-10.0,5.0,0.0,2.0,6.0,7.0,-2.0,7.0,-4.0,-8.0,20.0,2.0,2.0,-1.0,0.0,-1.0,1.0,0.0,5.0,-6.0,2.0,13.0,-5.0,12.0,12.0,-5.0,-5.0,1.0,-4.0,4.0,2.0,4.0,0.0,-4.0,-5.0,1.0,10.0,4.0,1.0,8.0,3.0,17.0,8.0,4.0,2.0,8.0,-8.0,-8.0,-1.0,-2.0,-4.0,9.0,-8.0,-1.0,1.0,13.0,-9.0,-5.0,0.0,-8.0
-10.0,13.0,9.0,-15.0,1.0,-9.0,6.0,0.0,-13.0,9.0,-4.0,-2.0,4.0,-13.0,-10.0,1.0,-8.0,8.0,1.0,6.0,-14.0,-7.0,-3.0,4.0,-10.0,5.0,-1.0,-13.0,3.0,7.0,-1.0,-5.0,-5.0,2.0,5.0,10.0,-3.0,1.0,2.0,2.0,11.0,-1.0,-7.0,5.0,-12.0,14.0,-13.0,-3.0,2.0,-7.0,-5.0,-11.0,-6.0,5.0,-9.0,1.0,-5.0,-1.0,15.0,-5.0,0.0,17.0,5.0,5.0,-4.0,13.0,-5.0,0.0,2.0,9.0,8.0,9.0,-12.0,-8.0,-18.0
9.0,-3.0,2.0,1.0,-1.0,6.0,6.0,9.0,9.0,-13.0,1.0,10.0,0.0,4.0,7.0,-9.0,17.0,-1.0,-6.0,-1.0,14.0,10.0,4.0,-8.0,3.0,2.0,10.0,8.0,-13.0,-11.0,-8.0,0.0,-1.0,-4.0,-4.0,-13.0,6.0,-6.0,4.0,-3.0,2.0,-5.0,4.0,-1.0,4.0,-8.0,12.0,0.0,11.0,0.0,2.0,11.0,6.0,4.0,11.0,-12.0,9.0,4.0,-7.0,-3.0,0.0,-7.0,8.0,-13.0,13.0,-5.0,6.0,-5.0,-2.0,-8.0,5.0,0.0,7.0,6.0,3.0
-3.0,7.0,-3.0,0.0,5.0,1.0,-6.0,-4.0,-4.0,1.0,-15.0,-8.0,-1.0,1.0,5.0,0.0,0.0,10.0,8.0,2.0,-4.0,0.0,-2.0,5.0,-7.0,0.0,-7.0,-2.0,16.0,10.0,2.0,-2.0,5.0,-12.0,9.0,9.0,0.0,4.0,0.0,-6.0,0.0,5.0,-6.0,0.0,-3.0,8.0,2.0,-3.0,2.0,-6.0,4.0,5.0,-6.0,9.0,-7.0,15.0,-2.0,-4.0,-5.0,2.0,2.0,5.0,-4.0,-3.0,-15.0,5.0,4.0,4.0,5.0,6.0,4.0,6.0,-5.0,-6.0,-8.0
-4.0,-2.0,11.0,5.0,1.0,0.0,-11.0,-1.0,-2.0,10.0,-8.0,-10.0,-9.0,0.0,-1.0,5.0,-16.0,12.0,6.0,-2.0,-7.0,-10.0,-2.0,4.0,-5.0,-2.0,0.0,1.0,11.0,-2.0,6.0,-10.0,-6.0,-6.0,12.0,-4.0,-3.0,1.0,-7.0,2.0,14.0,-8.0,-14.0,-3.0,-5.0,10.0,-8.0,-5.0,1.0,-1.0,-7.0,-6.0,-4.0,-3.0,-5.0,6.0,-8.0,1.0,6.0,5.0,-4.0,4.0,-10.0,7.0,-11.0,6.0,-4.0,-1.0,5.0,0.0,0.0,5.0,-10.0,-5.0,-9.0
-3.0,-3.0,-8.0,1.0,8.0,3.0,-1.0,7.0,4.0,0.0,-1.0,-9.0,13.0,3.0,10.0,4.0,1.0,-1.0,5.0,-4.0,6.0,-2.0,3.0,1.0,-6.0,7.0,8.0,4.0,2.0,-5.0,1.0,-5.0,4.0,2.0,8.0,1.0,8.0,-2.0,3.0,12.0,-3.0,8.0,-6.0,1.0,-7.0,-10.0,4.0,-1.0,8.0,1.0,2.0,-5.0,-4.0,-3.0,2.0,1.0,3.0,8.0,-4.0,5.0,9.0,-6.0,-4.0,-2.0,6.0,4.0,4.0,-2.0,0.0,-2.0,3.0,9.0,10.0,10.0,2.0
-4.0,3.0,4.0,-3.0,-3.0,0.0,-9.0,3.0,-13.0,4.0,1.0,0.0,3.0,-16.0,-3.0,-5.0,-3.0,6.0,7.0,-13.0,-5.0,-6.0,5.0,-3.0,-2.0,-3.0,-17.0,2.0,7.0,2.0,10.0,-15.0,4.0,5.0,-6.0,14.0,-6.0,6.0,-4.0,0.0,16.0,-6.0,4.0,5.0,-8.0,15.0,-6.0,-15.0,-8.0,-6.0,-7.0,-9.0,-8.0,16.0,-2.0,3.0,-7.0,4.0,10.0,-1.0,1.0,13.0,-13.0,0.0,5.0,-3.0,-6.0,-2.0,0.0,11.0,0.0,9.0,-7.0,-11.0,1.0
2.0,3.0,4.0,1.0,3.0,7.0,0.0,13.0,-10.0,7.0,5.0,-1.0,10.0,-3.0,13.0,-5.0,-2.0,-2.0,-10.0,-3.0,-3.0,1.0,2.0,-1.0,-9.0,17.0,6.0,-3.0,0.0,-4.0,-5.0,-7.0,2.0,7.0,-5.0,-3.0,16.0,-8.0,12.0,8.0,-2.0,-1.0,-2.0,-2.0,3.0,2.0,-6.0,2.0,9.0,4.0,3.0,-4.0,-6.0,-7.0,6.0,-3.0,11.0,4.0,6.0,-3.0,7.0,-4.0,4.0,3.0,3.0,-1.0,-5.0,-3.0,-3.0,-6.0,12.0,6.0,-3.0,-5.0,2.0
8.0,3.0,0.0,-6.0,1.0,9.0,5.0,-10.0,1.0,-9.0,0.0,5.0,4.0,-5.0,-5.0,-5.0,10.0,-13.0,2.0,-1.0,6.0,4.0,6.0,-6.0,4.0,5.0,6.0,8.0,0.0,-3.0,-9.0,12.0,-8.0,5.0,-11.0,-3.0,-7.0,-1.0,6.0,2.0,-9.0,-6.0,0.0,-13.0,8.0,-6.0,5.0,11.0,-8.0,5.0,6.0,8.0,6.0,-9.0,10.0,-5.0,8.0,-5.0,-14.0,6.0,0.0,1.0,10.0,0.0,11.0,-13.0,-2.0,-5.0,-6.0,-13.0,-10.0,-9.0,4.0,-1.0,0.0
-9.0,9.0,4.0,-4.0,2.0,-8.0,-4.0,5.0,-8.0,17.0,0.0,-16.0,1.0,-3.0,-2.0,10.0,1.0,0.0,15.0,-7.0,2.0,-10.0,1.0,10.0,-6.0,5.0,-11.0,1.0,1.0,-3.0,1.0,-6.0,-10.0,-4.0,4.0,12.0,6.0,2.0,2.0,9.0,0.0,-4.0,-15.0,7.0,-2.0,4.0,-6.0,-7.0,-1.0,-13.0,-8.0,-3.0,-4.0,8.0,-8.0,13.0,8.0,-6.0,13.0,2.0,2.0,4.0,-4.0,0.0,-4.0,-4.0,-1.0,0.0,6.0,14.0,3.0,5.0,-3.0,-1.0,-2.0
13.0,3.0,-6.0,1.0,0.0,-3.0,6.0,0.0,8.0,-1.0,10.0,12.0,-1.0,6.0,-2.0,-13.0,0.0,-3.0,5.0,4.0,6.0,4.0,6.0,2.0,7.0,-2.0,1.0,9.0,-18.0,-7.0,-2.0,2.0,5.0,-1.0,-1.0,0.0,1.0,-10.0,-1.0,2.0,-6.0,-14.0,18.0,-11.0,3.0,-9.0,9.0,2.0,4.0,14.0,-9.0,2.0,5.0,-8.0,3.0,2.0,-4.0,1.0,-8.0,7.0,-7.0,-5.0,7.0,-9.0,9.0,-9.0,5.0,3.0,-2.0,-6.0,-5.0,-4.0,-2.0,-1.0,0.0
-9.0,-10.0,-8.0,9.0,6.0,14.0,10.0,2.0,1.0,-6.0,8.0,6.0,5.0,7.0,-10.0,2.0,15.0,5.0,-6.0,11.0,12.0,7.0,0.0,-7.0,12.0,6.0,5.0,3.0,-4.0,-9.0,-1.0,-5.0,10.0,-5.0,-3.0,-4.0,-3.0,-11.0,0.0,6.0,-15.0,-4.0,14.0,-3.0,9.0,-8.0,3.0,-1.0,1.0,15.0,-5.0,5.0,10.0,-5.0,-2.0,-6.0,6.0,-9.0,3.0,7.0,-2.0,-4.0,2.0,-5.0,-7.0,-7.0,5.0,-5.0,-3.0,0.0,-3.0,-14.0,6.0,10.0,7.0
-2.0,8.0,0.0,-2.0,2.0,-5.0,-7.0,6.0,6.0,-1.0,2.0,-2.0,-4.0,-13.0,-3.0,-1.0,-7.0,4.0,11.0,-8.0,-12.0,-3.0,4.0,4.0,-11.0,5.0,-7.0,-13.0,14.0,9.0,5.0,-6.0,-10.0,-2.0,4.0,12.0,-3.0,4.0,3.0,3.0,12.0,-1.0,-15.0,4.0,-7.0,11.0,-5.0,-11.0,-12.0,2.0,-16.0,-1.0,-4.0,-1.0,-12.0,-6.0,0.0,-2.0,9.0,-5.0,6.0,2.0,5.0,4.0,-6.0,7.0,-6.0,2.0,4.0,11.0,3.0,8.0,-11.0,-5.0,0.0
-15.0,7.0,2.0,-10.0,-3.0,-1.0,-10.0,7.0,-14.0,14.0,-4.0,-7.0,6.0,-5.0,-3.0,6.0,2.0,6.0,12.0,-12.0,-17.0,-9.0,8.0,12.0,-3.0,0.0,-7.0,-6.0,9.0,-3.0,6.0,-4.0,-10.0,-6.0,6.0,5.0,4.0,11.0,8.0,-4.0,16.0,3.0,-6.0,18.0,-16.0,1.0,-7.0,-4.0,-2.0,-5.0,4.0,-10.0,-14.0,4.0,-11.0,-1.0,6.0,4.0,-3.0,-7.0,3.0,1.0,-2.0,7.0,-1.0,6.0,-10.0,-9.0,0.0,-1.0,5.0,4.0,-6.0,7.0,-10.0
-13.0,11.0,5.0,2.0,4.0,-8.0,-7.0,-2.0,-7.0,10.0,0.0,-10.0,-2.0,-6.0,1.0,4.0,-10.0,4.0,7.0,-3.0,-9.0,-10.0,4.0,10.0,-8.0,-2.0,-3.0,-6.0,5.0,9.0,0.0,-2.0,0.0,0.0,4.0,10.0,4.0,10.0,-1.0,-3.0,3.0,15.0,-8.0,9.0,-9.0,-1.0,-6.0,-14.0,-10.0,-14.0,-10.0,5.0,3.0,2.0,1.0,-4.0,7.0,2.0,7.0,-8.0,1.0,8.0,-9.0,2.0,8.0,1.0,-9.0,12.0,3.0,17.0,-3.0,-1.0,-15.0,-1.0,-5.0
-2.0,-4.0,7.0,-3.0,9.0,1.0,2.0,7.0,-3.0,4.0,-2.0,-2.0,3.0,5.0,2.0,6.0,1.0,6.0,0.0,4.0,8.0,4.0,12.0,8.0,0.0,17.0,4.0,1.0,7.0,0.0,3.0,-4.0,-3.0,5.0,2.0,3.0,9.0,1.0,11.0,0.0,-4.0,6.0,5.0,0.0,4.0,3.0,-2.0,4.0,3.0,-5.0,0.0,-6.0,7.0,0.0,6.0,10.0,2.0,7.0,-1.0,-3.0,0.0,3.0,2.0,3.0,-7.0,3.0,-6.0,1.0,3.0,-1.0,10.0,5.0,0.0,3.0,0.0
3.0,-14.0,-14.0,3.0,0.0,7.0,2.0,-4.0,4.0,-8.0,5.0,4.0,1.0,-3.0,-1.0,-6.0,10.0,2.0,-7.0,4.0,12.0,10.0,8.0,-2.0,9.0,1.0,3.0,-1.0,1.0,-18.0,-5.0,3.0,15.0,9.0,-7.0,-11.0,-5.0,-7.0,1.0,6.0,3.0,2.0,1.0,-1.0,10.0,-1.0,8.0,-1.0,7.0,-4.0,4.0,6.0,8.0,0.0,12.0,-6.0,1.0,5.0,-14.0,5.0,-7.0,5.0,2.0,-1.0,5.0,-8.0,9.0,-11.0,-8.0,-9.0,-4.0,-3.0,10.0,11.0,-4.0
-9.0,11.0,8.0,-11.0,6.0,-12.0,-3.0,-8.0,-10.0,3.0,-7.0,-5.0,-6.0,-2.0,-9.0,4.0,-6.0,7.0,12.0,-11.0,-3.0,-8.0,0.0,9.0,-15.0,5.0,-12.0,-5.0,7.0,2.0,9.0,-6.0,-4.0,3.0,10.0,3.0,7.0,7.0,-2.0,4.0,0.0,-2.0,-7.0,6.0,2.0,6.0,-5.0,-8.0,-7.0,-10.0,-10.0,-4.0,-10.0,11.0,-8.0,9.0,3.0,-9.0,10.0,-8.0,1.0,2.0,-4.0,2.0,-2.0,5.0,-12.0,12.0,5.0,13.0,0.0,13.0,-9.0,-10.0,-1.0
2.0,0.0,-5.0,-6.0,7.0,-6.0,9.0,20.0,5.0,2.0,0.0,-2.0,7.0,-3.0,17.0,5.0,5.0,-2.0,6.0,5.0,0.0,-2.0,17.0,1.0,5.0,15.0,-1.0,1.0,9.0,0.0,-2.0,-2.0,3.0,-6.0,-9.0,-4.0,3.0,0.0,8.0,5.0,-4.0,-4.0,7.0,-6.0,1.0,-1.0,-3.0,5.0,7.0,-1.0,7.0,2.0,0.0,-2.0,-6.0,-4.0,9.0,15.0,-1.0,7.0,9.0,-4.0,3.0,0.0,5.0,2.0,2.0,-7.0,-8.0,-5.0,9.0,-3.0,0.0,2.0,-4.0
-13.0,3.0,3.0,-12.0,-1.0,-6.0,-12.0,2.0,-1.0,10.0,-7.0,0.0,8.0,-17.0,6.0,6.0,-11.0,1.0,5.0,-7.0,-7.0,-3.0,4.0,3.0,-12.0,-1.0,8.0,2.0,13.0,3.0,-1.0,-6.0,-10.0,0.0,4.0,8.0,0.0,8.0,-8.0,-4.0,1.0,5.0,-2.0,8.0,-6.0,-2.0,4.0,-11.0,-5.0,-4.0,-6.0,-12.0,-8.0,2.0,-9.0,-8.0,-5.0,2.0,6.0,-1.0,0.0,11.0,-11.0,8.0,-12.0,11.0,-10.0,3.0,14.0,6.0,-1.0,-1.0,-4.0,-4.0,-11.0
-1.0,3.0,7.0,-8.0,4.0,-3.0,-3.0,2.0,-13.0,8.0,-2.0,1.0,4.0,2.0,-3.0,8.0,1.0,9.0,3.0,-13.0,-6.0,-6.0,1.0,-1.0,-5.0,1.0,2.0,-1.0,4.0,4.0,4.0,1.0,-8.0,-13.0,6.0,-3.0,-4.0,12.0,-8.0,4.0,7.0,3.0,-8.0,3.0,-5.0,12.0,-2.0,-8.0,-8.0,-2.0,1.0,-1.0,1.0,5.0,-4.0,2.0,1.0,-1.0,3.0,-7.0,-5.0,5.0,-2.0,4.0,-5.0,11.0,4.0,4.0,6.0,10.0,-2.0,0.0,3.0,-8.0,10.0
5.0,-3.0,-3.0,3.0,3.0,12.0,-6.0,-1.0,3.0,-13.0,16.0,11.0,2.0,7.0,0.0,0.0,1.0,-18.0,-4.0,14.0,9.0,5.0,7.0,1.0,7.0,9.0,13.0,4.0,-10.0,3.0,-7.0,15.0,10.0,0.0,-2.0,-17.0,-6.0,-1.0,4.0,1.0,4.0,-1.0,-8.0,-4.0,-2.0,-10.0,3.0,8.0,3.0,10.0,9.0,-1.0,7.0,3.0,0.0,-13.0,-1.0,1.0,-9.0,2.0,1.0,-5.0,5.0,-6.0,1.0,-5.0,0.0,-3.0,-9.0,-3.0,-8.0,7.0,0.0,6.0,7.0
-1.0,-2.0,6.0,2.0,-1.0,8.0,11.0,0.0,7.0,-11.0,10.0,-2.0,-5.0,2.0,-4.0,-3.0,-3.0,-7.0,-9.0,9.0,-3.0,9.0,0.0,-18.0,2.0,0.0,3.0,4.0,3.0,-3.0,-4.0,0.0,2.0,-5.0,1.0,3.0,-2.0,-3.0,-4.0,6.0,0.0,-5.0,-4.0,-3.0,4.0,-11.0,6.0,6.0,3.0,5.0,8.0,4.0,-1.0,-7.0,10.0,-2.0,0.0,-5.0,1.0,11.0,5.0,1.0,9.0,5.0,8.0,-1.0,1.0,-2.0,0.0,-15.0,-8.0,-1.0,5.0,11.0,-2.0
15.0,-7.0,-2.0,1.0,3.0,5.0,9.0,-1.0,-1.0,-8.0,2.0,6.0,1.0,10.0,-5.0,-9.0,1.0,-2.0,-1.0,5.0,6.0,0.0,3.0,-5.0,9.0,-2.0,-1.0,4.0,-7.0,-4.0,-18.0,4.0,7.0,4.0,5.0,-10.0,0.0,-4.0,6.0,-8.0,-5.0,-7.0,-5.0,-12.0,-1.0,-11.0,4.0,12.0,0.0,10.0,3.0,2.0,4.0,2.0,6.0,-1.0,0.0,-3.0,-12.0,4.0,-5.0,-9.0,1.0,-2.0,13.0,-9.0,3.0,-13.0,-6.0,0.0,-6.0,4.0,3.0,2.0,3.0
-5.0,10.0,-3.0,-4.0,4.0,2.0,-3.0,1.0,-5.0,0.0,-2.0,-10.0,-5.0,-15.0,-7.0,12.0,-6.0,2.0,-5.0,-6.0,-4.0,-2.0,-4.0,3.0,-6.0,-2.0,-6.0,1.0,15.0,0.0,4.0,2.0,0.0,1.0,10.0,1.0,-1.0,-2.0,3.0,5.0,3.0,-3.0,-3.0,12.0,-5.0,6.0,-15.0,-13.0,2.0,-5.0,-12.0,-2.0,-7.0,2.0,-8.0,9.0,3.0,-1.0,6.0,-16.0,-4.0,-4.0,5.0,-4.0,6.0,3.0,-15.0,7.0,1.0,8.0,0.0,14.0,-9.0,-14.0,-8.0
-1.0,9.0,9.0,4.0,4.0,-8.0,-1.0,0.0,-5.0,-1.0,5.0,-6.0,4.0,4.0,2.0,-8.0,-10.0,5.0,10.0,-10.0,-10.0,0.0,-3.0,15.0,-4.0,3.0,-10.0,-8.0,10.0,2.0,7.0,0.0,6.0,-9.0,7.0,7.0,0.0,4.0,0.0,-2.0,10.0,-7.0,5.0,15.0,-8.0,9.0,-3.0,-3.0,-14.0,-9.0,-2.0,-2.0,-6.0,1.0,-1.0,3.0,1.0,3.0,8.0,-8.0,-10.0,1.0,-9.0,14.0,-8.0,8.0,-1.0,14.0,-2.0,4.0,-1.0,-2.0,-14.0,-2.0,1.0
-6.0,18.0,9.0,-10.0,-3.0,-6.0,-19.0,5.0,2.0,-4.0,-12.0,-6.0,2.0,5.0,7.0,5.0,-4.0,-1.0,-5.0,-2.0,-6.0,0.0,5.0,9.0,3.0,-6.0,0.0,-13.0,0.0,-5.0,4.0,1.0,-9.0,6.0,6.0,15.0,4.0,2.0,4.0,-6.0,-1.0,3.0,-4.0,6.0,0.0,8.0,-6.0,-6.0,-1.0,6.0,-3.0,-9.0,-11.0,11.0,2.0,-5.0,-1.0,1.0,-1.0,-14.0,2.0,4.0,-1.0,3.0,-3.0,0.0,-2.0,11.0,8.0,-2.0,-8.0,11.0,-6.0,-9.0,-1.0
1.0,3.0,2.0,4.0,0.0,11.0,5.0,-6.0,5.0,-4.0,9.0,12.0,8.0,-6.0,-5.0,-11.0,4.0,-1.0,-3.0,4.0,6.0,4.0,2.0,-7.0,10.0,-9.0,4.0,6.0,-2.0,1.0,5.0,10.0,7.0,6.0,2.0,-6.0,-8.0,-1.0,-6.0,1.0,-9.0,-6.0,6.0,-7.0,2.0,-2.0,9.0,0.0,6.0,0.0,5.0,12.0,4.0,-4.0,14.0,3.0,5.0,-7.0,5.0,9.0,0.0,-6.0,18.0,9.0,11.0,-4.0,5.0,-10.0,-5.0,6.0,-3.0,-16.0,15.0,2.0,11.0
2.0,-1.0,-6.0,8.0,4.0,7.0,14.0,2.0,10.0,-13.0,9.0,-4.0,1.0,14.0,-3.0,-3.0,12.0,0.0,-4.0,12.0,5.0,10.0,3.0,-11.0,3.0,-4.0,8.0,-3.0,-17.0,3.0,-10.0,1.0,7.0,15.0,-6.0,2.0,-3.0,-11.0,0.0,-5.0,-14.0,-1.0,-5.0,-11.0,-1.0,-7.0,-1.0,13.0,13.0,1.0,19.0,-1.0,7.0,-6.0,6.0,-9.0,-6.0,0.0,1.0,-2.0,2.0,-5.0,-3.0,-4.0,3.0,-3.0,2.0,-1.0,9.0,-9.0,-5.0,-4.0,-4.0,-2.0,2.0
-3.0,7.0,-7.0,-2.0,13.0,-2.0,0.0,13.0,-3.0,6.0,0.0,-3.0,8.0,-6.0,16.0,-7.0,6.0,1.0,-3.0,-3.0,4.0,4.0,9.0,-5.0,7.0,3.0,0.0,-4.0,-6.0,-2.0,0.0,-1.0,0.0,4.0,-8.0,-3.0,12.0,-7.0,11.0,2.0,-1.0,6.0,4.0,5.0,0.0,8.0,4.0,7.0,4.0,-3.0,-3.0,-3.0,1.0,-5.0,1.0,-3.0,11.0,17.0,0.0,1.0,12.0,8.0,-3.0,7.0,-2.0,-7.0,3.0,4.0,2.0,2.0,5.0,8.0,3.0,-7.0,1.0
6.0,-3.0,-7.0,1.0,-6.0,11.0,4.0,-5.0,1.0,-6.0,4.0,1.0,-2.0,6.0,-8.0,-1.0,2.0,-10.0,-11.0,4.0,11.0,10.0,1.0,-7.0,7.0,0.0,8.0,12.0,-1.0,-3.0,-4.0,-2.0,4.0,2.0,-1.0,-11.0,-7.0,-17.0,-4.0,4.0,-5.0,-5.0,2.0,-7.0,8.0,-13.0,10.0,9.0,4.0,6.0,5.0,1.0,2.0,-6.0,7.0,-3.0,-1.0,1.0,-9.0,1.0,-2.0,-4.0,1.0,0.0,1.0,-8.0,3.0,3.0,-14.0,-11.0,-2.0,0.0,11.0,9.0,3.0
5.0,5.0,7.0,-3.0,13.0,0.0,0.0,12.0,2.0,4.0,0.0,-7.0,3.0,-4.0,12.0,6.0,2.0,-1.0,0.0,3.0,8.0,-1.0,11.0,1.0,-2.0,8.0,-8.0,-8.0,4.0,-4.0,6.0,3.0,0.0,4.0,-6.0,0.0,11.0,-4.0,11.0,9.0,2.0,-4.0,-6.0,-2.0,-5.0,5.0,6.0,7.0,7.0,8.0,-5.0,6.0,3.0,3.0,3.0,-2.0,7.0,9.0,3.0,1.0,15.0,-3.0,-1.0,3.0,-3.0,-1.0,6.0,9.0,-3.0,7.0,5.0,-2.0,2.0,-4.0,4.0
-1.0,-4.0,5.0,-1.0,11.0,2.0,-3.0,12.0,2.0,-3.0,-6.0,2.0,12.0,0.0,8.0,2.0,9.0,2.0,6.0,3.0,-4.0,-3.0,0.0,6.0,4.0,5.0,-4.0,4.0,1.0,6.0,-8.0,5.0,-2.0,-6.0,1.0,-5.0,2.0,4.0,9.0,3.0,2.0,8.0,1.0,0.0,-7.0,7.0,-7.0,-2.0,-5.0,-1.0,6.0,-3.0,5.0,-2.0,3.0,1.0,11.0,10.0,0.0,0.0,17.0,7.0,-5.0,-1.0,-1.0,-6.0,7.0,-5.0,-3.0,3.0,5.0,2.0,-3.0,5.0,1.0
-3.0,-8.0,-2.0,4.0,0.0,9.0,12.0,-5.0,11.0,2.0,0.0,14.0,-3.0,16.0,-2.0,-9.0,0.0,-6.0,-15.0,12.0,16.0,3.0,-4.0,3.0,0.0,-4.0,1.0,7.0,4.0,0.0,-5.0,3.0,10.0,-1.0,-9.0,-14.0,-1.0,-5.0,2.0,2.0,-6.0,2.0,-1.0,-14.0,10.0,-2.0,6.0,-4.0,4.0,7.0,2.0,3.0,7.0,-1.0,4.0,-4.0,-8.0,0.0,-5.0,6.0,0.0,-9.0,9.0,-7.0,9.0,-14.0,2.0,-9.0,-2.0,-4.0,1.0,-9.0,5.0,2.0,7.0
9.0,-2.0,-10.0,12.0,5.0,4.0,2.0,-5.0,-1.0,-5.0,5.0,-8.0,8.0,-6.0,-1.0,-6.0,-4.0,-14.0,-4.0,-1.0,3.0,15.0,6.0,2.0,-2.0,-4.0,5.0,3.0,-1.0,-5.0,-7.0,-3.0,-7.0,3.0,-6.0,-1.0,6.0,-5.0,-4.0,8.0,2.0,10.0,13.0,-8.0,7.0,-2.0,-7.0,8.0,8.0,4.0,3.0,3.0,8.0,-4.0,5.0,-6.0,-3.0,5.0,-4.0,1.0,-9.0,6.0,8.0,-5.0,4.0,-7.0,-6.0,-6.0,-11.0,-7.0,1.0,-3.0,7.0,-1.0,2.0
-3.0,5.0,-4.0,-1.0,-1.0,-12.0,-1.0,1.0,-7.0,4.0,-6.0,-14.0,-6.0,4.0,-2.0,0.0,-15.0,18.0,14.0,-15.0,-6.0,-8.0,5.0,1.0,-7.0,7.0,-2.0,-8.0,-8.0,-4.0,-5.0,-3.0,5.0,-4.0,6.0,-5.0,4.0,2.0,-6.0,1.0,-1.0,13.0,4.0,2.0,-3.0,-1.0,-1.0,1.0,-11.0,-14.0,-1.0,-3.0,-4.0,8.0,-13.0,7.0,-2.0,0.0,9.0,-16.0,1.0,14.0,-14.0,-4.0,-9.0,11.0,-6.0,9.0,-5.0,14.0,1.0,7.0,-13.0,-3.0,-10.0
-6.0,2.0,3.0,0.0,1.0,7.0,7.0,-4.0,5.0,-1.0,0.0,-3.0,1.0,5.0,-2.0,-13.0,7.0,-11.0,-3.0,4.0,18.0,9.0,0.0,-1.0,6.0,-6.0,8.0,3.0,-4.0,-3.0,-12.0,12.0,15.0,6.0,-7.0,-11.0,5.0,-7.0,-2.0,0.0,-14.0,-8.0,2.0,-5.0,6.0,-2.0,5.0,8.0,13.0,7.0,0.0,14.0,5.0,-3.0,7.0,6.0,1.0,-1.0,-1.0,10.0,1.0,-2.0,3.0,-5.0,5.0,2.0,7.0,-4.0,-8.0,-12.0,-2.0,-4.0,16.0,2.0,6.0
-6.0,-2.0,4.0,2.0,6.0,-1.0,-8.0,4.0,-12.0,4.0,-3.0,-5.0,-7.0,-8.0,3.0,8.0,-2.0,3.0,9.0,-7.0,-16.0,-9.0,4.0,10.0,2.0,1.0,-6.0,-5.0,-2.0,4.0,-1.0,-5.0,-8.0,0.0,2.0,-1.0,0.0,8.0,-5.0,-7.0,10.0,7.0,-3.0,6.0,-8.0,-8.0,-4.0,2.0,-4.0,-3.0,2.0,-6.0,-4.0,0.0,-15.0,-4.0,3.0,2.0,4.0,-10.0,-4.0,9.0,-5.0,-1.0,-12.0,7.0,-7.0,9.0,-7.0,3.0,-1.0,3.0,-8.0,-2.0,0.0
9.0,1.0,0.0,15.0,-3.0,2.0,9.0,2.0,14.0,-8.0,8.0,10.0,-10.0,15.0,2.0,-6.0,4.0,-9.0,-8.0,11.0,1.0,-1.0,3.0,-1.0,6.0,-1.0,-2.0,12.0,-10.0,-11.0,-11.0,6.0,9.0,8.0,-2.0,-7.0,8.0,-13.0,5.0,7.0,-2.0,-2.0,-1.0,-2.0,-8.0,-1.0,2.0,-1.0,-4.0,7.0,7.0,0.0,1.0,-4.0,12.0,-7.0,0.0,-4.0,-4.0,4.0,1.0,-5.0,10.0,-4.0,16.0,-10.0,-9.0,-2.0,-2.0,-10.0,4.0,-1.0,9.0,4.0,7.0
0.0,3.0,13.0,1.0,-3.0,-3.0,-4.0,4.0,-13.0,12.0,2.0,-8.0,4.0,-6.0,-6.0,5.0,-6.0,9.0,3.0,-5.0,-7.0,-6.0,-2.0,8.0,-5.0,-3.0,4.0,-2.0,3.0,6.0,4.0,-15.0,-3.0,-6.0,9.0,-1.0,4.0,10.0,6.0,-7.0,6.0,-7.0,-1.0,5.0,-4.0,2.0,-12.0,2.0,-3.0,-7.0,-7.0,-13.0,-8.0,7.0,-5.0,2.0,-5.0,5.0,16.0,-3.0,8.0,0.0,-6.0,11.0,-15.0,3.0,2.0,10.0,-2.0,-2.0,-3.0,10.0,-2.0,-8.0,4.0
0.0,1.0,8.0,1.0,-2.0,-16.0,-10.0,0.0,-3.0,0.0,-3.0,-5.0,-1.0,-15.0,2.0,11.0,-7.0,2.0,-1.0,-11.0,-4.0,-14.0,4.0,-1.0,-8.0,5.0,-11.0,-8.0,8.0,6.0,12.0,-13.0,-3.0,-6.0,0.0,13.0,7.0,9.0,7.0,-2.0,-4.0,8.0,1.0,8.0,2.0,-1.0,2.0,5.0,-11.0,-10.0,-6.0,-6.0,-4.0,18.0,3.0,6.0,4.0,1.0,15.0,0.0,3.0,-4.0,-4.0,11.0,-1.0,3.0,-2.0,5.0,11.0,16.0,-4.0,8.0,4.0,-2.0,-12.0
-3.0,5.0,4.0,-10.0,4.0,5.0,-12.0,-4.0,2.0,11.0,2.0,1.0,8.0,-8.0,9.0,-8.0,-1.0,4.0,1.0,-12.0,-2.0,-10.0,3.0,7.0,-7.0,7.0,-5.0,-8.0,3.0,3.0,0.0,2.0,-14.0,-1.0,6.0,13.0,4.0,4.0,7.0,-5.0,4.0,8.0,-11.0,13.0,-4.0,-4.0,-3.0,-11.0,-19.0,-2.0,-14.0,3.0,-12.0,-1.0,3.0,-2.0,4.0,-1.0,4.0,-14.0,3.0,3.0,0.0,7.0,0.0,14.0,-2.0,6.0,12.0,17.0,-3.0,6.0,-13.0,-1.0,6.0
-4.0,5.0,12.0,-10.0,-1.0,-5.0,-7.0,-5.0,-7.0,0.0,-6.0,-1.0,1.0,-6.0,4.0,5.0,-13.0,14.0,15.0,2.0,-5.0,-14.0,-5.0,-4.0,-10.0,-1.0,-4.0,-2.0,10.0,5.0,10.0,-5.0,-9.0,6.0,0.0,1.0,-3.0,6.0,8.0,-1.0,7.0,4.0,-14.0,7.0,-3.0,7.0,-7.0,-10.0,-2.0,-7.0,-10.0,-3.0,-4.0,11.0,2.0,12.0,5.0,2.0,6.0,-8.0,0.0,11.0,-5.0,-2.0,-5.0,1.0,-4.0,0.0,0.0,0.0,-1.0,11.0,-4.0,-1.0,-4.0
-6.0,6.0,13.0,-8.0,-7.0,-12.0,-3.0,1.0,-5.0,2.0,4.0,-7.0,2.0,-7.0,3.0,6.0,-8.0,-9.0,-5.0,-16.0,4.0,-10.0,0.0,4.0,-10.0,7.0,-6.0,1.0,9.0,8.0,3.0,-12.0,-2.0,-3.0,5.0,19.0,-3.0,5.0,-5.0,6.0,2.0,3.0,-1.0,0.0,2.0,7.0,-7.0,-6.0,-14.0,-10.0,5.0,-1.0,6.0,7.0,-9.0,16.0,3.0,3.0,14.0,-6.0,-3.0,-1.0,-3.0,13.0,-4.0,16.0,-9.0,5.0,8.0,8.0,-4.0,5.0,-9.0,0.0,-8.0
-17.0,6.0,-3.0,-2.0,-1.0,-5.0,-2.0,10.0,-11.0,11.0,5.0,-6.0,-5.0,-9.0,-4.0,8.0,-3.0,2.0,5.0,-1.0,-10.0,5.0,-6.0,6.0,-4.0,2.0,-12.0,-1.0,-1.0,4.0,2.0,-2.0,-2.0,-9.0,12.0,-1.0,-3.0,1.0,6.0,-3.0,3.0,3.0,-3.0,14.0,-6.0,0.0,-13.0,-6.0,3.0,-3.0,-1.0,-10.0,4.0,6.0,-6.0,12.0,9.0,-2.0,-7.0,-7.0,5.0,3.0,-4.0,4.0,-3.0,11.0,-5.0,-1.0,10.0,3.0,4.0,-4.0,-2.0,-4.0,-1.0
-3.0,2.0,7.0,3.0,4.0,3.0,-6.0,4.0,-6.0,6.0,-6.0,-4.0,-4.0,-8.0,-6.0,6.0,-4.0,5.0,10.0,-4.0,-14.0,3.0,7.0,8.0,-10.0,0.0,-8.0,1.0,7.0,-1.0,4.0,-7.0,-6.0,-11.0,4.0,7.0,1.0,2.0,3.0,5.0,7.0,8.0,-4.0,5.0,-4.0,1.0,-8.0,-4.0,-12.0,-4.0,6.0,4.0,5.0,2.0,-6.0,0.0,-1.0,3.0,-6.0,-10.0,3.0,10.0,-7.0,3.0,4.0,5.0,-14.0,2.0,-4.0,11.0,-2.0,-5.0,-10.0,-8.0,2.0
7.0,-5.0,-8.0,3.0,-9.0,6.0,14.0,1.0,5.0,4.0,9.0,-3.0,-3.0,16.0,-7.0,-9.0,8.0,-8.0,-5.0,-1.0,4.0,2.0,0.0,0.0,11.0,-2.0,2.0,5.0,3.0,-7.0,2.0,2.0,1.0,11.0,-4.0,-6.0,-5.0,-6.0,3.0,-2.0,-1.0,-4.0,8.0,-3.0,0.0,-4.0,7.0,18.0,-1.0,11.0,7.0,6.0,2.0,4.0,6.0,-5.0,2.0,-1.0,-9.0,-3.0,-7.0,-6.0,15.0,-4.0,12.0,-2.0,0.0,-12.0,-14.0,-6.0,-1.0,-7.0,10.0,3.0,6.0
-8.0,-1.0,-4.0,-14.0,1.0,-12.0,-9.0,8.0,-9.0,11.0,-7.0,-5.0,2.0,-2.0,6.0,10.0,-8.0,3.0,-2.0,-12.0,-11.0,1.0,6.0,12.0,-8.0,-6.0,-9.0,-4.0,0.0,10.0,6.0,-8.0,-1.0,2.0,14.0,6.0,1.0,7.0,3.0,3.0,4.0,5.0,-13.0,7.0,-15.0,12.0,-5.0,3.0,3.0,2.0,-9.0,-6.0,-6.0,6.0,-11.0,0.0,3.0,5.0,2.0,-11.0,-4.0,4.0,-6.0,9.0,-6.0,7.0,-4.0,6.0,8.0,1.0,-4.0,0.0,6.0,-5.0,-9.0
3.0,5.0,-6.0,-3.0,5.0,-2.0,11.0,3.0,1.0,-12.0,15.0,6.0,1.0,3.0,-3.0,-5.0,13.0,2.0,-6.0,-6.0,-1.0,-4.0,10.0,-6.0,9.0,-4.0,-8.0,2.0,-13.0,-2.0,-1.0,9.0,3.0,-5.0,3.0,-9.0,-3.0,-3.0,-2.0,1.0,-4.0,-6.0,7.0,6.0,-4.0,-7.0,2.0,6.0,-2.0,12.0,16.0,12.0,0.0,-5.0,0.0,-2.0,4.0,1.0,-1.0,12.0,-2.0,-5.0,-4.0,-9.0,15.0,-4.0,1.0,-3.0,-6.0,-4.0,8.0,1.0,5.0,6.0,0.0
-3.0,7.0,2.0,2.0,13.0,7.0,1.0,17.0,-5.0,9.0,-2.0,-8.0,3.0,-7.0,11.0,8.0,8.0,-4.0,6.0,0.0,6.0,7.0,2.0,1.0,3.0,9.0,-5.0,1.0,-1.0,0.0,0.0,3.0,1.0,-1.0,5.0,-6.0,11.0,-1.0,7.0,11.0,-8.0,-3.0,-2.0,1.0,3.0,0.0,-5.0,4.0,4.0,5.0,3.0,9.0,-1.0,2.0,3.0,4.0,10.0,10.0,3.0,0.0,20.0,-4.0,-4.0,-1.0,3.0,-6.0,2.0,-2.0,3.0,-4.0,12.0,1.0,0.0,4.0,4.0
-4.0,2.0,0.0,3.0,8.0,-5.0,1.0,8.0,-1.0,4.0,-4.0,1.0,8.0,4.0,4.0,-5.0,-6.0,1.0,-9.0,-2.0,4.0,2.0,7.0,5.0,-9.0,15.0,2.0,-1.0,1.0,-5.0,-3.0,-1.0,3.0,1.0,-7.0,0.0,17.0,1.0,9.0,10.0,0.0,5.0,0.0,-1.0,2.0,-4.0,5.0,1.0,-1.0,2.0,3.0,-2.0,3.0,-1.0,5.0,1.0,10.0,13.0,-1.0,1.0,19.0,0.0,-5.0,-1.0,-3.0,9.0,0.0,-4.0,0.0,8.0,8.0,1.0,-2.0,-1.0,5.0
5.0,7.0,-3.0,5.0,-7.0,6.0,3.0,4.0,15.0,-7.0,-5.0,6.0,-4.0,10.0,6.0,-14.0,13.0,-8.0,3.0,9.0,-3.0,7.0,-1.0,-14.0,10.0,-1.0,6.0,3.0,-9.0,1.0,-12.0,6.0,8.0,-1.0,5.0,1.0,0.0,-9.0,3.0,0.0,-5.0,-4.0,9.0,-1.0,4.0,-4.0,16.0,15.0,4.0,6.0,14.0,-7.0,-6.0,-9.0,2.0,-1.0,3.0,-1.0,-5.0,13.0,2.0,4.0,-3.0,-12.0,5.0,4.0,1.0,-5.0,-11.0,-6.0,-4.0,6.0,6.0,-1.0,-4.0
1.0,6.0,-10.0,1.0,6.0,-3.0,-4.0,2.0,-5.0,-3.0,2.0,5.0,5.0,-1.0,-3.0,6.0,2.0,7.0,7.0,-5.0,-7.0,-8.0,-3.0,5.0,-8.0,7.0,-1.0,-7.0,2.0,11.0,4.0,-16.0,-8.0,-14.0,9.0,-2.0,1.0,1.0,1.0,0.0,6.0,1.0,-16.0,10.0,-10.0,4.0,-3.0,0.0,-14.0,-8.0,-6.0,-7.0,-10.0,-3.0,-11.0,12.0,0.0,1.0,13.0,-8.0,1.0,12.0,-17.0,14.0,-8.0,-2.0,-1.0,-1.0,15.0,1.0,9.0,2.0,2.0,-11.0,-7.0
-1.0,-2.0,-1.0,-7.0,11.0,-6.0,-2.0,8.0,0.0,0.0,2.0,-4.0,9.0,1.0,7.0,0.0,2.0,-7.0,-2.0,6.0,3.0,1.0,0.0,-7.0,1.0,9.0,0.0,-5.0,1.0,5.0,-5.0,-4.0,-10.0,2.0,0.0,2.0,12.0,-2.0,15.0,17.0,0.0,-9.0,1.0,1.0,-4.0,1.0,8.0,3.0,3.0,0.0,-3.0,5.0,3.0,-7.0,-4.0,-2.0,20.0,19.0,2.0,1.0,9.0,-6.0,-7.0,0.0,6.0,-7.0,2.0,1.0,1.0,0.0,8.0,3.0,3.0,-4.0,2.0
8.0,-2.0,-3.0,9.0,7.0,9.0,-2.0,-8.0,17.0,-7.0,5.0,4.0,-6.0,13.0,-4.0,1.0,4.0,-5.0,-4.0,2.0,1.0,8.0,3.0,5.0,2.0,-4.0,11.0,5.0,-5.0,1.0,-9.0,-4.0,1.0,4.0,-6.0,-5.0,8.0,-4.0,-3.0,7.0,-9.0,6.0,14.0,-2.0,9.0,-5.0,0.0,-4.0,3.0,11.0,-1.0,3.0,10.0,-6.0,4.0,-5.0,-4.0,0.0,4.0,12.0,-6.0,-1.0,0.0,-6.0,-1.0,3.0,12.0,-14.0,-13.0,-15.0,0.0,-1.0,2.0,6.0,2.0
-9.0,0.0,9.0,-9.0,0.0,-2.0,-17.0,-8.0,5.0,8.0,-4.0,-10.0,-4.0,-13.0,4.0,10.0,-4.0,7.0,2.0,5.0,-2.0,-9.0,2.0,2.0,-4.0,3.0,-11.0,-2.0,5.0,9.0,1.0,5.0,-9.0,-1.0,18.0,-3.0,-3.0,1.0,-1.0,-5.0,9.0,8.0,-14.0,3.0,-5.0,10.0,-6.0,-4.0,0.0,-5.0,-3.0,-4.0,-7.0,15.0,-6.0,-4.0,-4.0,-5.0,-3.0,-17.0,-7.0,0.0,-15.0,5.0,-17.0,-3.0,-3.0,9.0,5.0,11.0,-3.0,5.0,2.0,-2.0,6.0
5.0,5.0,-10.0,2.0,3.0,-5.0,6.0,-1.0,5.0,-13.0,-3.0,7.0,-2.0,0.0,3.0,0.0,0.0,-9.0,-5.0,4.0,7.0,2.0,3.0,-1.0,2.0,0.0,8.0,4.0,-6.0,5.0,-2.0,-4.0,14.0,3.0,9.0,-4.0,7.0,0.0,3.0,-1.0,-7.0,-5.0,-4.0,-5.0,-1.0,-4.0,11.0,11.0,7.0,-2.0,13.0,4.0,3.0,-4.0,9.0,-9.0,-1.0,-1.0,-12.0,14.0,0.0,-6.0,5.0,2.0,8.0,-4.0,6.0,-6.0,-12.0,-20.0,-5.0,-10.0,13.0,10.0,8.0
-7.0,16.0,11.0,-7.0,2.0,-9.0,-9.0,-2.0,-4.0,13.0,-15.0,-11.0,6.0,5.0,3.0,11.0,-4.0,9.0,-7.0,-6.0,-1.0,8.0,-7.0,5.0,-2.0,5.0,-12.0,-5.0,1.0,8.0,13.0,6.0,-8.0,-3.0,11.0,3.0,-2.0,1.0,-3.0,-1.0,9.0,4.0,-9.0,5.0,-12.0,16.0,-15.0,-1.0,0.0,-5.0,-4.0,-3.0,4.0,12.0,-6.0,15.0,3.0,-3.0,5.0,-8.0,6.0,-1.0,-17.0,8.0,8.0,4.0,-6.0,1.0,6.0,12.0,-1.0,13.0,-8.0,4.0,-8.0
8.0,-2.0,-3.0,7.0,1.0,5.0,8.0,-4.0,13.0,-5.0,5.0,6.0,4.0,-3.0,-1.0,-13.0,-4.0,-9.0,-7.0,7.0,6.0,1.0,3.0,-8.0,5.0,2.0,11.0,11.0,-5.0,-1.0,-9.0,3.0,8.0,0.0,-4.0,-3.0,-7.0,-8.0,-1.0,-6.0,-14.0,-7.0,11.0,2.0,7.0,-10.0,3.0,3.0,14.0,1.0,16.0,11.0,5.0,-2.0,7.0,-4.0,-6.0,9.0,4.0,-2.0,-7.0,3.0,-3.0,-4.0,4.0,2.0,-5.0,1.0,-3.0,-7.0,4.0,-7.0,5.0,0.0,2.0
-4.0,1.0,9.0,3.0,2.0,-9.0,1.0,9.0,-5.0,6.0,4.0,-4.0,4.0,-6.0,-5.0,-2.0,-1.0,5.0,5.0,-6.0,-10.0,-9.0,-6.0,9.0,-12.0,2.0,-10.0,4.0,0.0,1.0,3.0,-15.0,-1.0,-2.0,5.0,2.0,3.0,3.0,6.0,7.0,2.0,-6.0,-6.0,7.0,-7.0,-9.0,2.0,-2.0,-2.0,-4.0,-9.0,-5.0,-14.0,0.0,-4.0,1.0,2.0,0.0,1.0,-1.0,2.0,12.0,-3.0,6.0,-6.0,-5.0,-4.0,2.0,0.0,8.0,0.0,12.0,-2.0,-9.0,-6.0
-3.0,-10.0,-8.0,3.0,-5.0,9.0,18.0,-8.0,0.0,-5.0,4.0,-1.0,-2.0,-2.0,-3.0,-5.0,0.0,3.0,-5.0,2.0,-9.0,12.0,1.0,-11.0,12.0,-7.0,3.0,4.0,-3.0,-2.0,-13.0,7.0,14.0,11.0,-10.0,-1.0,4.0,3.0,9.0,-5.0,-9.0,-6.0,9.0,-4.0,9.0,-2.0,10.0,5.0,6.0,0.0,5.0,-1.0,2.0,-12.0,6.0,-3.0,-2.0,-4.0,-5.0,-1.0,1.0,-14.0,9.0,-6.0,1.0,1.0,2.0,8.0,-2.0,-1.0,-2.0,-9.0,6.0,6.0,-8.0
11.0,-12.0,-6.0,11.0,0.0,5.0,12.0,-1.0,2.0,-2.0,5.0,5.0,0.0,0.0,-3.0,-6.0,6.0,-2.0,-3.0,4.0,0.0,3.0,3.0,-8.0,5.0,-8.0,14.0,6.0,-9.0,0.0,-6.0,1.0,-2.0,8.0,-5.0,9.0,2.0,-14.0,-3.0,-3.0,-2.0,-11.0,-5.0,-8.0,-7.0,-2.0,-2.0,11.0,12.0,0.0,8.0,10.0,-4.0,-14.0,8.0,-6.0,3.0,0.0,-11.0,15.0,1.0,-13.0,5.0,-12.0,6.0,-3.0,0.0,-2.0,-7.0,-9.0,-1.0,-11.0,0.0,5.0,15.0
6.0,1.0,-6.0,6.0,5.0,11.0,5.0,1.0,9.0,-8.0,6.0,0.0,-2.0,11.0,-6.0,-13.0,14.0,-6.0,0.0,11.0,-1.0,17.0,-1.0,-9.0,13.0,-5.0,6.0,10.0,-3.0,-15.0,0.0,8.0,4.0,-2.0,6.0,-9.0,2.0,-11.0,7.0,3.0,-4.0,-7.0,14.0,-12.0,3.0,-10.0,-2.0,16.0,17.0,0.0,8.0,3.0,11.0,-6.0,1.0,-4.0,-4.0,8.0,-6.0,1.0,0.0,-15.0,11.0,-20.0,12.0,-7.0,8.0,-1.0,-9.0,-5.0,9.0,-9.0,6.0,-5.0,4.0
-1.0,-8.0,-1.0,0.0,7.0,-2.0,3.0,13.0,8.0,5.0,4.0,0.0,3.0,0.0,12.0,-10.0,3.0,-5.0,-3.0,3.0,5.0,-3.0,10.0,-4.0,0.0,9.0,-1.0,-2.0,-8.0,-8.0,-6.0,0.0,-1.0,-8.0,-3.0,-5.0,5.0,-2.0,5.0,5.0,1.0,1.0,1.0,-2.0,-1.0,4.0,-3.0,-4.0,-3.0,-1.0,-4.0,4.0,-2.0,-1.0,-4.0,8.0,12.0,8.0,-4.0,9.0,8.0,0.0,-3.0,-5.0,-1.0,4.0,0.0,-2.0,-1.0,9.0,9.0,-8.0,-6.0,-2.0,-2.0
6.0,-4.0,-2.0,3.0,1.0,9.0,-9.0,-9.0,9.0,0.0,6.0,5.0,9.0,9.0,6.0,-9.0,5.0,-4.0,-14.0,8.0,4.0,-1.0,5.0,-3.0,13.0,-3.0,-1.0,0.0,7.0,-1.0,4.0,14.0,-2.0,11.0,-16.0,-4.0,8.0,0.0,-2.0,2.0,-9.0,-3.0,7.0,-4.0,3.0,-1.0,10.0,8.0,6.0,11.0,5.0,-4.0,-5.0,-7.0,0.0,1.0,1.0,1.0,6.0,2.0,3.0,-1.0,5.0,-10.0,13.0,-7.0,12.0,-9.0,-11.0,-9.0,-8.0,-10.0,14.0,5.0,3.0
-1.0,7.0,1.0,5.0,4.0,-3.0,-4.0,-5.0,-12.0,7.0,-5.0,-10.0,10.0,-7.0,-3.0,4.0,-3.0,-2.0,6.0,-11.0,-6.0,-15.0,0.0,10.0,-9.0,0.0,-4.0,3.0,0.0,5.0,3.0,-9.0,-14.0,-6.0,15.0,-4.0,3.0,11.0,2.0,-3.0,5.0,7.0,-13.0,16.0,-8.0,9.0,-2.0,4.0,-13.0,-4.0,-9.0,-2.0,-10.0,10.0,6.0,5.0,0.0,-2.0,6.0,2.0,3.0,2.0,2.0,13.0,-8.0,5.0,-2.0,6.0,0.0,6.0,-6.0,14.0,3.0,-14.0,-4.0
-6.0,10.0,7.0,-10.0,-1.0,0.0,-3.0,0.0,-8.0,6.0,-6.0,-5.0,10.0,-11.0,-5.0,-1.0,-1.0,-1.0,10.0,-5.0,7.0,-1.0,3.0,11.0,-10.0,2.0,-4.0,-8.0,6.0,11.0,2.0,-14.0,-2.0,-9.0,2.0,-2.0,-7.0,9.0,-4.0,5.0,2.0,-1.0,-3.0,2.0,-2.0,4.0,-8.0,-2.0,-1.0,-1.0,0.0,-4.0,-8.0,3.0,-5.0,6.0,4.0,-1.0,-1.0,-11.0,-4.0,6.0,-2.0,10.0,4.0,0.0,-9.0,6.0,5.0,-5.0,-2.0,5.0,-14.0,8.0,1.0
-18.0,10.0,-6.0,-7.0,0.0,-1.0,-2.0,-8.0,-18.0,3.0,-8.0,-9.0,2.0,1.0,2.0,0.0,-2.0,0.0,7.0,0.0,-10.0,-5.0,0.0,-4.0,-1.0,-4.0,-11.0,10.0,7.0,-2.0,3.0,-8.0,1.0,-1.0,11.0,2.0,1.0,3.0,4.0,1.0,7.0,2.0,-10.0,6.0,0.0,7.0,4.0,-12.0,6.0,-4.0,-8.0,-1.0,2.0,6.0,-9.0,0.0,4.0,5.0,-4.0,-7.0,2.0,2.0,6.0,8.0,-8.0,2.0,-6.0,-8.0,15.0,4.0,-2.0,3.0,-4.0,1.0,1.0
