n
75
c
272.0 -229.0 252.0 -234.0 -235.0 -115.0 -133.0 -301.0 280.0 -216.0 235.0 274.0 -75.0 -106.0 258.0 -151.0 -261.0 -163.0 332.0 -309.0 -83.0 -291.0 -68.0 256.0 -94.0 -265.0 -151.0 274.0 293.0 -209.0 -134.0 241.0 -132.0 -165.0 -277.0 266.0 213.0 234.0 -79.0 237.0 -250.0 -283.0 -251.0 -207.0 -137.0 -259.0 -283.0 -136.0 -105.0 248.0 210.0 -237.0 -199.0 281.0 -95.0 -181.0 -292.0 -128.0 244.0 293.0 -199.0 -88.0 -284.0 261.0 -150.0 -275.0 294.0 175.0 -167.0 -74.0 290.0 -111.0 275.0 -115.0 -240.0
Q
-12.0,15.0,-4.0,15.0,14.0,-9.0,8.0,12.0,-16.0,4.0,-3.0,4.0,3.0,-6.0,2.0,3.0,0.0,6.0,-4.0,12.0,-9.0,5.0,6.0,-12.0,0.0,2.0,4.0,-1.0,-6.0,-4.0,4.0,-3.0,-7.0,0.0,0.0,-12.0,-10.0,-10.0,-9.0,-7.0,12.0,13.0,6.0,-1.0,-5.0,3.0,3.0,-4.0,-1.0,-4.0,-4.0,8.0,2.0,-12.0,-9.0,0.0,4.0,-6.0,1.0,-6.0,4.0,0.0,-2.0,-6.0,0.0,1.0,0.0,-3.0,0.0,1.0,-6.0,2.0,4.0,0.0,6.0
15.0,-3.0,7.0,1.0,-15.0,0.0,1.0,-6.0,5.0,-1.0,5.0,11.0,0.0,1.0,8.0,8.0,-1.0,10.0,9.0,-3.0,-7.0,4.0,2.0,0.0,-5.0,-12.0,1.0,8.0,2.0,-9.0,-6.0,2.0,2.0,5.0,-10.0,-5.0,2.0,9.0,-3.0,6.0,-11.0,-3.0,-7.0,-10.0,1.0,-10.0,-15.0,-6.0,-5.0,8.0,15.0,-9.0,0.0,7.0,-3.0,-2.0,-11.0,1.0,6.0,0.0,-18.0,-4.0,-2.0,6.0,5.0,-4.0,1.0,10.0,0.0,-7.0,1.0,-10.0,-4.0,-3.0,10.0
-4.0,7.0,-14.0,12.0,8.0,4.0,-8.0,2.0,-8.0,-2.0,0.0,-5.0,-1.0,-2.0,-6.0,-2.0,-1.0,-2.0,-3.0,10.0,1.0,17.0,-4.0,-7.0,-8.0,4.0,-3.0,1.0,-7.0,9.0,8.0,-8.0,3.0,4.0,-9.0,-7.0,-11.0,4.0,5.0,-6.0,0.0,15.0,10.0,-3.0,3.0,10.0,10.0,3.0,1.0,2.0,-1.0,11.0,1.0,-5.0,-3.0,-4.0,-2.0,-2.0,-6.0,-9.0,-2.0,-3.0,3.0,1.0,6.0,6.0,-8.0,6.0,0.0,-3.0,5.0,-2.0,-2.0,1.0,6.0
15.0,1.0,12.0,-8.0,-9.0,3.0,1.0,-7.0,9.0,-11.0,4.0,12.0,3.0,4.0,0.0,0.0,-1.0,0.0,4.0,-4.0,2.0,-9.0,-8.0,2.0,-8.0,2.0,-1.0,3.0,8.0,-7.0,3.0,-1.0,0.0,1.0,3.0,7.0,3.0,9.0,1.0,0.0,2.0,-10.0,0.0,1.0,-7.0,-1.0,4.0,-3.0,-6.0,11.0,12.0,-4.0,0.0,8.0,-5.0,2.0,-10.0,9.0,17.0,3.0,-8.0,-6.0,-6.0,10.0,-4.0,-5.0,-7.0,7.0,7.0,-6.0,10.0,-10.0,14.0,10.0,-5.0
14.0,-15.0,8.0,-9.0,-13.0,4.0,-5.0,-7.0,10.0,-12.0,7.0,-2.0,-2.0,1.0,1.0,1.0,1.0,-2.0,5.0,-5.0,1.0,3.0,-5.0,1.0,-8.0,-6.0,-2.0,-1.0,12.0,-2.0,3.0,-1.0,8.0,9.0,-6.0,0.0,19.0,0.0,2.0,3.0,-1.0,-9.0,-6.0,-8.0,0.0,2.0,-17.0,2.0,-1.0,14.0,2.0,1.0,-14.0,9.0,-6.0,5.0,-3.0,2.0,2.0,4.0,4.0,-5.0,-11.0,9.0,-7.0,-3.0,9.0,9.0,-1.0,3.0,-1.0,-1.0,9.0,-10.0,-6.0
-9.0,0.0,4.0,3.0,4.0,6.0,5.0,-1.0,8.0,-2.0,0.0,-4.0,3.0,13.0,0.0,16.0,9.0,15.0,-2.0,-6.0,18.0,3.0,5.0,-7.0,15.0,-2.0,13.0,3.0,7.0,-2.0,11.0,0.0,2.0,9.0,-2.0,1.0,7.0,3.0,14.0,8.0,0.0,4.0,-6.0,-8.0,15.0,1.0,-1.0,5.0,7.0,-2.0,-1.0,-3.0,3.0,-3.0,7.0,7.0,-5.0,13.0,8.0,5.0,-4.0,11.0,2.0,5.0,14.0,3.0,4.0,-4.0,10.0,1.0,8.0,10.0,-4.0,14.0,-2.0
8.0,1.0,-8.0,1.0,-5.0,5.0,7.0,0.0,-2.0,6.0,7.0,-9.0,9.0,11.0,3.0,9.0,1.0,9.0,-2.0,0.0,7.0,5.0,4.0,-4.0,10.0,0.0,7.0,4.0,-7.0,1.0,15.0,-5.0,12.0,9.0,6.0,0.0,8.0,2.0,8.0,-5.0,5.0,4.0,-4.0,4.0,15.0,-3.0,-3.0,12.0,9.0,1.0,1.0,0.0,-10.0,2.0,1.0,10.0,3.0,4.0,5.0,-5.0,3.0,3.0,5.0,8.0,12.0,7.0,-1.0,-5.0,15.0,3.0,8.0,13.0,4.0,9.0,1.0
12.0,-6.0,2.0,-7.0,-7.0,-1.0,0.0,-16.0,-6.0,-2.0,4.0,7.0,0.0,1.0,4.0,-6.0,-3.0,5.0,1.0,6.0,5.0,-13.0,0.0,3.0,-4.0,1.0,1.0,7.0,5.0,-3.0,0.0,-4.0,-2.0,1.0,3.0,10.0,10.0,2.0,7.0,9.0,0.0,-1.0,-2.0,-10.0,2.0,-11.0,2.0,-5.0,-7.0,-1.0,5.0,-1.0,-2.0,-3.0,4.0,1.0,1.0,-2.0,0.0,-1.0,-5.0,-3.0,-1.0,9.0,6.0,-11.0,9.0,3.0,-1.0,2.0,10.0,1.0,7.0,1.0,1.0
-16.0,5.0,-8.0,9.0,10.0,8.0,-2.0,-6.0,-11.0,9.0,-8.0,0.0,0.0,1.0,-9.0,3.0,5.0,1.0,-11.0,12.0,3.0,4.0,-3.0,-12.0,-1.0,7.0,4.0,-3.0,-2.0,2.0,4.0,-11.0,-3.0,6.0,2.0,3.0,-6.0,-4.0,0.0,3.0,8.0,9.0,-2.0,12.0,-2.0,-9.0,13.0,0.0,2.0,0.0,-7.0,7.0,12.0,-9.0,0.0,7.0,11.0,-5.0,-7.0,2.0,7.0,-3.0,8.0,-10.0,-1.0,-1.0,-8.0,8.0,-3.0,-2.0,3.0,-2.0,-13.0,4.0,-3.0
4.0,-1.0,-2.0,-11.0,-12.0,-2.0,6.0,-2.0,9.0,-8.0,-2.0,-4.0,-5.0,-3.0,8.0,1.0,-16.0,0.0,7.0,1.0,-4.0,-9.0,0.0,1.0,-9.0,1.0,1.0,12.0,14.0,-8.0,0.0,4.0,0.0,-2.0,-10.0,10.0,9.0,7.0,5.0,4.0,-7.0,-8.0,-11.0,-6.0,2.0,-14.0,-17.0,-3.0,-8.0,3.0,5.0,-10.0,-5.0,-2.0,7.0,-1.0,-6.0,-6.0,-3.0,4.0,-11.0,-1.0,-11.0,10.0,1.0,-8.0,6.0,-4.0,8.0,-1.0,4.0,2.0,5.0,1.0,-5.0
-3.0,5.0,0.0,4.0,7.0,0.0,7.0,4.0,-8.0,-2.0,9.0,-11.0,-3.0,-1.0,-4.0,-8.0,8.0,-3.0,-12.0,9.0,-3.0,8.0,-9.0,-5.0,-3.0,2.0,-6.0,-2.0,-3.0,15.0,-2.0,-10.0,7.0,-1.0,0.0,-9.0,-5.0,-3.0,1.0,-7.0,4.0,8.0,3.0,6.0,-5.0,-1.0,0.0,6.0,0.0,-3.0,-5.0,9.0,-3.0,-10.0,-4.0,6.0,5.0,4.0,-3.0,-14.0,3.0,0.0,-3.0,-5.0,3.0,8.0,-6.0,-1.0,-6.0,3.0,1.0,-5.0,0.0,2.0,19.0
4.0,11.0,-5.0,12.0,-2.0,-4.0,-9.0,7.0,0.0,-4.0,-11.0,-6.0,-4.0,8.0,-9.0,-4.0,2.0,2.0,0.0,6.0,2.0,7.0,3.0,-3.0,0.0,6.0,0.0,-3.0,-13.0,5.0,2.0,-4.0,-5.0,4.0,2.0,-12.0,1.0,1.0,-2.0,-1.0,16.0,3.0,-2.0,6.0,-5.0,6.0,2.0,-3.0,3.0,-7.0,-5.0,9.0,6.0,4.0,2.0,-3.0,-2.0,-2.0,-5.0,-6.0,3.0,1.0,-2.0,-1.0,-4.0,1.0,-10.0,-2.0,-8.0,-4.0,-6.0,-2.0,-6.0,-8.0,5.0
3.0,0.0,-1.0,3.0,-2.0,3.0,9.0,0.0,0.0,-5.0,-3.0,-4.0,4.0,4.0,-7.0,13.0,-4.0,7.0,-6.0,1.0,8.0,-2.0,12.0,-4.0,9.0,-1.0,2.0,9.0,-1.0,-4.0,8.0,-6.0,12.0,10.0,-4.0,7.0,6.0,-1.0,9.0,3.0,1.0,4.0,-2.0,-9.0,14.0,-7.0,-4.0,11.0,8.0,5.0,2.0,-1.0,3.0,-7.0,5.0,5.0,6.0,6.0,0.0,8.0,5.0,14.0,-5.0,3.0,8.0,0.0,5.0,3.0,9.0,10.0,2.0,9.0,0.0,7.0,-4.0
-6.0,1.0,-2.0,4.0,1.0,13.0,11.0,1.0,1.0,-3.0,-1.0,8.0,4.0,6.0,5.0,4.0,-6.0,5.0,1.0,10.0,5.0,-4.0,1.0,1.0,9.0,7.0,17.0,8.0,-2.0,2.0,9.0,4.0,7.0,2.0,-6.0,-8.0,-3.0,5.0,13.0,-1.0,-2.0,0.0,-3.0,2.0,9.0,-4.0,4.0,14.0,13.0,-2.0,4.0,3.0,1.0,1.0,11.0,7.0,7.0,8.0,-6.0,-1.0,5.0,10.0,-5.0,3.0,11.0,-1.0,-6.0,0.0,16.0,19.0,9.0,10.0,-1.0,11.0,-6.0
2.0,8.0,-6.0,0.0,1.0,0.0,3.0,4.0,-9.0,8.0,-4.0,-9.0,-7.0,5.0,4.0,1.0,-5.0,2.0,-15.0,-2.0,-9.0,10.0,5.0,-4.0,7.0,-7.0,0.0,4.0,-5.0,3.0,2.0,-7.0,-7.0,4.0,-3.0,-7.0,-9.0,-13.0,-4.0,-1.0,-6.0,-5.0,7.0,16.0,-8.0,0.0,9.0,3.0,-8.0,2.0,-5.0,5.0,8.0,-8.0,2.0,-7.0,13.0,-6.0,-5.0,-12.0,-4.0,2.0,1.0,-13.0,4.0,7.0,-19.0,0.0,5.0,0.0,-6.0,3.0,-1.0,-2.0,13.0
3.0,8.0,-2.0,0.0,1.0,16.0,9.0,-6.0,3.0,1.0,-8.0,-4.0,13.0,4.0,1.0,15.0,3.0,8.0,1.0,6.0,18.0,5.0,9.0,-1.0,12.0,-9.0,12.0,2.0,6.0,-5.0,9.0,-2.0,9.0,11.0,-5.0,-2.0,-1.0,0.0,8.0,-8.0,-2.0,6.0,0.0,-2.0,12.0,0.0,-6.0,6.0,10.0,-6.0,-2.0,-2.0,-1.0,-3.0,17.0,19.0,6.0,14.0,0.0,-7.0,-6.0,11.0,3.0,-4.0,10.0,-3.0,-3.0,8.0,10.0,17.0,5.0,15.0,0.0,10.0,-8.0
0.0,-1.0,-1.0,-1.0,1.0,9.0,1.0,-3.0,5.0,-16.0,8.0,2.0,-4.0,-6.0,-5.0,3.0,0.0,-3.0,10.0,-5.0,2.0,4.0,2.0,-3.0,7.0,-9.0,2.0,10.0,13.0,-10.0,-1.0,-2.0,-3.0,-3.0,2.0,5.0,14.0,11.0,-10.0,12.0,-2.0,-5.0,-4.0,-7.0,-1.0,-3.0,-6.0,-7.0,1.0,-1.0,9.0,-13.0,-7.0,8.0,-3.0,3.0,-4.0,2.0,5.0,4.0,-14.0,0.0,-10.0,7.0,-10.0,-2.0,5.0,9.0,-1.0,-2.0,2.0,7.0,8.0,-4.0,-5.0
6.0,10.0,-2.0,0.0,-2.0,15.0,9.0,5.0,1.0,0.0,-3.0,2.0,7.0,5.0,2.0,8.0,-3.0,9.0,0.0,-10.0,10.0,1.0,5.0,3.0,11.0,9.0,5.0,-3.0,-6.0,0.0,11.0,1.0,11.0,12.0,-4.0,8.0,0.0,7.0,4.0,5.0,6.0,1.0,6.0,0.0,14.0,3.0,2.0,13.0,7.0,-1.0,-2.0,3.0,1.0,2.0,1.0,13.0,3.0,17.0,10.0,-5.0,-1.0,11.0,8.0,-5.0,5.0,-3.0,0.0,2.0,11.0,14.0,5.0,5.0,-5.0,14.0,-1.0
-4.0,9.0,-3.0,4.0,5.0,-2.0,-2.0,1.0,-11.0,7.0,-12.0,0.0,-6.0,1.0,-15.0,1.0,10.0,0.0,-6.0,9.0,0.0,2.0,-6.0,-6.0,-10.0,4.0,5.0,-8.0,-12.0,5.0,-7.0,-13.0,-1.0,1.0,3.0,-9.0,-5.0,2.0,-3.0,1.0,6.0,5.0,0.0,8.0,-1.0,-2.0,-5.0,-4.0,0.0,-9.0,-8.0,8.0,0.0,-4.0,-1.0,2.0,3.0,3.0,-4.0,6.0,3.0,-5.0,7.0,-17.0,2.0,0.0,-8.0,-6.0,-2.0,3.0,-5.0,0.0,-6.0,-1.0,-2.0
12.0,-3.0,10.0,-4.0,-5.0,-6.0,0.0,6.0,12.0,1.0,9.0,6.0,1.0,10.0,-2.0,6.0,-5.0,-10.0,9.0,-2.0,-9.0,-16.0,-1.0,5.0,0.0,3.0,0.0,14.0,11.0,-10.0,2.0,2.0,1.0,2.0,-3.0,8.0,8.0,-1.0,5.0,6.0,-13.0,-5.0,2.0,2.0,-2.0,-5.0,2.0,-1.0,1.0,-1.0,5.0,-4.0,-8.0,15.0,6.0,3.0,3.0,10.0,8.0,11.0,2.0,3.0,0.0,0.0,5.0,-4.0,3.0,12.0,2.0,3.0,7.0,-1.0,6.0,-5.0,-8.0
-9.0,-7.0,1.0,2.0,1.0,18.0,7.0,5.0,3.0,-4.0,-3.0,2.0,8.0,5.0,-9.0,18.0,2.0,10.0,0.0,-9.0,8.0,-1.0,14.0,3.0,11.0,3.0,16.0,-4.0,-2.0,-8.0,10.0,-6.0,1.0,15.0,-4.0,5.0,3.0,3.0,0.0,-4.0,-4.0,0.0,-1.0,8.0,16.0,-9.0,-6.0,15.0,10.0,-1.0,-1.0,-8.0,-7.0,-3.0,6.0,20.0,-3.0,6.0,-2.0,2.0,1.0,5.0,-5.0,-6.0,9.0,-3.0,3.0,-5.0,17.0,2.0,3.0,9.0,5.0,19.0,0.0
5.0,4.0,17.0,-9.0,3.0,3.0,5.0,-13.0,4.0,-9.0,8.0,7.0,-2.0,-4.0,10.0,5.0,4.0,1.0,2.0,-16.0,-1.0,9.0,-5.0,4.0,8.0,2.0,2.0,4.0,3.0,-11.0,0.0,14.0,-1.0,-6.0,0.0,9.0,3.0,6.0,2.0,1.0,-9.0,-10.0,-7.0,-2.0,2.0,-7.0,-3.0,-4.0,-2.0,1.0,5.0,-8.0,-13.0,8.0,-1.0,5.0,0.0,0.0,6.0,-7.0,-12.0,1.0,0.0,-1.0,-6.0,4.0,12.0,14.0,6.0,0.0,8.0,0.0,-1.0,0.0,-12.0
6.0,2.0,-4.0,-8.0,-5.0,5.0,4.0,0.0,-3.0,0.0,-9.0,3.0,12.0,1.0,5.0,9.0,2.0,5.0,-6.0,-1.0,14.0,-5.0,9.0,-10.0,14.0,-9.0,7.0,5.0,9.0,-5.0,4.0,6.0,11.0,11.0,2.0,6.0,2.0,-1.0,4.0,2.0,-1.0,4.0,0.0,4.0,3.0,-1.0,-1.0,11.0,7.0,-5.0,1.0,-1.0,-1.0,-3.0,3.0,3.0,-3.0,11.0,0.0,6.0,8.0,7.0,4.0,-3.0,10.0,6.0,-5.0,3.0,4.0,3.0,6.0,15.0,4.0,9.0,5.0
-12.0,0.0,-7.0,2.0,1.0,-7.0,-4.0,3.0,-12.0,1.0,-5.0,-3.0,-4.0,1.0,-4.0,-1.0,-3.0,3.0,-6.0,5.0,3.0,4.0,-10.0,0.0,1.0,3.0,1.0,3.0,-14.0,4.0,-3.0,3.0,-1.0,-4.0,14.0,5.0,-9.0,-10.0,-1.0,-5.0,-2.0,-5.0,8.0,6.0,6.0,2.0,3.0,8.0,8.0,-1.0,-2.0,15.0,6.0,-6.0,-5.0,-4.0,-2.0,1.0,-10.0,-8.0,1.0,9.0,12.0,-1.0,2.0,15.0,-4.0,-15.0,7.0,0.0,-8.0,1.0,-12.0,-3.0,1.0
0.0,-5.0,-8.0,-8.0,-8.0,15.0,10.0,-4.0,-1.0,-9.0,-3.0,0.0,9.0,9.0,7.0,12.0,7.0,11.0,-10.0,0.0,11.0,8.0,14.0,1.0,12.0,-4.0,9.0,-2.0,5.0,-5.0,13.0,-1.0,12.0,8.0,-5.0,9.0,-3.0,-7.0,5.0,4.0,-3.0,-9.0,1.0,0.0,8.0,-6.0,4.0,12.0,5.0,9.0,0.0,6.0,2.0,4.0,16.0,18.0,4.0,16.0,0.0,-6.0,-1.0,7.0,8.0,-6.0,15.0,3.0,-8.0,-3.0,9.0,3.0,-1.0,5.0,-5.0,14.0,-7.0
2.0,-12.0,4.0,2.0,-6.0,-2.0,0.0,1.0,7.0,1.0,2.0,6.0,-1.0,7.0,-7.0,-9.0,-9.0,9.0,4.0,3.0,3.0,2.0,-9.0,3.0,-4.0,-8.0,-8.0,6.0,0.0,-12.0,2.0,7.0,-2.0,4.0,5.0,6.0,8.0,9.0,-2.0,0.0,-3.0,-8.0,5.0,-7.0,3.0,3.0,-5.0,-9.0,3.0,10.0,-4.0,4.0,-8.0,3.0,-10.0,8.0,-7.0,5.0,-1.0,0.0,-1.0,-3.0,-15.0,9.0,2.0,-1.0,4.0,7.0,-2.0,-1.0,5.0,-5.0,11.0,0.0,-5.0
4.0,1.0,-3.0,-1.0,-2.0,13.0,7.0,1.0,4.0,1.0,-6.0,0.0,2.0,17.0,0.0,12.0,2.0,5.0,5.0,0.0,16.0,2.0,7.0,1.0,9.0,-8.0,8.0,-3.0,2.0,-4.0,10.0,2.0,15.0,10.0,1.0,-9.0,0.0,-2.0,12.0,0.0,8.0,0.0,-1.0,-2.0,11.0,-4.0,7.0,14.0,11.0,0.0,10.0,-1.0,-2.0,-1.0,5.0,15.0,4.0,0.0,-5.0,0.0,2.0,8.0,7.0,0.0,3.0,-3.0,-1.0,0.0,8.0,7.0,4.0,11.0,-1.0,13.0,1.0
-1.0,8.0,1.0,3.0,-1.0,3.0,4.0,7.0,-3.0,12.0,-2.0,-3.0,9.0,8.0,4.0,2.0,10.0,-3.0,-8.0,14.0,-4.0,4.0,5.0,3.0,-2.0,6.0,-3.0,-12.0,-6.0,6.0,4.0,-3.0,3.0,3.0,5.0,-5.0,4.0,0.0,0.0,-1.0,2.0,8.0,-6.0,5.0,5.0,2.0,8.0,1.0,1.0,-7.0,-4.0,1.0,8.0,-16.0,0.0,1.0,4.0,2.0,-1.0,-2.0,0.0,-9.0,3.0,-4.0,-1.0,4.0,-5.0,-8.0,0.0,-1.0,-8.0,-5.0,-5.0,-6.0,4.0
-6.0,2.0,-7.0,8.0,12.0,7.0,-7.0,5.0,-2.0,14.0,-3.0,-13.0,-1.0,-2.0,-5.0,6.0,13.0,-6.0,-12.0,11.0,-2.0,3.0,9.0,-14.0,5.0,0.0,2.0,-6.0,-6.0,2.0,1.0,-11.0,4.0,5.0,3.0,2.0,-12.0,6.0,6.0,1.0,8.0,14.0,-6.0,6.0,-2.0,8.0,5.0,6.0,-6.0,-1.0,-9.0,-4.0,-4.0,-14.0,-1.0,3.0,-4.0,4.0,-2.0,-5.0,18.0,5.0,14.0,-9.0,-7.0,3.0,-19.0,-1.0,1.0,-6.0,-10.0,2.0,2.0,-4.0,-4.0
-4.0,-9.0,9.0,-7.0,-2.0,-2.0,1.0,-3.0,2.0,-8.0,15.0,5.0,-4.0,2.0,3.0,-5.0,-10.0,0.0,5.0,-10.0,-8.0,-11.0,-5.0,4.0,-5.0,-12.0,-4.0,6.0,2.0,-13.0,-9.0,0.0,5.0,5.0,0.0,2.0,2.0,11.0,0.0,7.0,-2.0,0.0,1.0,-3.0,-8.0,-8.0,-9.0,-5.0,5.0,5.0,2.0,0.0,-11.0,4.0,5.0,0.0,-2.0,0.0,4.0,0.0,2.0,4.0,3.0,13.0,-2.0,-10.0,-5.0,-2.0,0.0,1.0,2.0,-4.0,3.0,-3.0,0.0
4.0,-6.0,8.0,3.0,3.0,11.0,15.0,0.0,4.0,0.0,-2.0,2.0,8.0,9.0,2.0,9.0,-1.0,11.0,-7.0,2.0,10.0,0.0,4.0,-3.0,13.0,2.0,10.0,4.0,1.0,-9.0,15.0,6.0,12.0,20.0,6.0,1.0,-6.0,2.0,17.0,-5.0,2.0,7.0,5.0,-7.0,6.0,0.0,8.0,13.0,0.0,2.0,-2.0,-6.0,8.0,4.0,11.0,6.0,-1.0,4.0,-6.0,-1.0,-9.0,5.0,3.0,-5.0,4.0,-8.0,1.0,3.0,10.0,4.0,-2.0,13.0,-2.0,10.0,-2.0
-3.0,2.0,-8.0,-1.0,-1.0,0.0,-5.0,-4.0,-11.0,4.0,-10.0,-4.0,-6.0,4.0,-7.0,-2.0,-2.0,1.0,-13.0,2.0,-6.0,14.0,6.0,3.0,-1.0,7.0,2.0,-3.0,-11.0,0.0,6.0,-3.0,-1.0,1.0,2.0,4.0,1.0,-11.0,-1.0,2.0,4.0,3.0,11.0,0.0,0.0,5.0,4.0,2.0,7.0,3.0,-2.0,6.0,10.0,-3.0,7.0,-3.0,11.0,-2.0,-5.0,-1.0,-4.0,-5.0,11.0,-1.0,1.0,11.0,-1.0,5.0,2.0,0.0,-8.0,-3.0,-5.0,3.0,3.0
-7.0,2.0,3.0,0.0,8.0,2.0,12.0,-2.0,-3.0,0.0,7.0,-5.0,12.0,7.0,-7.0,9.0,-3.0,11.0,-1.0,1.0,1.0,-1.0,11.0,-1.0,12.0,-2.0,15.0,3.0,4.0,5.0,12.0,-1.0,8.0,3.0,-7.0,3.0,-9.0,3.0,13.0,2.0,6.0,8.0,7.0,-10.0,9.0,1.0,-3.0,18.0,5.0,1.0,1.0,7.0,-8.0,-2.0,13.0,9.0,-4.0,7.0,0.0,0.0,-5.0,16.0,-3.0,4.0,7.0,1.0,-2.0,-7.0,7.0,6.0,-3.0,8.0,4.0,10.0,-5.0
0.0,5.0,4.0,1.0,9.0,9.0,9.0,1.0,6.0,-2.0,-1.0,4.0,10.0,2.0,4.0,11.0,-3.0,12.0,1.0,2.0,15.0,-6.0,11.0,-4.0,8.0,4.0,10.0,3.0,5.0,5.0,20.0,1.0,3.0,12.0,0.0,-2.0,6.0,-3.0,8.0,2.0,3.0,-2.0,9.0,5.0,15.0,3.0,-3.0,15.0,2.0,-2.0,8.0,-1.0,6.0,6.0,11.0,16.0,1.0,8.0,-4.0,9.0,-7.0,9.0,1.0,-6.0,12.0,-2.0,5.0,0.0,10.0,10.0,6.0,7.0,-4.0,6.0,3.0
0.0,-10.0,-9.0,3.0,-6.0,-2.0,6.0,3.0,2.0,-10.0,0.0,2.0,-4.0,-6.0,-3.0,-5.0,2.0,-4.0,3.0,-3.0,-4.0,0.0,2.0,14.0,-5.0,5.0,1.0,5.0,3.0,0.0,6.0,2.0,-7.0,0.0,-15.0,4.0,2.0,-1.0,-2.0,1.0,-4.0,-3.0,-2.0,-5.0,-4.0,-2.0,-7.0,-8.0,-4.0,9.0,9.0,-10.0,-2.0,-4.0,-6.0,0.0,-8.0,-1.0,4.0,4.0,-3.0,-5.0,6.0,11.0,-4.0,-7.0,-3.0,11.0,1.0,-5.0,2.0,7.0,-7.0,3.0,-4.0
-12.0,-5.0,-7.0,7.0,0.0,1.0,0.0,10.0,3.0,10.0,-9.0,-12.0,7.0,-8.0,-7.0,-2.0,5.0,8.0,-9.0,8.0,5.0,9.0,6.0,5.0,9.0,6.0,-9.0,-5.0,2.0,2.0,1.0,4.0,3.0,-2.0,4.0,-14.0,-6.0,-4.0,-8.0,5.0,4.0,7.0,16.0,9.0,-1.0,8.0,7.0,0.0,-7.0,-3.0,-3.0,-2.0,4.0,5.0,3.0,8.0,1.0,6.0,-3.0,-12.0,1.0,-3.0,-4.0,-12.0,-4.0,4.0,2.0,-13.0,-4.0,-8.0,-4.0,7.0,-11.0,-4.0,-3.0
-10.0,2.0,-11.0,3.0,19.0,7.0,8.0,10.0,-6.0,9.0,-5.0,1.0,6.0,-3.0,-9.0,-1.0,14.0,0.0,-5.0,8.0,3.0,3.0,2.0,-9.0,-3.0,8.0,0.0,4.0,-12.0,2.0,-6.0,1.0,-9.0,6.0,2.0,-6.0,-14.0,6.0,-7.0,-5.0,4.0,15.0,6.0,5.0,5.0,8.0,15.0,-1.0,4.0,-17.0,-8.0,7.0,9.0,0.0,-9.0,1.0,4.0,-1.0,0.0,1.0,5.0,-3.0,8.0,-6.0,-4.0,14.0,-17.0,0.0,5.0,0.0,-10.0,5.0,-9.0,-5.0,5.0
-10.0,9.0,4.0,9.0,0.0,3.0,2.0,2.0,-4.0,7.0,-3.0,1.0,-1.0,5.0,-13.0,0.0,11.0,7.0,2.0,-1.0,3.0,6.0,-1.0,-10.0,-7.0,9.0,-2.0,0.0,6.0,11.0,2.0,-11.0,3.0,-3.0,-1.0,-4.0,6.0,-11.0,1.0,-4.0,-10.0,13.0,2.0,16.0,2.0,13.0,14.0,-2.0,5.0,-3.0,-5.0,9.0,5.0,2.0,-1.0,-6.0,14.0,2.0,-3.0,5.0,4.0,-1.0,4.0,-8.0,-3.0,8.0,-14.0,-3.0,-4.0,0.0,-11.0,5.0,-6.0,-3.0,8.0
-9.0,-3.0,5.0,1.0,2.0,14.0,8.0,7.0,0.0,5.0,1.0,-2.0,9.0,13.0,-4.0,8.0,-10.0,4.0,-3.0,5.0,0.0,2.0,4.0,-1.0,5.0,-2.0,12.0,0.0,6.0,0.0,17.0,-1.0,13.0,8.0,-2.0,-8.0,-7.0,1.0,12.0,1.0,0.0,-6.0,-5.0,-4.0,4.0,0.0,3.0,13.0,2.0,-3.0,1.0,-1.0,8.0,-7.0,8.0,2.0,-3.0,2.0,1.0,2.0,-2.0,19.0,1.0,-2.0,2.0,-4.0,6.0,-2.0,9.0,4.0,-6.0,6.0,-7.0,17.0,-3.0
-7.0,6.0,-6.0,0.0,3.0,8.0,-5.0,9.0,3.0,4.0,-7.0,-1.0,3.0,-1.0,-1.0,-8.0,12.0,5.0,1.0,6.0,-4.0,1.0,2.0,-5.0,4.0,0.0,0.0,-1.0,1.0,7.0,-5.0,2.0,2.0,2.0,1.0,5.0,-5.0,-4.0,1.0,-6.0,10.0,-1.0,10.0,12.0,-4.0,5.0,4.0,2.0,-4.0,-10.0,-4.0,16.0,-3.0,-14.0,0.0,-6.0,11.0,3.0,6.0,2.0,6.0,1.0,13.0,0.0,-1.0,4.0,-6.0,1.0,-10.0,-2.0,1.0,1.0,-14.0,1.0,6.0
12.0,-11.0,0.0,2.0,-1.0,0.0,5.0,0.0,8.0,-7.0,4.0,16.0,1.0,-2.0,-6.0,-2.0,-2.0,6.0,6.0,-13.0,-4.0,-9.0,-1.0,-2.0,-3.0,-3.0,8.0,2.0,8.0,-2.0,2.0,4.0,6.0,3.0,-4.0,4.0,4.0,-10.0,0.0,10.0,-19.0,-5.0,-9.0,-9.0,2.0,-4.0,-10.0,8.0,-5.0,4.0,7.0,-12.0,-10.0,3.0,0.0,-5.0,-5.0,0.0,8.0,0.0,-1.0,-1.0,-13.0,-1.0,-5.0,9.0,2.0,16.0,5.0,1.0,-3.0,-2.0,6.0,4.0,-3.0
13.0,-3.0,15.0,-10.0,-9.0,4.0,4.0,-1.0,9.0,-8.0,8.0,3.0,4.0,0.0,-5.0,6.0,-5.0,1.0,5.0,-5.0,0.0,-10.0,4.0,-5.0,-9.0,-8.0,0.0,8.0,14.0,0.0,7.0,3.0,8.0,-2.0,-3.0,7.0,15.0,13.0,-6.0,-1.0,-5.0,-12.0,0.0,-10.0,-2.0,-1.0,-7.0,7.0,-1.0,-1.0,4.0,-17.0,1.0,6.0,-6.0,-3.0,-10.0,8.0,7.0,3.0,-7.0,-9.0,-1.0,3.0,8.0,3.0,1.0,9.0,-4.0,-2.0,6.0,7.0,7.0,3.0,-6.0
6.0,-7.0,10.0,0.0,-6.0,-6.0,-4.0,-2.0,-2.0,-11.0,3.0,-2.0,-2.0,-3.0,7.0,0.0,-4.0,6.0,0.0,2.0,-1.0,-7.0,0.0,8.0,1.0,5.0,-1.0,-6.0,-6.0,1.0,5.0,11.0,7.0,9.0,-2.0,16.0,6.0,2.0,-5.0,10.0,-9.0,0.0,0.0,-9.0,-3.0,-9.0,-16.0,2.0,4.0,13.0,0.0,5.0,-7.0,6.0,-7.0,7.0,-3.0,-5.0,5.0,-2.0,-4.0,5.0,-19.0,7.0,-6.0,-8.0,-1.0,8.0,4.0,-6.0,-2.0,-4.0,-6.0,-3.0,-8.0
-1.0,-10.0,-3.0,1.0,-8.0,-8.0,4.0,-10.0,12.0,-6.0,6.0,6.0,-9.0,2.0,16.0,-2.0,-7.0,0.0,8.0,2.0,8.0,-2.0,4.0,6.0,0.0,-7.0,-2.0,5.0,6.0,-3.0,-7.0,0.0,-10.0,5.0,-5.0,9.0,5.0,16.0,-4.0,12.0,-9.0,-10.0,-9.0,1.0,-8.0,-13.0,-12.0,-1.0,-2.0,3.0,4.0,-7.0,-3.0,3.0,-2.0,1.0,1.0,-4.0,5.0,0.0,-4.0,-4.0,-2.0,14.0,6.0,0.0,16.0,5.0,-5.0,-6.0,9.0,4.0,1.0,-10.0,-10.0
-5.0,1.0,3.0,-7.0,0.0,15.0,15.0,2.0,-2.0,2.0,-5.0,-5.0,14.0,9.0,-8.0,12.0,-1.0,14.0,-1.0,-2.0,16.0,2.0,3.0,6.0,8.0,3.0,11.0,5.0,-2.0,-8.0,6.0,0.0,9.0,15.0,-4.0,-1.0,5.0,2.0,4.0,-4.0,2.0,-2.0,-3.0,-8.0,15.0,1.0,-4.0,12.0,3.0,-1.0,-3.0,0.0,4.0,-4.0,13.0,13.0,0.0,9.0,5.0,-7.0,3.0,16.0,10.0,4.0,11.0,8.0,-8.0,2.0,8.0,19.0,-6.0,3.0,3.0,7.0,-3.0
3.0,-10.0,10.0,-1.0,2.0,1.0,-3.0,-11.0,-9.0,-14.0,-1.0,6.0,-7.0,-4.0,0.0,0.0,-3.0,3.0,-2.0,-5.0,-9.0,-7.0,-1.0,2.0,-6.0,3.0,-4.0,2.0,8.0,-8.0,0.0,5.0,1.0,3.0,-2.0,8.0,8.0,13.0,0.0,5.0,-4.0,-1.0,-9.0,-13.0,1.0,-16.0,-3.0,-1.0,6.0,2.0,6.0,-1.0,5.0,-3.0,-2.0,-1.0,-6.0,1.0,12.0,6.0,-3.0,-10.0,-5.0,8.0,-1.0,-6.0,3.0,4.0,5.0,4.0,-4.0,0.0,-5.0,7.0,-6.0
3.0,-15.0,10.0,4.0,-17.0,-1.0,-3.0,2.0,13.0,-17.0,0.0,2.0,-4.0,4.0,9.0,-6.0,-6.0,2.0,-5.0,2.0,-6.0,-3.0,-1.0,3.0,4.0,-5.0,7.0,8.0,5.0,-9.0,8.0,4.0,-3.0,-3.0,-7.0,7.0,15.0,14.0,3.0,4.0,-10.0,-7.0,-16.0,-12.0,-4.0,-3.0,-10.0,4.0,7.0,10.0,8.0,-12.0,-6.0,11.0,0.0,3.0,6.0,0.0,10.0,5.0,-11.0,5.0,-1.0,-5.0,1.0,-3.0,-8.0,6.0,5.0,6.0,-1.0,-4.0,8.0,6.0,-2.0
-4.0,-6.0,3.0,-3.0,2.0,5.0,12.0,-5.0,0.0,-3.0,6.0,-3.0,11.0,14.0,3.0,6.0,-7.0,13.0,-4.0,-1.0,15.0,-4.0,11.0,8.0,12.0,-9.0,14.0,1.0,6.0,-5.0,13.0,2.0,18.0,15.0,-8.0,0.0,-1.0,-2.0,13.0,2.0,8.0,7.0,2.0,-1.0,12.0,-1.0,4.0,13.0,14.0,-5.0,4.0,1.0,0.0,4.0,9.0,12.0,3.0,5.0,-6.0,-4.0,-8.0,13.0,-8.0,5.0,10.0,10.0,8.0,-3.0,11.0,13.0,-10.0,10.0,8.0,14.0,3.0
-1.0,-5.0,1.0,-6.0,-1.0,7.0,9.0,-7.0,2.0,-8.0,0.0,3.0,8.0,13.0,-8.0,10.0,1.0,7.0,0.0,1.0,10.0,-2.0,7.0,8.0,5.0,3.0,11.0,1.0,-6.0,5.0,0.0,7.0,5.0,2.0,-4.0,-7.0,4.0,5.0,2.0,-4.0,-5.0,-1.0,4.0,-2.0,3.0,6.0,7.0,14.0,17.0,-3.0,9.0,-4.0,-1.0,5.0,13.0,9.0,2.0,11.0,-2.0,10.0,-1.0,10.0,1.0,-5.0,12.0,9.0,-1.0,-2.0,7.0,10.0,-7.0,7.0,6.0,4.0,3.0
-4.0,8.0,2.0,11.0,14.0,-2.0,1.0,-1.0,0.0,3.0,-3.0,-7.0,5.0,-2.0,2.0,-6.0,-1.0,-1.0,-9.0,-1.0,-1.0,1.0,-5.0,-1.0,9.0,10.0,0.0,-7.0,-1.0,5.0,2.0,3.0,1.0,-2.0,9.0,-3.0,-17.0,-3.0,-3.0,-10.0,4.0,-1.0,13.0,3.0,-1.0,2.0,10.0,-5.0,-3.0,-4.0,-9.0,13.0,10.0,-5.0,2.0,-2.0,12.0,-8.0,-3.0,-2.0,8.0,0.0,6.0,2.0,2.0,5.0,0.0,-12.0,3.0,6.0,-1.0,4.0,2.0,-2.0,-3.0
-4.0,15.0,-1.0,12.0,2.0,-1.0,1.0,5.0,-7.0,5.0,-5.0,-5.0,2.0,4.0,-5.0,-2.0,9.0,-2.0,-8.0,5.0,-1.0,5.0,1.0,-2.0,0.0,-4.0,10.0,-4.0,-9.0,2.0,-2.0,-2.0,1.0,8.0,9.0,-3.0,-8.0,-5.0,1.0,-4.0,7.0,4.0,0.0,4.0,-3.0,6.0,8.0,4.0,9.0,-9.0,1.0,-3.0,2.0,0.0,4.0,2.0,8.0,-2.0,-5.0,-10.0,6.0,-3.0,3.0,3.0,0.0,1.0,-19.0,-1.0,1.0,5.0,-12.0,-5.0,4.0,-5.0,0.0
8.0,-9.0,11.0,-4.0,1.0,-3.0,0.0,-1.0,7.0,-10.0,9.0,9.0,-1.0,3.0,5.0,-2.0,-13.0,3.0,8.0,-4.0,-8.0,-8.0,-1.0,15.0,6.0,4.0,-1.0,1.0,-4.0,0.0,-6.0,6.0,7.0,-1.0,-10.0,-2.0,7.0,9.0,-1.0,16.0,-12.0,-17.0,5.0,-7.0,0.0,-1.0,-12.0,1.0,-4.0,13.0,-3.0,5.0,-12.0,1.0,-4.0,-4.0,4.0,2.0,1.0,6.0,-10.0,4.0,-4.0,16.0,-7.0,-6.0,5.0,2.0,-2.0,-8.0,3.0,-5.0,11.0,1.0,-13.0
2.0,0.0,1.0,0.0,-14.0,3.0,-10.0,-2.0,12.0,-5.0,-3.0,6.0,3.0,1.0,8.0,-1.0,-7.0,1.0,0.0,-8.0,-7.0,-13.0,-1.0,6.0,2.0,-8.0,-2.0,8.0,-4.0,-11.0,8.0,10.0,-8.0,6.0,-2.0,4.0,9.0,5.0,8.0,-3.0,-10.0,1.0,-7.0,-3.0,4.0,5.0,-6.0,0.0,-1.0,10.0,2.0,-12.0,2.0,9.0,5.0,3.0,-2.0,10.0,7.0,-5.0,-12.0,-10.0,-1.0,3.0,5.0,1.0,2.0,6.0,-2.0,-9.0,3.0,-1.0,0.0,-3.0,4.0
-12.0,7.0,-5.0,8.0,9.0,-3.0,2.0,-3.0,-9.0,-2.0,-10.0,4.0,-7.0,1.0,-8.0,-3.0,8.0,2.0,-4.0,15.0,-3.0,8.0,-3.0,-6.0,4.0,3.0,-1.0,-16.0,-14.0,4.0,4.0,-3.0,-2.0,6.0,-4.0,5.0,0.0,2.0,-7.0,-14.0,3.0,6.0,6.0,3.0,-4.0,-3.0,11.0,4.0,5.0,-5.0,0.0,1.0,9.0,-12.0,-5.0,6.0,9.0,0.0,3.0,-13.0,10.0,1.0,7.0,-13.0,-1.0,1.0,-9.0,-9.0,3.0,6.0,-1.0,0.0,-10.0,0.0,-4.0
-9.0,-3.0,-3.0,-5.0,-6.0,7.0,1.0,4.0,0.0,7.0,-4.0,2.0,5.0,11.0,2.0,17.0,-3.0,1.0,-1.0,6.0,6.0,-1.0,3.0,-5.0,16.0,-10.0,5.0,0.0,-1.0,5.0,11.0,7.0,13.0,11.0,-6.0,3.0,-9.0,-1.0,8.0,0.0,0.0,-6.0,-7.0,-2.0,13.0,-2.0,0.0,9.0,13.0,2.0,4.0,-4.0,5.0,-5.0,18.0,8.0,0.0,17.0,5.0,-2.0,-1.0,17.0,-3.0,-1.0,12.0,-1.0,1.0,2.0,4.0,13.0,-2.0,12.0,9.0,3.0,0.0
0.0,-2.0,-4.0,2.0,5.0,7.0,10.0,1.0,7.0,-1.0,6.0,-3.0,5.0,7.0,-7.0,19.0,3.0,13.0,2.0,3.0,20.0,5.0,3.0,-4.0,18.0,8.0,15.0,1.0,3.0,0.0,6.0,-3.0,9.0,16.0,0.0,8.0,1.0,-6.0,2.0,-6.0,-5.0,-3.0,7.0,1.0,13.0,-1.0,3.0,12.0,9.0,-2.0,2.0,-4.0,3.0,6.0,8.0,15.0,-7.0,16.0,-2.0,-3.0,-2.0,15.0,-3.0,5.0,18.0,7.0,1.0,7.0,9.0,9.0,5.0,2.0,8.0,16.0,-3.0
4.0,-11.0,-2.0,-10.0,-3.0,-5.0,3.0,1.0,11.0,-6.0,5.0,-2.0,6.0,7.0,13.0,6.0,-4.0,3.0,3.0,3.0,-3.0,0.0,-3.0,-2.0,4.0,-7.0,4.0,4.0,-4.0,-2.0,-1.0,11.0,-4.0,1.0,-8.0,1.0,4.0,14.0,-3.0,11.0,-5.0,-10.0,-3.0,1.0,0.0,-6.0,6.0,3.0,2.0,12.0,8.0,4.0,-2.0,9.0,0.0,-7.0,3.0,1.0,16.0,6.0,-18.0,-3.0,-8.0,-4.0,6.0,-6.0,2.0,3.0,6.0,-7.0,4.0,4.0,15.0,3.0,-10.0
-6.0,1.0,-2.0,9.0,2.0,13.0,4.0,-2.0,-5.0,-6.0,4.0,-2.0,6.0,8.0,-6.0,14.0,2.0,17.0,3.0,10.0,6.0,0.0,11.0,1.0,16.0,5.0,0.0,2.0,4.0,0.0,4.0,-2.0,7.0,8.0,-1.0,6.0,-1.0,2.0,2.0,3.0,0.0,8.0,-5.0,-4.0,9.0,1.0,0.0,5.0,11.0,-8.0,-2.0,2.0,10.0,0.0,17.0,16.0,1.0,18.0,-3.0,3.0,-1.0,13.0,-2.0,1.0,10.0,-3.0,-1.0,-7.0,13.0,4.0,-9.0,2.0,0.0,6.0,-4.0
1.0,6.0,-6.0,17.0,2.0,8.0,5.0,0.0,-7.0,-3.0,-3.0,-5.0,0.0,-6.0,-5.0,0.0,5.0,10.0,-4.0,8.0,-2.0,6.0,0.0,-10.0,0.0,-1.0,-5.0,-1.0,-2.0,4.0,-6.0,-5.0,0.0,-4.0,4.0,-3.0,0.0,-3.0,1.0,6.0,8.0,7.0,5.0,5.0,5.0,12.0,10.0,-6.0,-2.0,-3.0,-5.0,1.0,7.0,3.0,5.0,-2.0,16.0,-3.0,2.0,0.0,9.0,0.0,1.0,-3.0,-10.0,5.0,1.0,2.0,-6.0,-8.0,-4.0,-2.0,-3.0,4.0,4.0
-6.0,0.0,-9.0,3.0,4.0,5.0,-5.0,-1.0,2.0,4.0,-14.0,-6.0,8.0,-1.0,-12.0,-7.0,4.0,-5.0,6.0,11.0,2.0,-7.0,6.0,-8.0,-6.0,0.0,0.0,-2.0,-5.0,0.0,-1.0,-1.0,0.0,9.0,4.0,-12.0,1.0,5.0,2.0,2.0,0.0,3.0,-2.0,0.0,-7.0,6.0,5.0,-4.0,10.0,-2.0,-10.0,6.0,-5.0,-13.0,-2.0,-3.0,6.0,3.0,0.0,-12.0,1.0,-1.0,8.0,-10.0,-2.0,7.0,-2.0,-5.0,6.0,2.0,-7.0,6.0,-4.0,-2.0,16.0
4.0,-18.0,-2.0,-8.0,4.0,-4.0,3.0,-5.0,7.0,-11.0,3.0,3.0,5.0,5.0,-4.0,-6.0,-14.0,-1.0,3.0,2.0,1.0,-12.0,8.0,1.0,-1.0,-1.0,2.0,0.0,18.0,2.0,-9.0,-4.0,-5.0,-7.0,-3.0,1.0,5.0,4.0,-2.0,6.0,-1.0,-7.0,-4.0,-4.0,3.0,-3.0,-11.0,-8.0,-1.0,8.0,6.0,-10.0,-12.0,10.0,-1.0,-2.0,-18.0,-1.0,9.0,1.0,1.0,-9.0,-2.0,5.0,6.0,-1.0,10.0,18.0,2.0,2.0,-2.0,0.0,11.0,-4.0,0.0
0.0,-4.0,-3.0,-6.0,-5.0,11.0,3.0,-3.0,-3.0,-1.0,0.0,1.0,14.0,10.0,2.0,11.0,0.0,11.0,-5.0,3.0,5.0,1.0,7.0,9.0,7.0,-3.0,8.0,-9.0,5.0,4.0,5.0,-5.0,16.0,9.0,-5.0,-3.0,-3.0,-1.0,19.0,1.0,-1.0,-9.0,5.0,-4.0,16.0,-10.0,5.0,13.0,10.0,0.0,-3.0,4.0,-10.0,1.0,17.0,15.0,-3.0,13.0,0.0,-1.0,-9.0,7.0,-6.0,0.0,17.0,5.0,4.0,5.0,12.0,4.0,4.0,6.0,1.0,7.0,1.0
-2.0,-2.0,3.0,-6.0,-11.0,2.0,5.0,-1.0,8.0,-11.0,-3.0,-2.0,-5.0,-5.0,1.0,3.0,-10.0,8.0,7.0,0.0,-5.0,0.0,4.0,12.0,8.0,-15.0,7.0,3.0,14.0,3.0,3.0,11.0,-3.0,1.0,6.0,-4.0,8.0,4.0,1.0,13.0,-13.0,-1.0,-19.0,-2.0,10.0,-5.0,-1.0,-8.0,1.0,6.0,3.0,-4.0,-1.0,7.0,-3.0,-3.0,-8.0,-2.0,1.0,8.0,-2.0,-6.0,-9.0,-2.0,6.0,0.0,8.0,-3.0,-5.0,-1.0,-1.0,-2.0,-5.0,3.0,-7.0
-6.0,6.0,1.0,10.0,9.0,5.0,8.0,9.0,-10.0,10.0,-5.0,-1.0,3.0,3.0,-13.0,-4.0,7.0,-5.0,-17.0,0.0,-6.0,-1.0,-3.0,-1.0,-6.0,9.0,0.0,-4.0,-9.0,13.0,-5.0,-1.0,4.0,-6.0,11.0,-12.0,-6.0,-8.0,-2.0,0.0,-1.0,3.0,7.0,14.0,4.0,8.0,-5.0,5.0,-5.0,2.0,3.0,16.0,3.0,-13.0,-1.0,5.0,-4.0,1.0,-3.0,-10.0,5.0,0.0,-2.0,-2.0,1.0,5.0,-11.0,-1.0,2.0,0.0,-5.0,-4.0,1.0,-9.0,0.0
0.0,5.0,6.0,-4.0,-7.0,14.0,12.0,6.0,-1.0,1.0,3.0,-4.0,8.0,11.0,4.0,10.0,-10.0,5.0,2.0,5.0,9.0,-6.0,10.0,2.0,15.0,2.0,3.0,-1.0,-7.0,-2.0,4.0,1.0,7.0,12.0,-4.0,-4.0,-4.0,-3.0,2.0,-1.0,-5.0,8.0,-6.0,6.0,11.0,-1.0,1.0,10.0,12.0,2.0,0.0,-7.0,5.0,-1.0,12.0,18.0,6.0,10.0,-10.0,-2.0,6.0,17.0,6.0,1.0,7.0,8.0,3.0,2.0,12.0,16.0,5.0,1.0,0.0,13.0,-4.0
1.0,-4.0,6.0,-5.0,-3.0,3.0,7.0,-11.0,-1.0,-8.0,8.0,1.0,0.0,-1.0,7.0,-3.0,-2.0,-3.0,0.0,-4.0,-3.0,4.0,6.0,15.0,3.0,-1.0,-3.0,4.0,3.0,-10.0,-8.0,11.0,1.0,-2.0,-7.0,4.0,14.0,8.0,-4.0,4.0,9.0,3.0,-8.0,0.0,8.0,-6.0,-3.0,10.0,9.0,5.0,1.0,-6.0,1.0,1.0,-1.0,7.0,-6.0,-3.0,5.0,7.0,-1.0,5.0,0.0,5.0,8.0,6.0,3.0,2.0,3.0,2.0,2.0,3.0,13.0,-9.0,-16.0
0.0,1.0,-8.0,-7.0,9.0,4.0,-1.0,9.0,-8.0,6.0,-6.0,-10.0,5.0,-6.0,-19.0,-3.0,5.0,0.0,-8.0,3.0,3.0,12.0,-5.0,-4.0,-8.0,4.0,-1.0,-5.0,-19.0,-5.0,1.0,-1.0,-2.0,5.0,-3.0,2.0,-17.0,-14.0,6.0,-6.0,2.0,1.0,-1.0,16.0,-8.0,3.0,-8.0,8.0,-1.0,0.0,-19.0,5.0,2.0,-9.0,1.0,1.0,2.0,-1.0,1.0,-2.0,10.0,4.0,8.0,-11.0,3.0,3.0,-5.0,-5.0,-1.0,0.0,4.0,1.0,-8.0,-8.0,7.0
-3.0,10.0,6.0,7.0,9.0,-4.0,-5.0,3.0,8.0,-4.0,-1.0,-2.0,3.0,0.0,0.0,8.0,9.0,2.0,-6.0,12.0,-5.0,14.0,3.0,-15.0,-3.0,7.0,0.0,-8.0,-1.0,-2.0,3.0,5.0,-7.0,0.0,11.0,-13.0,0.0,-3.0,-2.0,1.0,16.0,9.0,8.0,5.0,2.0,4.0,6.0,-3.0,-2.0,-12.0,-1.0,2.0,6.0,-9.0,2.0,7.0,3.0,-7.0,2.0,-5.0,18.0,5.0,-3.0,-1.0,2.0,2.0,-5.0,-5.0,-10.0,0.0,-1.0,4.0,-12.0,6.0,13.0
0.0,0.0,0.0,7.0,-1.0,10.0,15.0,-1.0,-3.0,8.0,-6.0,-8.0,9.0,16.0,5.0,10.0,-1.0,11.0,-2.0,2.0,17.0,6.0,4.0,7.0,9.0,-2.0,8.0,0.0,1.0,0.0,10.0,2.0,7.0,10.0,1.0,-4.0,5.0,-4.0,9.0,-10.0,5.0,-4.0,4.0,-5.0,8.0,5.0,5.0,11.0,7.0,3.0,1.0,-2.0,-2.0,3.0,4.0,9.0,6.0,13.0,-6.0,6.0,2.0,12.0,-5.0,2.0,12.0,3.0,-1.0,-10.0,5.0,10.0,-6.0,12.0,-1.0,14.0,5.0
1.0,-7.0,-3.0,-6.0,3.0,1.0,3.0,2.0,-2.0,-1.0,3.0,-4.0,10.0,19.0,0.0,17.0,-2.0,14.0,3.0,3.0,2.0,0.0,3.0,0.0,3.0,-1.0,7.0,-1.0,-6.0,1.0,4.0,0.0,6.0,10.0,-5.0,-8.0,0.0,0.0,4.0,-2.0,1.0,-2.0,-6.0,-6.0,19.0,4.0,6.0,13.0,10.0,6.0,5.0,-8.0,-9.0,6.0,13.0,9.0,-7.0,4.0,-8.0,2.0,2.0,4.0,-1.0,0.0,16.0,2.0,0.0,0.0,10.0,7.0,-3.0,9.0,1.0,13.0,-3.0
-6.0,1.0,5.0,10.0,-1.0,8.0,8.0,10.0,3.0,4.0,1.0,-6.0,2.0,9.0,-6.0,5.0,2.0,5.0,-5.0,7.0,3.0,8.0,6.0,-8.0,-1.0,5.0,4.0,-8.0,-10.0,2.0,-2.0,-8.0,-3.0,6.0,2.0,-4.0,-10.0,-11.0,-6.0,1.0,-3.0,6.0,-2.0,9.0,-6.0,-4.0,-1.0,-10.0,-7.0,-1.0,-12.0,3.0,3.0,-1.0,-2.0,5.0,4.0,-9.0,-4.0,-7.0,-2.0,4.0,-1.0,-5.0,5.0,2.0,4.0,-1.0,-6.0,-3.0,-6.0,-2.0,-12.0,6.0,8.0
2.0,-10.0,-2.0,-10.0,-1.0,10.0,13.0,1.0,-2.0,2.0,-5.0,-2.0,9.0,10.0,3.0,15.0,7.0,5.0,0.0,-1.0,9.0,0.0,15.0,1.0,5.0,-5.0,11.0,-5.0,2.0,-4.0,13.0,-3.0,8.0,7.0,7.0,7.0,5.0,5.0,6.0,1.0,-2.0,7.0,-4.0,4.0,3.0,0.0,-4.0,10.0,7.0,4.0,-5.0,-5.0,-1.0,0.0,12.0,2.0,4.0,2.0,-2.0,6.0,0.0,6.0,-2.0,-4.0,1.0,3.0,1.0,4.0,12.0,9.0,-2.0,10.0,7.0,7.0,4.0
4.0,-4.0,-2.0,14.0,9.0,-4.0,4.0,7.0,-13.0,5.0,0.0,-6.0,0.0,-1.0,-1.0,0.0,8.0,-5.0,-6.0,6.0,5.0,-1.0,4.0,-12.0,-5.0,11.0,-1.0,-5.0,2.0,3.0,-2.0,-5.0,4.0,-4.0,-7.0,-11.0,-9.0,-6.0,-7.0,-14.0,6.0,7.0,-6.0,1.0,3.0,-5.0,8.0,8.0,6.0,2.0,4.0,11.0,0.0,-10.0,9.0,8.0,15.0,0.0,-3.0,-4.0,11.0,1.0,-5.0,1.0,0.0,13.0,-8.0,-12.0,-1.0,1.0,-12.0,7.0,-2.0,-1.0,-4.0
0.0,-3.0,1.0,10.0,-10.0,14.0,9.0,1.0,4.0,1.0,2.0,-8.0,7.0,11.0,-2.0,10.0,-4.0,14.0,-1.0,-5.0,19.0,0.0,9.0,-3.0,14.0,0.0,13.0,-6.0,-4.0,-3.0,10.0,3.0,10.0,6.0,3.0,-4.0,-5.0,-3.0,17.0,1.0,4.0,3.0,-3.0,-10.0,7.0,7.0,6.0,14.0,4.0,-2.0,-5.0,1.0,-3.0,0.0,3.0,16.0,3.0,6.0,4.0,-2.0,-4.0,7.0,3.0,-9.0,13.0,-9.0,-8.0,6.0,14.0,13.0,6.0,7.0,-1.0,8.0,2.0
6.0,10.0,6.0,-5.0,-6.0,-2.0,1.0,1.0,-3.0,-5.0,19.0,5.0,-4.0,-6.0,13.0,-8.0,-5.0,-1.0,-2.0,-8.0,0.0,-12.0,5.0,1.0,-7.0,-5.0,1.0,4.0,-4.0,0.0,-2.0,3.0,-5.0,3.0,-4.0,-3.0,5.0,8.0,-3.0,6.0,-3.0,-6.0,-8.0,-10.0,-3.0,-6.0,-2.0,3.0,3.0,-3.0,0.0,-13.0,4.0,-4.0,0.0,-3.0,-10.0,-4.0,4.0,16.0,0.0,1.0,-7.0,0.0,-4.0,-16.0,7.0,13.0,5.0,-3.0,8.0,4.0,-4.0,2.0,5.0
